6	0	0.0751617	38.238
6.08081	0	0.0751617	38.9494
6.16162	0	0.0751617	39.5262
6.24242	0	0.0751617	39.9913
6.32323	0	0.0751617	40.3638
6.40404	0	0.0751617	40.6593
6.48485	0	0.0751617	40.8909
6.56566	0	0.0751617	41.0695
6.64646	0	0.0751617	41.204
6.72727	0	0.0751617	41.302
6.80808	0	0.0751617	41.3696
6.88889	0	0.0751617	41.412
6.9697	0	0.0751617	41.4335
7.05051	0	0.0751617	41.4376
7.13131	0	0.0751617	41.4273
7.21212	0	0.0751617	41.405
7.29293	0	0.0751617	41.3728
7.37374	0	0.0751617	41.3323
7.45455	0	0.0751617	41.285
7.53535	0	0.0751617	41.232
7.61616	0	0.0751617	41.1742
7.69697	0	0.0751617	41.1126
7.77778	0	0.0751617	41.0476
7.85859	0	0.0751617	40.98
7.93939	0	0.0751617	40.9101
8.0202	0	0.0751617	40.8383
8.10101	0	0.0751617	40.765
8.18182	0	0.0751617	40.6903
8.26263	0	0.0751617	40.6146
8.34343	0	0.0751617	40.538
8.42424	0	0.0751617	40.4605
8.50505	0	0.0751617	40.3825
8.58586	0	0.0751617	40.3039
8.66667	0	0.0751617	40.2248
8.74747	0	0.0751617	40.1453
8.82828	0	0.0751617	40.0654
8.90909	0	0.0751617	39.9851
8.9899	0	0.0751617	39.9046
9.07071	0	0.0751617	39.8237
9.15152	0	0.0751617	39.7426
9.23232	0	0.0751617	39.6611
9.31313	0	0.0751617	39.5792
9.39394	0	0.0751617	39.497
9.47475	0	0.0751617	39.4143
9.55556	0	0.0751617	39.3311
9.63636	0	0.0751617	39.2473
9.71717	0	0.0751617	39.1629
9.79798	0	0.0751617	39.0776
9.87879	0	0.0751617	38.9914
9.9596	0	0.0751617	38.904
10.0404	0	0.0751617	38.8152
10.1212	0	0.0751617	38.7248
10.202	0	0.0751617	38.6323
10.2828	0	0.0751617	38.5375
10.3636	0	0.0751617	38.4397
10.4444	0	0.0751617	38.3385
10.5253	0	0.0751617	38.2331
10.6061	0	0.0751617	38.1227
10.6869	0	0.0751617	38.0062
10.7677	0	0.0751617	37.8824
10.8485	0	0.0751617	37.7498
10.9293	0	0.0751617	37.6066
11.0101	0	0.0751617	37.4507
11.0909	0	0.0751617	37.2793
11.1717	0	0.0751617	37.0895
11.2525	0	0.0751617	36.8773
11.3333	0	0.0751617	36.6383
11.4141	0	0.0751617	36.367
11.4949	0	0.0751617	36.0566
11.5758	0	0.0751617	35.6993
11.6566	0	0.0751617	35.2855
11.7374	0	0.0751617	34.8036
11.8182	0	0.0751617	34.2397
11.899	0	0.0751617	33.5769
11.9798	0	0.0751617	32.7952
12.0606	0	0.0751617	31.87
12.1414	0	0.0751617	30.7723
12.2222	0	0.0751617	29.4665
12.303	0	0.0751617	27.9103
12.3838	0	0.0751617	26.0523
12.4646	0	0.0751617	23.8309
12.5455	0	0.0751617	21.1717
12.6263	0	0.0751617	17.9852
12.7071	0	0.0751617	14.1636
12.7879	0	0.0751617	9.57706
12.8687	0	0.0751617	4.06902
12.9495	0	0.0751617	-2.5489
13.0303	0	0.0751617	-10.5037
13.1111	0	0.0751617	-20.0687
13.1919	0	0.0751617	-31.5733
13.2727	0	0.0751617	-45.4141
13.3535	0	0.0751617	-62.0689
13.4343	0	0.0751617	-82.1131
13.5152	0	0.0751617	-106.24
13.596	0	0.0751617	-135.284
13.6768	0	0.0751617	-170.252
13.7576	0	0.0751617	-212.354
13.8384	0	0.0751617	-263.049
13.9192	0	0.0751617	-100
14	0	0.0751617	-100
6	1	0.140371	39.0016
6.08081	1	0.140371	39.6435
6.16162	1	0.140371	40.1627
6.24242	1	0.140371	40.5801
6.32323	1	0.140371	40.9128
6.40404	1	0.140371	41.1754
6.48485	1	0.140371	41.3796
6.56566	1	0.140371	41.5355
6.64646	1	0.140371	41.6512
6.72727	1	0.140371	41.7335
6.80808	1	0.140371	41.7881
6.88889	1	0.140371	41.8197
6.9697	1	0.140371	41.8322
7.05051	1	0.140371	41.8289
7.13131	1	0.140371	41.8124
7.21212	1	0.140371	41.785
7.29293	1	0.140371	41.7486
7.37374	1	0.140371	41.7046
7.45455	1	0.140371	41.6543
7.53535	1	0.140371	41.5988
7.61616	1	0.140371	41.5391
7.69697	1	0.140371	41.4757
7.77778	1	0.140371	41.4094
7.85859	1	0.140371	41.3406
7.93939	1	0.140371	41.2698
8.0202	1	0.140371	41.1972
8.10101	1	0.140371	41.1232
8.18182	1	0.140371	41.048
8.26263	1	0.140371	40.9719
8.34343	1	0.140371	40.8949
8.42424	1	0.140371	40.8172
8.50505	1	0.140371	40.7389
8.58586	1	0.140371	40.6601
8.66667	1	0.140371	40.5809
8.74747	1	0.140371	40.5013
8.82828	1	0.140371	40.4213
8.90909	1	0.140371	40.3411
8.9899	1	0.140371	40.2605
9.07071	1	0.140371	40.1797
9.15152	1	0.140371	40.0986
9.23232	1	0.140371	40.0173
9.31313	1	0.140371	39.9356
9.39394	1	0.140371	39.8536
9.47475	1	0.140371	39.7712
9.55556	1	0.140371	39.6884
9.63636	1	0.140371	39.605
9.71717	1	0.140371	39.5211
9.79798	1	0.140371	39.4365
9.87879	1	0.140371	39.351
9.9596	1	0.140371	39.2646
10.0404	1	0.140371	39.177
10.1212	1	0.140371	39.0879
10.202	1	0.140371	38.9971
10.2828	1	0.140371	38.9043
10.3636	1	0.140371	38.809
10.4444	1	0.140371	38.7107
10.5253	1	0.140371	38.6089
10.6061	1	0.140371	38.5027
10.6869	1	0.140371	38.3913
10.7677	1	0.140371	38.2737
10.8485	1	0.140371	38.1485
10.9293	1	0.140371	38.0143
11.0101	1	0.140371	37.8691
11.0909	1	0.140371	37.7108
11.1717	1	0.140371	37.5366
11.2525	1	0.140371	37.3433
11.3333	1	0.140371	37.127
11.4141	1	0.140371	36.883
11.4949	1	0.140371	36.6056
11.5758	1	0.140371	36.288
11.6566	1	0.140371	35.922
11.7374	1	0.140371	35.4976
11.8182	1	0.140371	35.0031
11.899	1	0.140371	34.4238
11.9798	1	0.140371	33.7427
12.0606	1	0.140371	32.9388
12.1414	1	0.140371	31.987
12.2222	1	0.140371	30.8571
12.303	1	0.140371	29.5126
12.3838	1	0.140371	27.9097
12.4646	1	0.140371	25.9956
12.5455	1	0.140371	23.7065
12.6263	1	0.140371	20.9658
12.7071	1	0.140371	17.6812
12.7879	1	0.140371	13.7413
12.8687	1	0.140371	9.01232
12.9495	1	0.140371	3.33274
13.0303	1	0.140371	-3.49182
13.1111	1	0.140371	-11.6955
13.1919	1	0.140371	-21.5603
13.2727	1	0.140371	-33.426
13.3535	1	0.140371	-47.7018
13.4343	1	0.140371	-64.8804
13.5152	1	0.140371	-85.5557
13.596	1	0.140371	-110.443
13.6768	1	0.140371	-140.402
13.7576	1	0.140371	-176.472
13.8384	1	0.140371	-219.903
13.9192	1	0.140371	-272.198
14	1	0.140371	-100
6	2	0.20558	39.4284
6.08081	2	0.20558	40.0448
6.16162	2	0.20558	40.5429
6.24242	2	0.20558	40.9426
6.32323	2	0.20558	41.2608
6.40404	2	0.20558	41.5112
6.48485	2	0.20558	41.7054
6.56566	2	0.20558	41.853
6.64646	2	0.20558	41.9617
6.72727	2	0.20558	42.0383
6.80808	2	0.20558	42.0881
6.88889	2	0.20558	42.1158
6.9697	2	0.20558	42.125
7.05051	2	0.20558	42.1189
7.13131	2	0.20558	42.1002
7.21212	2	0.20558	42.0709
7.29293	2	0.20558	42.0329
7.37374	2	0.20558	41.9876
7.45455	2	0.20558	41.9362
7.53535	2	0.20558	41.8799
7.61616	2	0.20558	41.8194
7.69697	2	0.20558	41.7554
7.77778	2	0.20558	41.6886
7.85859	2	0.20558	41.6194
7.93939	2	0.20558	41.5482
8.0202	2	0.20558	41.4753
8.10101	2	0.20558	41.4011
8.18182	2	0.20558	41.3257
8.26263	2	0.20558	41.2494
8.34343	2	0.20558	41.1723
8.42424	2	0.20558	41.0945
8.50505	2	0.20558	41.0161
8.58586	2	0.20558	40.9373
8.66667	2	0.20558	40.858
8.74747	2	0.20558	40.7784
8.82828	2	0.20558	40.6985
8.90909	2	0.20558	40.6183
8.9899	2	0.20558	40.5378
9.07071	2	0.20558	40.457
9.15152	2	0.20558	40.376
9.23232	2	0.20558	40.2947
9.31313	2	0.20558	40.2132
9.39394	2	0.20558	40.1313
9.47475	2	0.20558	40.0491
9.55556	2	0.20558	39.9666
9.63636	2	0.20558	39.8835
9.71717	2	0.20558	39.8
9.79798	2	0.20558	39.7158
9.87879	2	0.20558	39.6309
9.9596	2	0.20558	39.5451
10.0404	2	0.20558	39.4582
10.1212	2	0.20558	39.3701
10.202	2	0.20558	39.2805
10.2828	2	0.20558	39.189
10.3636	2	0.20558	39.0954
10.4444	2	0.20558	38.9991
10.5253	2	0.20558	38.8996
10.6061	2	0.20558	38.7963
10.6869	2	0.20558	38.6884
10.7677	2	0.20558	38.5749
10.8485	2	0.20558	38.4548
10.9293	2	0.20558	38.3266
11.0101	2	0.20558	38.1887
11.0909	2	0.20558	38.0392
11.1717	2	0.20558	37.8756
11.2525	2	0.20558	37.695
11.3333	2	0.20558	37.4941
11.4141	2	0.20558	37.2685
11.4949	2	0.20558	37.0134
11.5758	2	0.20558	36.7227
11.6566	2	0.20558	36.389
11.7374	2	0.20558	36.0035
11.8182	2	0.20558	35.5558
11.899	2	0.20558	35.0331
11.9798	2	0.20558	34.4199
12.0606	2	0.20558	33.6979
12.1414	2	0.20558	32.8448
12.2222	2	0.20558	31.8337
12.303	2	0.20558	30.6324
12.3838	2	0.20558	29.202
12.4646	2	0.20558	27.4955
12.5455	2	0.20558	25.4566
12.6263	2	0.20558	23.0173
12.7071	2	0.20558	20.0956
12.7879	2	0.20558	16.593
12.8687	2	0.20558	12.3905
12.9495	2	0.20558	7.34522
13.0303	2	0.20558	1.28466
13.1111	2	0.20558	-5.99879
13.1919	2	0.20558	-14.7552
13.2727	2	0.20558	-25.2858
13.3535	2	0.20558	-37.9534
13.4343	2	0.20558	-53.1951
13.5152	2	0.20558	-71.5372
13.596	2	0.20558	-93.6138
13.6768	2	0.20558	-120.189
13.7576	2	0.20558	-152.182
13.8384	2	0.20558	-190.701
13.9192	2	0.20558	-237.081
14	2	0.20558	-100
6	3	0.27079	39.8375
6.08081	3	0.27079	40.4255
6.16162	3	0.27079	40.9
6.24242	3	0.27079	41.2802
6.32323	3	0.27079	41.5821
6.40404	3	0.27079	41.819
6.48485	3	0.27079	42.002
6.56566	3	0.27079	42.1402
6.64646	3	0.27079	42.2412
6.72727	3	0.27079	42.3114
6.80808	3	0.27079	42.3559
6.88889	3	0.27079	42.3791
6.9697	3	0.27079	42.3847
7.05051	3	0.27079	42.3756
7.13131	3	0.27079	42.3543
7.21212	3	0.27079	42.3229
7.29293	3	0.27079	42.2832
7.37374	3	0.27079	42.2364
7.45455	3	0.27079	42.1839
7.53535	3	0.27079	42.1265
7.61616	3	0.27079	42.0652
7.69697	3	0.27079	42.0006
7.77778	3	0.27079	41.9332
7.85859	3	0.27079	41.8635
7.93939	3	0.27079	41.7919
8.0202	3	0.27079	41.7187
8.10101	3	0.27079	41.6442
8.18182	3	0.27079	41.5686
8.26263	3	0.27079	41.4921
8.34343	3	0.27079	41.4149
8.42424	3	0.27079	41.337
8.50505	3	0.27079	41.2585
8.58586	3	0.27079	41.1796
8.66667	3	0.27079	41.1003
8.74747	3	0.27079	41.0207
8.82828	3	0.27079	40.9407
8.90909	3	0.27079	40.8605
8.9899	3	0.27079	40.78
9.07071	3	0.27079	40.6993
9.15152	3	0.27079	40.6183
9.23232	3	0.27079	40.5371
9.31313	3	0.27079	40.4557
9.39394	3	0.27079	40.374
9.47475	3	0.27079	40.2919
9.55556	3	0.27079	40.2095
9.63636	3	0.27079	40.1267
9.71717	3	0.27079	40.0435
9.79798	3	0.27079	39.9596
9.87879	3	0.27079	39.8751
9.9596	3	0.27079	39.7898
10.0404	3	0.27079	39.7036
10.1212	3	0.27079	39.6162
10.202	3	0.27079	39.5275
10.2828	3	0.27079	39.4371
10.3636	3	0.27079	39.3447
10.4444	3	0.27079	39.2499
10.5253	3	0.27079	39.1523
10.6061	3	0.27079	39.0513
10.6869	3	0.27079	38.9461
10.7677	3	0.27079	38.8358
10.8485	3	0.27079	38.7196
10.9293	3	0.27079	38.5962
11.0101	3	0.27079	38.464
11.0909	3	0.27079	38.3212
11.1717	3	0.27079	38.1659
11.2525	3	0.27079	37.9952
11.3333	3	0.27079	37.8063
11.4141	3	0.27079	37.5951
11.4949	3	0.27079	37.3574
11.5758	3	0.27079	37.0875
11.6566	3	0.27079	36.779
11.7374	3	0.27079	36.4239
11.8182	3	0.27079	36.0127
11.899	3	0.27079	35.5339
11.9798	3	0.27079	34.9738
12.0606	3	0.27079	34.3156
12.1414	3	0.27079	33.5393
12.2222	3	0.27079	32.6209
12.303	3	0.27079	31.5311
12.3838	3	0.27079	30.235
12.4646	3	0.27079	28.6903
12.5455	3	0.27079	26.8463
12.6263	3	0.27079	24.6417
12.7071	3	0.27079	22.0028
12.7879	3	0.27079	18.8408
12.8687	3	0.27079	15.0486
12.9495	3	0.27079	10.4975
13.0303	3	0.27079	5.0321
13.1111	3	0.27079	-1.53442
13.1919	3	0.27079	-9.4273
13.2727	3	0.27079	-18.9178
13.3535	3	0.27079	-30.3325
13.4343	3	0.27079	-44.0651
13.5152	3	0.27079	-60.5896
13.596	3	0.27079	-80.4768
13.6768	3	0.27079	-104.415
13.7576	3	0.27079	-133.231
13.8384	3	0.27079	-167.924
13.9192	3	0.27079	-209.696
14	3	0.27079	-259.993
6	4	0.335999	40.3596
6.08081	4	0.335999	40.8966
6.16162	4	0.335999	41.3287
6.24242	4	0.335999	41.6737
6.32323	4	0.335999	41.9464
6.40404	4	0.335999	42.1591
6.48485	4	0.335999	42.322
6.56566	4	0.335999	42.4435
6.64646	4	0.335999	42.5306
6.72727	4	0.335999	42.5892
6.80808	4	0.335999	42.6242
6.88889	4	0.335999	42.6395
6.9697	4	0.335999	42.6385
7.05051	4	0.335999	42.6239
7.13131	4	0.335999	42.5981
7.21212	4	0.335999	42.5629
7.29293	4	0.335999	42.52
7.37374	4	0.335999	42.4707
7.45455	4	0.335999	42.416
7.53535	4	0.335999	42.3568
7.61616	4	0.335999	42.294
7.69697	4	0.335999	42.2281
7.77778	4	0.335999	42.1597
7.85859	4	0.335999	42.0892
7.93939	4	0.335999	42.0169
8.0202	4	0.335999	41.9431
8.10101	4	0.335999	41.8682
8.18182	4	0.335999	41.7922
8.26263	4	0.335999	41.7154
8.34343	4	0.335999	41.6378
8.42424	4	0.335999	41.5597
8.50505	4	0.335999	41.4811
8.58586	4	0.335999	41.402
8.66667	4	0.335999	41.3226
8.74747	4	0.335999	41.2429
8.82828	4	0.335999	41.1629
8.90909	4	0.335999	41.0826
8.9899	4	0.335999	41.0021
9.07071	4	0.335999	40.9214
9.15152	4	0.335999	40.8405
9.23232	4	0.335999	40.7593
9.31313	4	0.335999	40.6779
9.39394	4	0.335999	40.5963
9.47475	4	0.335999	40.5144
9.55556	4	0.335999	40.4321
9.63636	4	0.335999	40.3495
9.71717	4	0.335999	40.2665
9.79798	4	0.335999	40.1829
9.87879	4	0.335999	40.0988
9.9596	4	0.335999	40.0139
10.0404	4	0.335999	39.9281
10.1212	4	0.335999	39.8414
10.202	4	0.335999	39.7533
10.2828	4	0.335999	39.6638
10.3636	4	0.335999	39.5725
10.4444	4	0.335999	39.479
10.5253	4	0.335999	39.383
10.6061	4	0.335999	39.2837
10.6869	4	0.335999	39.1808
10.7677	4	0.335999	39.0733
10.8485	4	0.335999	38.9603
10.9293	4	0.335999	38.8407
11.0101	4	0.335999	38.7132
11.0909	4	0.335999	38.5762
11.1717	4	0.335999	38.4277
11.2525	4	0.335999	38.2653
11.3333	4	0.335999	38.0862
11.4141	4	0.335999	37.887
11.4949	4	0.335999	37.6636
11.5758	4	0.335999	37.4111
11.6566	4	0.335999	37.1234
11.7374	4	0.335999	36.7935
11.8182	4	0.335999	36.4126
11.899	4	0.335999	35.9703
11.9798	4	0.335999	35.4541
12.0606	4	0.335999	34.8488
12.1414	4	0.335999	34.1363
12.2222	4	0.335999	33.2946
12.303	4	0.335999	32.2973
12.3838	4	0.335999	31.1126
12.4646	4	0.335999	29.7021
12.5455	4	0.335999	28.0197
12.6263	4	0.335999	26.0098
12.7071	4	0.335999	23.6053
12.7879	4	0.335999	20.7257
12.8687	4	0.335999	17.2737
12.9495	4	0.335999	13.1322
13.0303	4	0.335999	8.16039
13.1111	4	0.335999	2.18831
13.1919	4	0.335999	-4.98855
13.2727	4	0.335999	-13.6166
13.3535	4	0.335999	-23.9926
13.4343	4	0.335999	-36.4739
13.5152	4	0.335999	-51.4912
13.596	4	0.335999	-69.5631
13.6768	4	0.335999	-91.3143
13.7576	4	0.335999	-117.497
13.8384	4	0.335999	-149.018
13.9192	4	0.335999	-186.968
14	4	0.335999	-232.663
6	5	0.401208	40.8469
6.08081	5	0.401208	41.3364
6.16162	5	0.401208	41.7291
6.24242	5	0.401208	42.0415
6.32323	5	0.401208	42.2871
6.40404	5	0.401208	42.4772
6.48485	5	0.401208	42.6214
6.56566	5	0.401208	42.7273
6.64646	5	0.401208	42.8016
6.72727	5	0.401208	42.8495
6.80808	5	0.401208	42.8756
6.88889	5	0.401208	42.8835
6.9697	5	0.401208	42.8764
7.05051	5	0.401208	42.8567
7.13131	5	0.401208	42.8267
7.21212	5	0.401208	42.788
7.29293	5	0.401208	42.7422
7.37374	5	0.401208	42.6904
7.45455	5	0.401208	42.6337
7.53535	5	0.401208	42.5729
7.61616	5	0.401208	42.5087
7.69697	5	0.401208	42.4417
7.77778	5	0.401208	42.3723
7.85859	5	0.401208	42.301
7.93939	5	0.401208	42.2281
8.0202	5	0.401208	42.1538
8.10101	5	0.401208	42.0784
8.18182	5	0.401208	42.002
8.26263	5	0.401208	41.9249
8.34343	5	0.401208	41.8471
8.42424	5	0.401208	41.7688
8.50505	5	0.401208	41.69
8.58586	5	0.401208	41.6108
8.66667	5	0.401208	41.5313
8.74747	5	0.401208	41.4515
8.82828	5	0.401208	41.3714
8.90909	5	0.401208	41.2911
8.9899	5	0.401208	41.2106
9.07071	5	0.401208	41.1299
9.15152	5	0.401208	41.0489
9.23232	5	0.401208	40.9678
9.31313	5	0.401208	40.8865
9.39394	5	0.401208	40.8049
9.47475	5	0.401208	40.7231
9.55556	5	0.401208	40.641
9.63636	5	0.401208	40.5585
9.71717	5	0.401208	40.4757
9.79798	5	0.401208	40.3924
9.87879	5	0.401208	40.3085
9.9596	5	0.401208	40.224
10.0404	5	0.401208	40.1387
10.1212	5	0.401208	40.0524
10.202	5	0.401208	39.965
10.2828	5	0.401208	39.8763
10.3636	5	0.401208	39.7859
10.4444	5	0.401208	39.6935
10.5253	5	0.401208	39.5987
10.6061	5	0.401208	39.5011
10.6869	5	0.401208	39.4001
10.7677	5	0.401208	39.2949
10.8485	5	0.401208	39.1847
10.9293	5	0.401208	39.0685
11.0101	5	0.401208	38.9451
11.0909	5	0.401208	38.813
11.1717	5	0.401208	38.6703
11.2525	5	0.401208	38.515
11.3333	5	0.401208	38.3445
11.4141	5	0.401208	38.1556
11.4949	5	0.401208	37.9447
11.5758	5	0.401208	37.7071
11.6566	5	0.401208	37.4374
11.7374	5	0.401208	37.1291
11.8182	5	0.401208	36.7743
11.899	5	0.401208	36.3635
11.9798	5	0.401208	35.8852
12.0606	5	0.401208	35.3256
12.1414	5	0.401208	34.668
12.2222	5	0.401208	33.8926
12.303	5	0.401208	32.975
12.3838	5	0.401208	31.8864
12.4646	5	0.401208	30.5916
12.5455	5	0.401208	29.0486
12.6263	5	0.401208	27.2065
12.7071	5	0.401208	25.0043
12.7879	5	0.401208	22.3682
12.8687	5	0.401208	19.2096
12.9495	5	0.401208	15.4216
13.0303	5	0.401208	10.8754
13.1111	5	0.401208	5.41598
13.1919	5	0.401208	-1.14334
13.2727	5	0.401208	-9.02754
13.3535	5	0.401208	-18.5076
13.4343	5	0.401208	-29.9098
13.5152	5	0.401208	-43.6272
13.596	5	0.401208	-60.1334
13.6768	5	0.401208	-79.9987
13.7576	5	0.401208	-103.91
13.8384	5	0.401208	-132.695
13.9192	5	0.401208	-167.349
14	5	0.401208	-209.074
6	6	0.466417	41.2211
6.08081	6	0.466417	41.681
6.16162	6	0.466417	42.0491
6.24242	6	0.466417	42.341
6.32323	6	0.466417	42.5696
6.40404	6	0.466417	42.7456
6.48485	6	0.466417	42.8781
6.56566	6	0.466417	42.9743
6.64646	6	0.466417	43.0405
6.72727	6	0.466417	43.0818
6.80808	6	0.466417	43.1023
6.88889	6	0.466417	43.1056
6.9697	6	0.466417	43.0946
7.05051	6	0.466417	43.0718
7.13131	6	0.466417	43.0391
7.21212	6	0.466417	42.9982
7.29293	6	0.466417	42.9506
7.37374	6	0.466417	42.8973
7.45455	6	0.466417	42.8394
7.53535	6	0.466417	42.7775
7.61616	6	0.466417	42.7125
7.69697	6	0.466417	42.6447
7.77778	6	0.466417	42.5748
7.85859	6	0.466417	42.5029
7.93939	6	0.466417	42.4296
8.0202	6	0.466417	42.355
8.10101	6	0.466417	42.2793
8.18182	6	0.466417	42.2027
8.26263	6	0.466417	42.1254
8.34343	6	0.466417	42.0474
8.42424	6	0.466417	41.969
8.50505	6	0.466417	41.8901
8.58586	6	0.466417	41.8108
8.66667	6	0.466417	41.7312
8.74747	6	0.466417	41.6514
8.82828	6	0.466417	41.5713
8.90909	6	0.466417	41.4909
8.9899	6	0.466417	41.4104
9.07071	6	0.466417	41.3297
9.15152	6	0.466417	41.2488
9.23232	6	0.466417	41.1678
9.31313	6	0.466417	41.0865
9.39394	6	0.466417	41.005
9.47475	6	0.466417	40.9233
9.55556	6	0.466417	40.8413
9.63636	6	0.466417	40.7589
9.71717	6	0.466417	40.6763
9.79798	6	0.466417	40.5932
9.87879	6	0.466417	40.5095
9.9596	6	0.466417	40.4253
10.0404	6	0.466417	40.3404
10.1212	6	0.466417	40.2546
10.202	6	0.466417	40.1677
10.2828	6	0.466417	40.0796
10.3636	6	0.466417	39.99
10.4444	6	0.466417	39.8986
10.5253	6	0.466417	39.805
10.6061	6	0.466417	39.7087
10.6869	6	0.466417	39.6094
10.7677	6	0.466417	39.5062
10.8485	6	0.466417	39.3984
10.9293	6	0.466417	39.2851
11.0101	6	0.466417	39.1652
11.0909	6	0.466417	39.0372
11.1717	6	0.466417	38.8996
11.2525	6	0.466417	38.7504
11.3333	6	0.466417	38.5873
11.4141	6	0.466417	38.4072
11.4949	6	0.466417	38.2069
11.5758	6	0.466417	37.9822
11.6566	6	0.466417	37.728
11.7374	6	0.466417	37.4383
11.8182	6	0.466417	37.1059
11.899	6	0.466417	36.7221
11.9798	6	0.466417	36.2763
12.0606	6	0.466417	35.7559
12.1414	6	0.466417	35.1456
12.2222	6	0.466417	34.427
12.303	6	0.466417	33.578
12.3838	6	0.466417	32.5718
12.4646	6	0.466417	31.3764
12.5455	6	0.466417	29.9531
12.6263	6	0.466417	28.2553
12.7071	6	0.466417	26.2267
12.7879	6	0.466417	23.7998
12.8687	6	0.466417	20.8932
12.9495	6	0.466417	17.4086
13.0303	6	0.466417	13.228
13.1111	6	0.466417	8.20893
13.1919	6	0.466417	2.17998
13.2727	6	0.466417	-5.06539
13.3535	6	0.466417	-13.7759
13.4343	6	0.466417	-24.2513
13.5152	6	0.466417	-36.8523
13.596	6	0.466417	-52.0139
13.6768	6	0.466417	-70.2594
13.7576	6	0.466417	-92.2198
13.8384	6	0.466417	-118.655
13.9192	6	0.466417	-150.479
14	6	0.466417	-188.795
6	7	0.531627	41.4431
6.08081	7	0.531627	41.8952
6.16162	7	0.531627	42.2568
6.24242	7	0.531627	42.5433
6.32323	7	0.531627	42.7674
6.40404	7	0.531627	42.9398
6.48485	7	0.531627	43.0691
6.56566	7	0.531627	43.1628
6.64646	7	0.531627	43.2269
6.72727	7	0.531627	43.2664
6.80808	7	0.531627	43.2854
6.88889	7	0.531627	43.2875
6.9697	7	0.531627	43.2755
7.05051	7	0.531627	43.2518
7.13131	7	0.531627	43.2185
7.21212	7	0.531627	43.177
7.29293	7	0.531627	43.1289
7.37374	7	0.531627	43.0752
7.45455	7	0.531627	43.017
7.53535	7	0.531627	42.9549
7.61616	7	0.531627	42.8896
7.69697	7	0.531627	42.8216
7.77778	7	0.531627	42.7515
7.85859	7	0.531627	42.6796
7.93939	7	0.531627	42.6061
8.0202	7	0.531627	42.5314
8.10101	7	0.531627	42.4556
8.18182	7	0.531627	42.379
8.26263	7	0.531627	42.3016
8.34343	7	0.531627	42.2237
8.42424	7	0.531627	42.1452
8.50505	7	0.531627	42.0663
8.58586	7	0.531627	41.987
8.66667	7	0.531627	41.9074
8.74747	7	0.531627	41.8276
8.82828	7	0.531627	41.7475
8.90909	7	0.531627	41.6672
8.9899	7	0.531627	41.5867
9.07071	7	0.531627	41.5061
9.15152	7	0.531627	41.4252
9.23232	7	0.531627	41.3442
9.31313	7	0.531627	41.263
9.39394	7	0.531627	41.1816
9.47475	7	0.531627	41.1
9.55556	7	0.531627	41.0182
9.63636	7	0.531627	40.936
9.71717	7	0.531627	40.8536
9.79798	7	0.531627	40.7708
9.87879	7	0.531627	40.6875
9.9596	7	0.531627	40.6037
10.0404	7	0.531627	40.5192
10.1212	7	0.531627	40.434
10.202	7	0.531627	40.3478
10.2828	7	0.531627	40.2605
10.3636	7	0.531627	40.1719
10.4444	7	0.531627	40.0817
10.5253	7	0.531627	39.9896
10.6061	7	0.531627	39.8951
10.6869	7	0.531627	39.7978
10.7677	7	0.531627	39.6972
10.8485	7	0.531627	39.5925
10.9293	7	0.531627	39.4829
11.0101	7	0.531627	39.3675
11.0909	7	0.531627	39.2449
11.1717	7	0.531627	39.1138
11.2525	7	0.531627	38.9725
11.3333	7	0.531627	38.8187
11.4141	7	0.531627	38.65
11.4949	7	0.531627	38.4633
11.5758	7	0.531627	38.255
11.6566	7	0.531627	38.0206
11.7374	7	0.531627	37.7548
11.8182	7	0.531627	37.4512
11.899	7	0.531627	37.102
11.9798	7	0.531627	36.698
12.0606	7	0.531627	36.2278
12.1414	7	0.531627	35.678
12.2222	7	0.531627	35.0322
12.303	7	0.531627	34.271
12.3838	7	0.531627	33.3706
12.4646	7	0.531627	32.3026
12.5455	7	0.531627	31.0326
12.6263	7	0.531627	29.5196
12.7071	7	0.531627	27.7136
12.7879	7	0.531627	25.5548
12.8687	7	0.531627	22.971
12.9495	7	0.531627	19.8754
13.0303	7	0.531627	16.1633
13.1111	7	0.531627	11.7085
13.1919	7	0.531627	6.35925
13.2727	7	0.531627	-0.0674225
13.3535	7	0.531627	-7.79185
13.4343	7	0.531627	-17.0794
13.5152	7	0.531627	-28.2498
13.596	7	0.531627	-41.6881
13.6768	7	0.531627	-57.858
13.7576	7	0.531627	-77.3181
13.8384	7	0.531627	-100.741
13.9192	7	0.531627	-128.938
14	7	0.531627	-162.885
6	8	0.596836	41.5972
6.08081	8	0.596836	42.0514
6.16162	8	0.596836	42.4148
6.24242	8	0.596836	42.7028
6.32323	8	0.596836	42.9282
6.40404	8	0.596836	43.1016
6.48485	8	0.596836	43.2318
6.56566	8	0.596836	43.3262
6.64646	8	0.596836	43.3909
6.72727	8	0.596836	43.4308
6.80808	8	0.596836	43.4503
6.88889	8	0.596836	43.4527
6.9697	8	0.596836	43.441
7.05051	8	0.596836	43.4175
7.13131	8	0.596836	43.3844
7.21212	8	0.596836	43.3431
7.29293	8	0.596836	43.2951
7.37374	8	0.596836	43.2416
7.45455	8	0.596836	43.1834
7.53535	8	0.596836	43.1213
7.61616	8	0.596836	43.0561
7.69697	8	0.596836	42.9882
7.77778	8	0.596836	42.9182
7.85859	8	0.596836	42.8463
7.93939	8	0.596836	42.7728
8.0202	8	0.596836	42.6982
8.10101	8	0.596836	42.6224
8.18182	8	0.596836	42.5458
8.26263	8	0.596836	42.4685
8.34343	8	0.596836	42.3905
8.42424	8	0.596836	42.312
8.50505	8	0.596836	42.2332
8.58586	8	0.596836	42.1539
8.66667	8	0.596836	42.0743
8.74747	8	0.596836	41.9945
8.82828	8	0.596836	41.9145
8.90909	8	0.596836	41.8342
8.9899	8	0.596836	41.7538
9.07071	8	0.596836	41.6732
9.15152	8	0.596836	41.5924
9.23232	8	0.596836	41.5115
9.31313	8	0.596836	41.4303
9.39394	8	0.596836	41.3491
9.47475	8	0.596836	41.2676
9.55556	8	0.596836	41.1859
9.63636	8	0.596836	41.1039
9.71717	8	0.596836	41.0217
9.79798	8	0.596836	40.9391
9.87879	8	0.596836	40.8561
9.9596	8	0.596836	40.7727
10.0404	8	0.596836	40.6887
10.1212	8	0.596836	40.604
10.202	8	0.596836	40.5185
10.2828	8	0.596836	40.432
10.3636	8	0.596836	40.3443
10.4444	8	0.596836	40.2552
10.5253	8	0.596836	40.1645
10.6061	8	0.596836	40.0716
10.6869	8	0.596836	39.9763
10.7677	8	0.596836	39.8781
10.8485	8	0.596836	39.7763
10.9293	8	0.596836	39.6702
11.0101	8	0.596836	39.5589
11.0909	8	0.596836	39.4413
11.1717	8	0.596836	39.3163
11.2525	8	0.596836	39.1822
11.3333	8	0.596836	39.0372
11.4141	8	0.596836	38.8791
11.4949	8	0.596836	38.7051
11.5758	8	0.596836	38.5121
11.6566	8	0.596836	38.2962
11.7374	8	0.596836	38.0526
11.8182	8	0.596836	37.7758
11.899	8	0.596836	37.4589
11.9798	8	0.596836	37.0936
12.0606	8	0.596836	36.6702
12.1414	8	0.596836	36.1768
12.2222	8	0.596836	35.599
12.303	8	0.596836	34.9195
12.3838	8	0.596836	34.1176
12.4646	8	0.596836	33.1682
12.5455	8	0.596836	32.0412
12.6263	8	0.596836	30.7002
12.7071	8	0.596836	29.1016
12.7879	8	0.596836	27.1925
12.8687	8	0.596836	24.9096
12.9495	8	0.596836	22.1763
13.0303	8	0.596836	18.9005
13.1111	8	0.596836	14.9714
13.1919	8	0.596836	10.2553
13.2727	8	0.596836	4.59126
13.3535	8	0.596836	-2.21457
13.4343	8	0.596836	-10.3957
13.5152	8	0.596836	-20.2334
13.596	8	0.596836	-32.0663
13.6768	8	0.596836	-46.3027
13.7576	8	0.596836	-63.4339
13.8384	8	0.596836	-84.0519
13.9192	8	0.596836	-108.87
14	8	0.596836	-138.747
6	9	0.662045	41.7494
6.08081	9	0.662045	42.2055
6.16162	9	0.662045	42.5704
6.24242	9	0.662045	42.8597
6.32323	9	0.662045	43.0861
6.40404	9	0.662045	43.2603
6.48485	9	0.662045	43.3913
6.56566	9	0.662045	43.4863
6.64646	9	0.662045	43.5514
6.72727	9	0.662045	43.5918
6.80808	9	0.662045	43.6116
6.88889	9	0.662045	43.6143
6.9697	9	0.662045	43.6028
7.05051	9	0.662045	43.5796
7.13131	9	0.662045	43.5465
7.21212	9	0.662045	43.5054
7.29293	9	0.662045	43.4575
7.37374	9	0.662045	43.4041
7.45455	9	0.662045	43.346
7.53535	9	0.662045	43.284
7.61616	9	0.662045	43.2188
7.69697	9	0.662045	43.151
7.77778	9	0.662045	43.081
7.85859	9	0.662045	43.0091
7.93939	9	0.662045	42.9357
8.0202	9	0.662045	42.861
8.10101	9	0.662045	42.7853
8.18182	9	0.662045	42.7087
8.26263	9	0.662045	42.6314
8.34343	9	0.662045	42.5535
8.42424	9	0.662045	42.475
8.50505	9	0.662045	42.3961
8.58586	9	0.662045	42.3169
8.66667	9	0.662045	42.2374
8.74747	9	0.662045	42.1576
8.82828	9	0.662045	42.0776
8.90909	9	0.662045	41.9973
8.9899	9	0.662045	41.9169
9.07071	9	0.662045	41.8364
9.15152	9	0.662045	41.7556
9.23232	9	0.662045	41.6748
9.31313	9	0.662045	41.5937
9.39394	9	0.662045	41.5125
9.47475	9	0.662045	41.4312
9.55556	9	0.662045	41.3496
9.63636	9	0.662045	41.2678
9.71717	9	0.662045	41.1857
9.79798	9	0.662045	41.1034
9.87879	9	0.662045	41.0207
9.9596	9	0.662045	40.9375
10.0404	9	0.662045	40.8539
10.1212	9	0.662045	40.7697
10.202	9	0.662045	40.6847
10.2828	9	0.662045	40.5989
10.3636	9	0.662045	40.5121
10.4444	9	0.662045	40.424
10.5253	9	0.662045	40.3344
10.6061	9	0.662045	40.243
10.6869	9	0.662045	40.1494
10.7677	9	0.662045	40.0533
10.8485	9	0.662045	39.9539
10.9293	9	0.662045	39.8508
11.0101	9	0.662045	39.7432
11.0909	9	0.662045	39.63
11.1717	9	0.662045	39.5102
11.2525	9	0.662045	39.3824
11.3333	9	0.662045	39.2451
11.4141	9	0.662045	39.0961
11.4949	9	0.662045	38.9333
11.5758	9	0.662045	38.7536
11.6566	9	0.662045	38.5537
11.7374	9	0.662045	38.3295
11.8182	9	0.662045	38.076
11.899	9	0.662045	37.7871
11.9798	9	0.662045	37.4557
12.0606	9	0.662045	37.073
12.1414	9	0.662045	36.6286
12.2222	9	0.662045	36.1098
12.303	9	0.662045	35.5015
12.3838	9	0.662045	34.7853
12.4646	9	0.662045	33.9391
12.5455	9	0.662045	32.9365
12.6263	9	0.662045	31.7453
12.7071	9	0.662045	30.327
12.7879	9	0.662045	28.6352
12.8687	9	0.662045	26.614
12.9495	9	0.662045	24.1959
13.0303	9	0.662045	21.2999
13.1111	9	0.662045	17.8281
13.1919	9	0.662045	13.6629
13.2727	9	0.662045	8.66239
13.3535	9	0.662045	2.65579
13.4343	9	0.662045	-4.56265
13.5152	9	0.662045	-13.2408
13.596	9	0.662045	-23.677
13.6768	9	0.662045	-36.2311
13.7576	9	0.662045	-51.3359
13.8384	9	0.662045	-69.5132
13.9192	9	0.662045	-91.3913
14	9	0.662045	-117.727
6	10	0.727255	41.933
6.08081	10	0.727255	42.385
6.16162	10	0.727255	42.7466
6.24242	10	0.727255	43.033
6.32323	10	0.727255	43.2571
6.40404	10	0.727255	43.4295
6.48485	10	0.727255	43.5588
6.56566	10	0.727255	43.6525
6.64646	10	0.727255	43.7165
6.72727	10	0.727255	43.756
6.80808	10	0.727255	43.775
6.88889	10	0.727255	43.7771
6.9697	10	0.727255	43.7651
7.05051	10	0.727255	43.7414
7.13131	10	0.727255	43.708
7.21212	10	0.727255	43.6666
7.29293	10	0.727255	43.6185
7.37374	10	0.727255	43.5648
7.45455	10	0.727255	43.5065
7.53535	10	0.727255	43.4444
7.61616	10	0.727255	43.3791
7.69697	10	0.727255	43.3112
7.77778	10	0.727255	43.2411
7.85859	10	0.727255	43.1691
7.93939	10	0.727255	43.0957
8.0202	10	0.727255	43.021
8.10101	10	0.727255	42.9452
8.18182	10	0.727255	42.8686
8.26263	10	0.727255	42.7913
8.34343	10	0.727255	42.7133
8.42424	10	0.727255	42.6349
8.50505	10	0.727255	42.556
8.58586	10	0.727255	42.4768
8.66667	10	0.727255	42.3972
8.74747	10	0.727255	42.3174
8.82828	10	0.727255	42.2374
8.90909	10	0.727255	42.1572
8.9899	10	0.727255	42.0768
9.07071	10	0.727255	41.9963
9.15152	10	0.727255	41.9156
9.23232	10	0.727255	41.8348
9.31313	10	0.727255	41.7538
9.39394	10	0.727255	41.6727
9.47475	10	0.727255	41.5914
9.55556	10	0.727255	41.51
9.63636	10	0.727255	41.4283
9.71717	10	0.727255	41.3464
9.79798	10	0.727255	41.2642
9.87879	10	0.727255	41.1818
9.9596	10	0.727255	41.0989
10.0404	10	0.727255	41.0156
10.1212	10	0.727255	40.9318
10.202	10	0.727255	40.8474
10.2828	10	0.727255	40.7621
10.3636	10	0.727255	40.676
10.4444	10	0.727255	40.5888
10.5253	10	0.727255	40.5002
10.6061	10	0.727255	40.4101
10.6869	10	0.727255	40.318
10.7677	10	0.727255	40.2237
10.8485	10	0.727255	40.1265
10.9293	10	0.727255	40.026
11.0101	10	0.727255	39.9215
11.0909	10	0.727255	39.8122
11.1717	10	0.727255	39.697
11.2525	10	0.727255	39.5748
11.3333	10	0.727255	39.4441
11.4141	10	0.727255	39.3032
11.4949	10	0.727255	39.15
11.5758	10	0.727255	38.9819
11.6566	10	0.727255	38.7961
11.7374	10	0.727255	38.5888
11.8182	10	0.727255	38.3556
11.899	10	0.727255	38.0913
11.9798	10	0.727255	37.7894
12.0606	10	0.727255	37.4423
12.1414	10	0.727255	37.0407
12.2222	10	0.727255	36.5736
12.303	10	0.727255	36.0275
12.3838	10	0.727255	35.3861
12.4646	10	0.727255	34.6302
12.5455	10	0.727255	33.7362
12.6263	10	0.727255	32.6759
12.7071	10	0.727255	31.4153
12.7879	10	0.727255	29.9134
12.8687	10	0.727255	28.1209
12.9495	10	0.727255	25.9783
13.0303	10	0.727255	23.4141
13.1111	10	0.727255	20.3421
13.1919	10	0.727255	16.6583
13.2727	10	0.727255	12.2377
13.3535	10	0.727255	6.9296
13.4343	10	0.727255	0.5525
13.5152	10	0.727255	-7.11221
13.596	10	0.727255	-16.3279
13.6768	10	0.727255	-27.4116
13.7576	10	0.727255	-40.7455
13.8384	10	0.727255	-56.7897
13.9192	10	0.727255	-76.0984
14	10	0.727255	-99.3394
6	11	0.792464	42.1762
6.08081	11	0.792464	42.6133
6.16162	11	0.792464	42.9626
6.24242	11	0.792464	43.2388
6.32323	11	0.792464	43.4544
6.40404	11	0.792464	43.6197
6.48485	11	0.792464	43.7431
6.56566	11	0.792464	43.832
6.64646	11	0.792464	43.892
6.72727	11	0.792464	43.9281
6.80808	11	0.792464	43.9443
6.88889	11	0.792464	43.9441
6.9697	11	0.792464	43.9302
7.05051	11	0.792464	43.9049
7.13131	11	0.792464	43.8702
7.21212	11	0.792464	43.8277
7.29293	11	0.792464	43.7786
7.37374	11	0.792464	43.7242
7.45455	11	0.792464	43.6653
7.53535	11	0.792464	43.6027
7.61616	11	0.792464	43.537
7.69697	11	0.792464	43.4687
7.77778	11	0.792464	43.3983
7.85859	11	0.792464	43.3261
7.93939	11	0.792464	43.2524
8.0202	11	0.792464	43.1776
8.10101	11	0.792464	43.1017
8.18182	11	0.792464	43.0249
8.26263	11	0.792464	42.9475
8.34343	11	0.792464	42.8695
8.42424	11	0.792464	42.791
8.50505	11	0.792464	42.712
8.58586	11	0.792464	42.6328
8.66667	11	0.792464	42.5532
8.74747	11	0.792464	42.4734
8.82828	11	0.792464	42.3934
8.90909	11	0.792464	42.3132
8.9899	11	0.792464	42.2328
9.07071	11	0.792464	42.1523
9.15152	11	0.792464	42.0716
9.23232	11	0.792464	41.9908
9.31313	11	0.792464	41.9099
9.39394	11	0.792464	41.8289
9.47475	11	0.792464	41.7477
9.55556	11	0.792464	41.6663
9.63636	11	0.792464	41.5847
9.71717	11	0.792464	41.503
9.79798	11	0.792464	41.421
9.87879	11	0.792464	41.3387
9.9596	11	0.792464	41.2561
10.0404	11	0.792464	41.1731
10.1212	11	0.792464	41.0897
10.202	11	0.792464	41.0057
10.2828	11	0.792464	40.921
10.3636	11	0.792464	40.8355
10.4444	11	0.792464	40.749
10.5253	11	0.792464	40.6614
10.6061	11	0.792464	40.5723
10.6869	11	0.792464	40.4816
10.7677	11	0.792464	40.3889
10.8485	11	0.792464	40.2937
10.9293	11	0.792464	40.1955
11.0101	11	0.792464	40.0939
11.0909	11	0.792464	39.9879
11.1717	11	0.792464	39.8768
11.2525	11	0.792464	39.7595
11.3333	11	0.792464	39.6347
11.4141	11	0.792464	39.501
11.4949	11	0.792464	39.3564
11.5758	11	0.792464	39.1987
11.6566	11	0.792464	39.0254
11.7374	11	0.792464	38.8331
11.8182	11	0.792464	38.618
11.899	11	0.792464	38.3755
11.9798	11	0.792464	38.0999
12.0606	11	0.792464	37.7845
12.1414	11	0.792464	37.4211
12.2222	11	0.792464	36.9999
12.303	11	0.792464	36.5091
12.3838	11	0.792464	35.9344
12.4646	11	0.792464	35.2588
12.5455	11	0.792464	34.4614
12.6263	11	0.792464	33.5176
12.7071	11	0.792464	32.3973
12.7879	11	0.792464	31.0644
12.8687	11	0.792464	29.4754
12.9495	11	0.792464	27.578
13.0303	11	0.792464	25.3091
13.1111	11	0.792464	22.5927
13.1919	11	0.792464	19.3374
13.2727	11	0.792464	15.4329
13.3535	11	0.792464	10.7463
13.4343	11	0.792464	5.11793
13.5152	11	0.792464	-1.64498
13.596	11	0.792464	-9.7744
13.6768	11	0.792464	-19.5498
13.7576	11	0.792464	-31.3078
13.8384	11	0.792464	-45.4537
13.9192	11	0.792464	-62.4761
14	11	0.792464	-82.9631
6	12	0.857673	42.458
6.08081	12	0.857673	42.8733
6.16162	12	0.857673	43.2043
6.24242	12	0.857673	43.4653
6.32323	12	0.857673	43.6684
6.40404	12	0.857673	43.8232
6.48485	12	0.857673	43.938
6.56566	12	0.857673	44.0196
6.64646	12	0.857673	44.0737
6.72727	12	0.857673	44.1048
6.80808	12	0.857673	44.117
6.88889	12	0.857673	44.1133
6.9697	12	0.857673	44.0966
7.05051	12	0.857673	44.0689
7.13131	12	0.857673	44.0323
7.21212	12	0.857673	43.9881
7.29293	12	0.857673	43.9378
7.37374	12	0.857673	43.8822
7.45455	12	0.857673	43.8224
7.53535	12	0.857673	43.759
7.61616	12	0.857673	43.6926
7.69697	12	0.857673	43.6238
7.77778	12	0.857673	43.553
7.85859	12	0.857673	43.4804
7.93939	12	0.857673	43.4065
8.0202	12	0.857673	43.3313
8.10101	12	0.857673	43.2552
8.18182	12	0.857673	43.1783
8.26263	12	0.857673	43.1008
8.34343	12	0.857673	43.0226
8.42424	12	0.857673	42.944
8.50505	12	0.857673	42.865
8.58586	12	0.857673	42.7857
8.66667	12	0.857673	42.7061
8.74747	12	0.857673	42.6262
8.82828	12	0.857673	42.5462
8.90909	12	0.857673	42.466
8.9899	12	0.857673	42.3856
9.07071	12	0.857673	42.3051
9.15152	12	0.857673	42.2245
9.23232	12	0.857673	42.1437
9.31313	12	0.857673	42.0628
9.39394	12	0.857673	41.9818
9.47475	12	0.857673	41.9007
9.55556	12	0.857673	41.8194
9.63636	12	0.857673	41.7379
9.71717	12	0.857673	41.6563
9.79798	12	0.857673	41.5745
9.87879	12	0.857673	41.4924
9.9596	12	0.857673	41.41
10.0404	12	0.857673	41.3273
10.1212	12	0.857673	41.2441
10.202	12	0.857673	41.1605
10.2828	12	0.857673	41.0763
10.3636	12	0.857673	40.9913
10.4444	12	0.857673	40.9056
10.5253	12	0.857673	40.8187
10.6061	12	0.857673	40.7307
10.6869	12	0.857673	40.6412
10.7677	12	0.857673	40.5499
10.8485	12	0.857673	40.4564
10.9293	12	0.857673	40.3603
11.0101	12	0.857673	40.2611
11.0909	12	0.857673	40.1582
11.1717	12	0.857673	40.0507
11.2525	12	0.857673	39.9378
11.3333	12	0.857673	39.8183
11.4141	12	0.857673	39.6909
11.4949	12	0.857673	39.5539
11.5758	12	0.857673	39.4055
11.6566	12	0.857673	39.2432
11.7374	12	0.857673	39.0643
11.8182	12	0.857673	38.8654
11.899	12	0.857673	38.6422
11.9798	12	0.857673	38.39
12.0606	12	0.857673	38.1027
12.1414	12	0.857673	37.7731
12.2222	12	0.857673	37.3927
12.303	12	0.857673	36.951
12.3838	12	0.857673	36.4356
12.4646	12	0.857673	35.8312
12.5455	12	0.857673	35.1198
12.6263	12	0.857673	34.2794
12.7071	12	0.857673	33.2837
12.7879	12	0.857673	32.1008
12.8687	12	0.857673	30.6926
12.9495	12	0.857673	29.0129
13.0303	12	0.857673	27.0063
13.1111	12	0.857673	24.6058
13.1919	12	0.857673	21.731
13.2727	12	0.857673	18.2847
13.3535	12	0.857673	14.1502
13.4343	12	0.857673	9.18672
13.5152	12	0.857673	3.2247
13.596	12	0.857673	-3.94005
13.6768	12	0.857673	-12.5535
13.7576	12	0.857673	-22.9119
13.8384	12	0.857673	-35.3721
13.9192	12	0.857673	-50.3639
14	12	0.857673	-68.4051
6	13	0.922882	42.7123
6.08081	13	0.922882	43.1098
6.16162	13	0.922882	43.4262
6.24242	13	0.922882	43.6751
6.32323	13	0.922882	43.868
6.40404	13	0.922882	44.0145
6.48485	13	0.922882	44.1223
6.56566	13	0.922882	44.1982
6.64646	13	0.922882	44.2474
6.72727	13	0.922882	44.2746
6.80808	13	0.922882	44.2834
6.88889	13	0.922882	44.277
6.9697	13	0.922882	44.258
7.05051	13	0.922882	44.2284
7.13131	13	0.922882	44.1902
7.21212	13	0.922882	44.1448
7.29293	13	0.922882	44.0933
7.37374	13	0.922882	44.0369
7.45455	13	0.922882	43.9763
7.53535	13	0.922882	43.9123
7.61616	13	0.922882	43.8454
7.69697	13	0.922882	43.7762
7.77778	13	0.922882	43.7049
7.85859	13	0.922882	43.6321
7.93939	13	0.922882	43.5579
8.0202	13	0.922882	43.4826
8.10101	13	0.922882	43.4063
8.18182	13	0.922882	43.3293
8.26263	13	0.922882	43.2516
8.34343	13	0.922882	43.1734
8.42424	13	0.922882	43.0947
8.50505	13	0.922882	43.0156
8.58586	13	0.922882	42.9363
8.66667	13	0.922882	42.8566
8.74747	13	0.922882	42.7767
8.82828	13	0.922882	42.6967
8.90909	13	0.922882	42.6165
8.9899	13	0.922882	42.5361
9.07071	13	0.922882	42.4556
9.15152	13	0.922882	42.375
9.23232	13	0.922882	42.2942
9.31313	13	0.922882	42.2134
9.39394	13	0.922882	42.1324
9.47475	13	0.922882	42.0513
9.55556	13	0.922882	41.9701
9.63636	13	0.922882	41.8887
9.71717	13	0.922882	41.8072
9.79798	13	0.922882	41.7255
9.87879	13	0.922882	41.6436
9.9596	13	0.922882	41.5614
10.0404	13	0.922882	41.4789
10.1212	13	0.922882	41.3961
10.202	13	0.922882	41.3128
10.2828	13	0.922882	41.229
10.3636	13	0.922882	41.1445
10.4444	13	0.922882	41.0594
10.5253	13	0.922882	40.9733
10.6061	13	0.922882	40.8861
10.6869	13	0.922882	40.7976
10.7677	13	0.922882	40.7076
10.8485	13	0.922882	40.6156
10.9293	13	0.922882	40.5214
11.0101	13	0.922882	40.4244
11.0909	13	0.922882	40.3242
11.1717	13	0.922882	40.2199
11.2525	13	0.922882	40.1109
11.3333	13	0.922882	39.996
11.4141	13	0.922882	39.8742
11.4949	13	0.922882	39.7441
11.5758	13	0.922882	39.6038
11.6566	13	0.922882	39.4514
11.7374	13	0.922882	39.2843
11.8182	13	0.922882	39.0996
11.899	13	0.922882	38.8936
11.9798	13	0.922882	38.6621
12.0606	13	0.922882	38.3997
12.1414	13	0.922882	38.1001
12.2222	13	0.922882	37.7559
12.303	13	0.922882	37.3578
12.3838	13	0.922882	36.8947
12.4646	13	0.922882	36.3535
12.5455	13	0.922882	35.7182
12.6263	13	0.922882	34.9695
12.7071	13	0.922882	34.0841
12.7879	13	0.922882	33.0343
12.8687	13	0.922882	31.7862
12.9495	13	0.922882	30.2995
13.0303	13	0.922882	28.5252
13.1111	13	0.922882	26.4046
13.1919	13	0.922882	23.8669
13.2727	13	0.922882	20.8268
13.3535	13	0.922882	17.1814
13.4343	13	0.922882	12.8071
13.5152	13	0.922882	7.55469
13.596	13	0.922882	1.24472
13.6768	13	0.922882	-6.33914
13.7576	13	0.922882	-15.4574
13.8384	13	0.922882	-26.4238
13.9192	13	0.922882	-39.6165
14	13	0.922882	-55.4905
6	14	0.988092	42.8821
6.08081	14	0.988092	43.276
6.16162	14	0.988092	43.5893
6.24242	14	0.988092	43.8357
6.32323	14	0.988092	44.0265
6.40404	14	0.988092	44.1712
6.48485	14	0.988092	44.2776
6.56566	14	0.988092	44.3522
6.64646	14	0.988092	44.4005
6.72727	14	0.988092	44.4268
6.80808	14	0.988092	44.4349
6.88889	14	0.988092	44.428
6.9697	14	0.988092	44.4085
7.05051	14	0.988092	44.3786
7.13131	14	0.988092	44.34
7.21212	14	0.988092	44.2943
7.29293	14	0.988092	44.2426
7.37374	14	0.988092	44.186
7.45455	14	0.988092	44.1252
7.53535	14	0.988092	44.0611
7.61616	14	0.988092	43.9941
7.69697	14	0.988092	43.9248
7.77778	14	0.988092	43.8535
7.85859	14	0.988092	43.7806
7.93939	14	0.988092	43.7064
8.0202	14	0.988092	43.631
8.10101	14	0.988092	43.5547
8.18182	14	0.988092	43.4776
8.26263	14	0.988092	43.3999
8.34343	14	0.988092	43.3217
8.42424	14	0.988092	43.243
8.50505	14	0.988092	43.1639
8.58586	14	0.988092	43.0845
8.66667	14	0.988092	43.0049
8.74747	14	0.988092	42.925
8.82828	14	0.988092	42.845
8.90909	14	0.988092	42.7648
8.9899	14	0.988092	42.6844
9.07071	14	0.988092	42.6039
9.15152	14	0.988092	42.5233
9.23232	14	0.988092	42.4426
9.31313	14	0.988092	42.3618
9.39394	14	0.988092	42.2809
9.47475	14	0.988092	42.1998
9.55556	14	0.988092	42.1187
9.63636	14	0.988092	42.0374
9.71717	14	0.988092	41.956
9.79798	14	0.988092	41.8744
9.87879	14	0.988092	41.7926
9.9596	14	0.988092	41.7106
10.0404	14	0.988092	41.6283
10.1212	14	0.988092	41.5457
10.202	14	0.988092	41.4628
10.2828	14	0.988092	41.3793
10.3636	14	0.988092	41.2953
10.4444	14	0.988092	41.2107
10.5253	14	0.988092	41.1253
10.6061	14	0.988092	41.0389
10.6869	14	0.988092	40.9513
10.7677	14	0.988092	40.8624
10.8485	14	0.988092	40.7718
10.9293	14	0.988092	40.6792
11.0101	14	0.988092	40.5842
11.0909	14	0.988092	40.4863
11.1717	14	0.988092	40.3849
11.2525	14	0.988092	40.2793
11.3333	14	0.988092	40.1686
11.4141	14	0.988092	40.0518
11.4949	14	0.988092	39.9277
11.5758	14	0.988092	39.7946
11.6566	14	0.988092	39.6509
11.7374	14	0.988092	39.4944
11.8182	14	0.988092	39.3223
11.899	14	0.988092	39.1316
11.9798	14	0.988092	38.9184
12.0606	14	0.988092	38.6781
12.1414	14	0.988092	38.4052
12.2222	14	0.988092	38.093
12.303	14	0.988092	37.7335
12.3838	14	0.988092	37.3171
12.4646	14	0.988092	36.8319
12.5455	14	0.988092	36.2641
12.6263	14	0.988092	35.5967
12.7071	14	0.988092	34.8094
12.7879	14	0.988092	33.8775
12.8687	14	0.988092	32.7716
12.9495	14	0.988092	31.4561
13.0303	14	0.988092	29.8881
13.1111	14	0.988092	28.0159
13.1919	14	0.988092	25.7774
13.2727	14	0.988092	23.0976
13.3535	14	0.988092	19.8863
13.4343	14	0.988092	16.0348
13.5152	14	0.988092	11.4123
13.596	14	0.988092	5.86086
13.6768	14	0.988092	-0.809286
13.7576	14	0.988092	-8.82698
13.8384	14	0.988092	-18.4678
13.9192	14	0.988092	-30.0636
14	14	0.988092	-44.0144
6	15	1.0533	42.9861
6.08081	15	1.0533	43.3872
6.16162	15	1.0533	43.7065
6.24242	15	1.0533	43.9579
6.32323	15	1.0533	44.1528
6.40404	15	1.0533	44.301
6.48485	15	1.0533	44.4103
6.56566	15	1.0533	44.4873
6.64646	15	1.0533	44.5375
6.72727	15	1.0533	44.5654
6.80808	15	1.0533	44.5749
6.88889	15	1.0533	44.5691
6.9697	15	1.0533	44.5505
7.05051	15	1.0533	44.5214
7.13131	15	1.0533	44.4835
7.21212	15	1.0533	44.4383
7.29293	15	1.0533	44.387
7.37374	15	1.0533	44.3308
7.45455	15	1.0533	44.2704
7.53535	15	1.0533	44.2065
7.61616	15	1.0533	44.1397
7.69697	15	1.0533	44.0705
7.77778	15	1.0533	43.9994
7.85859	15	1.0533	43.9266
7.93939	15	1.0533	43.8525
8.0202	15	1.0533	43.7772
8.10101	15	1.0533	43.701
8.18182	15	1.0533	43.624
8.26263	15	1.0533	43.5463
8.34343	15	1.0533	43.4681
8.42424	15	1.0533	43.3895
8.50505	15	1.0533	43.3104
8.58586	15	1.0533	43.2311
8.66667	15	1.0533	43.1515
8.74747	15	1.0533	43.0716
8.82828	15	1.0533	42.9916
8.90909	15	1.0533	42.9114
8.9899	15	1.0533	42.8311
9.07071	15	1.0533	42.7506
9.15152	15	1.0533	42.67
9.23232	15	1.0533	42.5894
9.31313	15	1.0533	42.5086
9.39394	15	1.0533	42.4277
9.47475	15	1.0533	42.3467
9.55556	15	1.0533	42.2657
9.63636	15	1.0533	42.1845
9.71717	15	1.0533	42.1031
9.79798	15	1.0533	42.0216
9.87879	15	1.0533	41.94
9.9596	15	1.0533	41.8581
10.0404	15	1.0533	41.7761
10.1212	15	1.0533	41.6937
10.202	15	1.0533	41.611
10.2828	15	1.0533	41.5279
10.3636	15	1.0533	41.4443
10.4444	15	1.0533	41.3601
10.5253	15	1.0533	41.2752
10.6061	15	1.0533	41.1895
10.6869	15	1.0533	41.1028
10.7677	15	1.0533	41.0149
10.8485	15	1.0533	40.9255
10.9293	15	1.0533	40.8343
11.0101	15	1.0533	40.7411
11.0909	15	1.0533	40.6453
11.1717	15	1.0533	40.5464
11.2525	15	1.0533	40.4438
11.3333	15	1.0533	40.3368
11.4141	15	1.0533	40.2244
11.4949	15	1.0533	40.1056
11.5758	15	1.0533	39.979
11.6566	15	1.0533	39.843
11.7374	15	1.0533	39.6957
11.8182	15	1.0533	39.5348
11.899	15	1.0533	39.3576
11.9798	15	1.0533	39.1606
12.0606	15	1.0533	38.9399
12.1414	15	1.0533	38.6905
12.2222	15	1.0533	38.4067
12.303	15	1.0533	38.0814
12.3838	15	1.0533	37.7061
12.4646	15	1.0533	37.2706
12.5455	15	1.0533	36.7625
12.6263	15	1.0533	36.167
12.7071	15	1.0533	35.4663
12.7879	15	1.0533	34.6388
12.8687	15	1.0533	33.6586
12.9495	15	1.0533	32.4944
13.0303	15	1.0533	31.1088
13.1111	15	1.0533	29.4562
13.1919	15	1.0533	27.4823
13.2727	15	1.0533	25.1212
13.3535	15	1.0533	22.2938
13.4343	15	1.0533	18.9046
13.5152	15	1.0533	14.8389
13.596	15	1.0533	9.95834
13.6768	15	1.0533	4.09616
13.7576	15	1.0533	-2.94833
13.8384	15	1.0533	-11.4169
13.9192	15	1.0533	-21.6008
14	15	1.0533	-33.8509
6	16	1.11851	43.0605
6.08081	16	1.11851	43.4736
6.16162	16	1.11851	43.8028
6.24242	16	1.11851	44.0624
6.32323	16	1.11851	44.2643
6.40404	16	1.11851	44.4181
6.48485	16	1.11851	44.5321
6.56566	16	1.11851	44.613
6.64646	16	1.11851	44.6665
6.72727	16	1.11851	44.6971
6.80808	16	1.11851	44.7089
6.88889	16	1.11851	44.7049
6.9697	16	1.11851	44.6879
7.05051	16	1.11851	44.66
7.13131	16	1.11851	44.6232
7.21212	16	1.11851	44.5789
7.29293	16	1.11851	44.5284
7.37374	16	1.11851	44.4727
7.45455	16	1.11851	44.4128
7.53535	16	1.11851	44.3493
7.61616	16	1.11851	44.2829
7.69697	16	1.11851	44.2141
7.77778	16	1.11851	44.1432
7.85859	16	1.11851	44.0706
7.93939	16	1.11851	43.9966
8.0202	16	1.11851	43.9215
8.10101	16	1.11851	43.8454
8.18182	16	1.11851	43.7685
8.26263	16	1.11851	43.6909
8.34343	16	1.11851	43.6127
8.42424	16	1.11851	43.5341
8.50505	16	1.11851	43.4552
8.58586	16	1.11851	43.3759
8.66667	16	1.11851	43.2963
8.74747	16	1.11851	43.2165
8.82828	16	1.11851	43.1365
8.90909	16	1.11851	43.0563
8.9899	16	1.11851	42.976
9.07071	16	1.11851	42.8956
9.15152	16	1.11851	42.815
9.23232	16	1.11851	42.7344
9.31313	16	1.11851	42.6537
9.39394	16	1.11851	42.5728
9.47475	16	1.11851	42.4919
9.55556	16	1.11851	42.4109
9.63636	16	1.11851	42.3298
9.71717	16	1.11851	42.2485
9.79798	16	1.11851	42.1671
9.87879	16	1.11851	42.0856
9.9596	16	1.11851	42.0039
10.0404	16	1.11851	41.9219
10.1212	16	1.11851	41.8398
10.202	16	1.11851	41.7573
10.2828	16	1.11851	41.6745
10.3636	16	1.11851	41.5912
10.4444	16	1.11851	41.5075
10.5253	16	1.11851	41.4231
10.6061	16	1.11851	41.338
10.6869	16	1.11851	41.252
10.7677	16	1.11851	41.165
10.8485	16	1.11851	41.0767
10.9293	16	1.11851	40.9868
11.0101	16	1.11851	40.8951
11.0909	16	1.11851	40.8012
11.1717	16	1.11851	40.7045
11.2525	16	1.11851	40.6047
11.3333	16	1.11851	40.5009
11.4141	16	1.11851	40.3924
11.4949	16	1.11851	40.2783
11.5758	16	1.11851	40.1574
11.6566	16	1.11851	40.0282
11.7374	16	1.11851	39.8892
11.8182	16	1.11851	39.7382
11.899	16	1.11851	39.573
11.9798	16	1.11851	39.3904
12.0606	16	1.11851	39.187
12.1414	16	1.11851	38.9586
12.2222	16	1.11851	38.7
12.303	16	1.11851	38.405
12.3838	16	1.11851	38.0662
12.4646	16	1.11851	37.6747
12.5455	16	1.11851	37.2196
12.6263	16	1.11851	36.6879
12.7071	16	1.11851	36.0641
12.7879	16	1.11851	35.3292
12.8687	16	1.11851	34.4606
12.9495	16	1.11851	33.4309
13.0303	16	1.11851	32.2071
13.1111	16	1.11851	30.7495
13.1919	16	1.11851	29.0104
13.2727	16	1.11851	26.9322
13.3535	16	1.11851	24.4455
13.4343	16	1.11851	21.4667
13.5152	16	1.11851	17.8954
13.596	16	1.11851	13.6102
13.6768	16	1.11851	8.46519
13.7576	16	1.11851	2.28455
13.8384	16	1.11851	-5.14354
13.9192	16	1.11851	-14.0742
14	16	1.11851	-24.8146
6	17	1.18372	43.1033
6.08081	17	1.18372	43.5335
6.16162	17	1.18372	43.8768
6.24242	17	1.18372	44.1482
6.32323	17	1.18372	44.3597
6.40404	17	1.18372	44.5216
6.48485	17	1.18372	44.6423
6.56566	17	1.18372	44.7288
6.64646	17	1.18372	44.7869
6.72727	17	1.18372	44.8214
6.80808	17	1.18372	44.8364
6.88889	17	1.18372	44.835
6.9697	17	1.18372	44.8202
7.05051	17	1.18372	44.7942
7.13131	17	1.18372	44.7589
7.21212	17	1.18372	44.7158
7.29293	17	1.18372	44.6663
7.37374	17	1.18372	44.6116
7.45455	17	1.18372	44.5524
7.53535	17	1.18372	44.4895
7.61616	17	1.18372	44.4236
7.69697	17	1.18372	44.3551
7.77778	17	1.18372	44.2846
7.85859	17	1.18372	44.2123
7.93939	17	1.18372	44.1385
8.0202	17	1.18372	44.0636
8.10101	17	1.18372	43.9877
8.18182	17	1.18372	43.9109
8.26263	17	1.18372	43.8334
8.34343	17	1.18372	43.7554
8.42424	17	1.18372	43.6769
8.50505	17	1.18372	43.5979
8.58586	17	1.18372	43.5187
8.66667	17	1.18372	43.4392
8.74747	17	1.18372	43.3594
8.82828	17	1.18372	43.2795
8.90909	17	1.18372	43.1993
8.9899	17	1.18372	43.1191
9.07071	17	1.18372	43.0387
9.15152	17	1.18372	42.9582
9.23232	17	1.18372	42.8776
9.31313	17	1.18372	42.7969
9.39394	17	1.18372	42.7161
9.47475	17	1.18372	42.6352
9.55556	17	1.18372	42.5542
9.63636	17	1.18372	42.4731
9.71717	17	1.18372	42.392
9.79798	17	1.18372	42.3107
9.87879	17	1.18372	42.2292
9.9596	17	1.18372	42.1477
10.0404	17	1.18372	42.0659
10.1212	17	1.18372	41.9839
10.202	17	1.18372	41.9016
10.2828	17	1.18372	41.8191
10.3636	17	1.18372	41.7361
10.4444	17	1.18372	41.6528
10.5253	17	1.18372	41.5688
10.6061	17	1.18372	41.4843
10.6869	17	1.18372	41.399
10.7677	17	1.18372	41.3127
10.8485	17	1.18372	41.2253
10.9293	17	1.18372	41.1366
11.0101	17	1.18372	41.0463
11.0909	17	1.18372	40.954
11.1717	17	1.18372	40.8593
11.2525	17	1.18372	40.7618
11.3333	17	1.18372	40.6609
11.4141	17	1.18372	40.5559
11.4949	17	1.18372	40.446
11.5758	17	1.18372	40.3301
11.6566	17	1.18372	40.207
11.7374	17	1.18372	40.0753
11.8182	17	1.18372	39.9331
11.899	17	1.18372	39.7785
11.9798	17	1.18372	39.6087
12.0606	17	1.18372	39.4207
12.1414	17	1.18372	39.2108
12.2222	17	1.18372	38.9744
12.303	17	1.18372	38.7063
12.3838	17	1.18372	38.3999
12.4646	17	1.18372	38.0473
12.5455	17	1.18372	37.6392
12.6263	17	1.18372	37.1641
12.7071	17	1.18372	36.6084
12.7879	17	1.18372	35.9556
12.8687	17	1.18372	35.1858
12.9495	17	1.18372	34.2751
13.0303	17	1.18372	33.1947
13.1111	17	1.18372	31.9099
13.1919	17	1.18372	30.3788
13.2727	17	1.18372	28.5512
13.3535	17	1.18372	26.3663
13.4343	17	1.18372	23.7511
13.5152	17	1.18372	20.6177
13.596	17	1.18372	16.8599
13.6768	17	1.18372	12.3503
13.7576	17	1.18372	6.93488
13.8384	17	1.18372	0.428541
13.9192	17	1.18372	-7.39184
14	17	1.18372	-16.795
6	18	1.24893	43.089
6.08081	18	1.24893	43.5457
6.16162	18	1.24893	43.9112
6.24242	18	1.24893	44.2009
6.32323	18	1.24893	44.4277
6.40404	18	1.24893	44.6022
6.48485	18	1.24893	44.7334
6.56566	18	1.24893	44.8286
6.64646	18	1.24893	44.8939
6.72727	18	1.24893	44.9345
6.80808	18	1.24893	44.9544
6.88889	18	1.24893	44.9572
6.9697	18	1.24893	44.9458
7.05051	18	1.24893	44.9226
7.13131	18	1.24893	44.8897
7.21212	18	1.24893	44.8486
7.29293	18	1.24893	44.8008
7.37374	18	1.24893	44.7473
7.45455	18	1.24893	44.6892
7.53535	18	1.24893	44.6273
7.61616	18	1.24893	44.5622
7.69697	18	1.24893	44.4944
7.77778	18	1.24893	44.4244
7.85859	18	1.24893	44.3525
7.93939	18	1.24893	44.2791
8.0202	18	1.24893	44.2045
8.10101	18	1.24893	44.1288
8.18182	18	1.24893	44.0522
8.26263	18	1.24893	43.975
8.34343	18	1.24893	43.8971
8.42424	18	1.24893	43.8187
8.50505	18	1.24893	43.7399
8.58586	18	1.24893	43.6607
8.66667	18	1.24893	43.5813
8.74747	18	1.24893	43.5016
8.82828	18	1.24893	43.4217
8.90909	18	1.24893	43.3416
8.9899	18	1.24893	43.2614
9.07071	18	1.24893	43.181
9.15152	18	1.24893	43.1005
9.23232	18	1.24893	43.02
9.31313	18	1.24893	42.9393
9.39394	18	1.24893	42.8586
9.47475	18	1.24893	42.7777
9.55556	18	1.24893	42.6968
9.63636	18	1.24893	42.6158
9.71717	18	1.24893	42.5347
9.79798	18	1.24893	42.4535
9.87879	18	1.24893	42.3721
9.9596	18	1.24893	42.2907
10.0404	18	1.24893	42.209
10.1212	18	1.24893	42.1272
10.202	18	1.24893	42.0451
10.2828	18	1.24893	41.9628
10.3636	18	1.24893	41.8801
10.4444	18	1.24893	41.7971
10.5253	18	1.24893	41.7135
10.6061	18	1.24893	41.6295
10.6869	18	1.24893	41.5447
10.7677	18	1.24893	41.4591
10.8485	18	1.24893	41.3726
10.9293	18	1.24893	41.2848
11.0101	18	1.24893	41.1957
11.0909	18	1.24893	41.1048
11.1717	18	1.24893	41.0119
11.2525	18	1.24893	40.9166
11.3333	18	1.24893	40.8182
11.4141	18	1.24893	40.7162
11.4949	18	1.24893	40.61
11.5758	18	1.24893	40.4985
11.6566	18	1.24893	40.3807
11.7374	18	1.24893	40.2554
11.8182	18	1.24893	40.1209
11.899	18	1.24893	39.9755
11.9798	18	1.24893	39.8169
12.0606	18	1.24893	39.6424
12.1414	18	1.24893	39.4487
12.2222	18	1.24893	39.2319
12.303	18	1.24893	38.9874
12.3838	18	1.24893	38.7093
12.4646	18	1.24893	38.3909
12.5455	18	1.24893	38.0239
12.6263	18	1.24893	37.5984
12.7071	18	1.24893	37.1023
12.7879	18	1.24893	36.5214
12.8687	18	1.24893	35.8382
12.9495	18	1.24893	35.0318
13.0303	18	1.24893	34.077
13.1111	18	1.24893	32.9435
13.1919	18	1.24893	31.5947
13.2727	18	1.24893	29.9866
13.3535	18	1.24893	28.0661
13.4343	18	1.24893	25.7694
13.5152	18	1.24893	23.0196
13.596	18	1.24893	19.7239
13.6768	18	1.24893	15.7709
13.7576	18	1.24893	11.0259
13.8384	18	1.24893	5.32703
13.9192	18	1.24893	-1.52071
14	18	1.24893	-9.75231
6	19	1.31414	43.242
6.08081	19	1.31414	43.6966
6.16162	19	1.31414	44.0603
6.24242	19	1.31414	44.3486
6.32323	19	1.31414	44.5742
6.40404	19	1.31414	44.7478
6.48485	19	1.31414	44.8782
6.56566	19	1.31414	44.9727
6.64646	19	1.31414	45.0375
6.72727	19	1.31414	45.0775
6.80808	19	1.31414	45.097
6.88889	19	1.31414	45.0995
6.9697	19	1.31414	45.0879
7.05051	19	1.31414	45.0645
7.13131	19	1.31414	45.0313
7.21212	19	1.31414	44.9901
7.29293	19	1.31414	44.9421
7.37374	19	1.31414	44.8886
7.45455	19	1.31414	44.8304
7.53535	19	1.31414	44.7684
7.61616	19	1.31414	44.7032
7.69697	19	1.31414	44.6354
7.77778	19	1.31414	44.5653
7.85859	19	1.31414	44.4934
7.93939	19	1.31414	44.42
8.0202	19	1.31414	44.3454
8.10101	19	1.31414	44.2697
8.18182	19	1.31414	44.1931
8.26263	19	1.31414	44.1158
8.34343	19	1.31414	44.0379
8.42424	19	1.31414	43.9595
8.50505	19	1.31414	43.8807
8.58586	19	1.31414	43.8015
8.66667	19	1.31414	43.7221
8.74747	19	1.31414	43.6424
8.82828	19	1.31414	43.5625
8.90909	19	1.31414	43.4824
8.9899	19	1.31414	43.4022
9.07071	19	1.31414	43.3219
9.15152	19	1.31414	43.2414
9.23232	19	1.31414	43.1608
9.31313	19	1.31414	43.0802
9.39394	19	1.31414	42.9995
9.47475	19	1.31414	42.9187
9.55556	19	1.31414	42.8378
9.63636	19	1.31414	42.7568
9.71717	19	1.31414	42.6758
9.79798	19	1.31414	42.5946
9.87879	19	1.31414	42.5134
9.9596	19	1.31414	42.432
10.0404	19	1.31414	42.3504
10.1212	19	1.31414	42.2687
10.202	19	1.31414	42.1868
10.2828	19	1.31414	42.1047
10.3636	19	1.31414	42.0223
10.4444	19	1.31414	41.9395
10.5253	19	1.31414	41.8564
10.6061	19	1.31414	41.7727
10.6869	19	1.31414	41.6884
10.7677	19	1.31414	41.6035
10.8485	19	1.31414	41.5177
10.9293	19	1.31414	41.4308
11.0101	19	1.31414	41.3428
11.0909	19	1.31414	41.2532
11.1717	19	1.31414	41.1618
11.2525	19	1.31414	41.0683
11.3333	19	1.31414	40.9722
11.4141	19	1.31414	40.8729
11.4949	19	1.31414	40.7699
11.5758	19	1.31414	40.6624
11.6566	19	1.31414	40.5493
11.7374	19	1.31414	40.4297
11.8182	19	1.31414	40.3021
11.899	19	1.31414	40.165
11.9798	19	1.31414	40.0163
12.0606	19	1.31414	39.8538
12.1414	19	1.31414	39.6746
12.2222	19	1.31414	39.4752
12.303	19	1.31414	39.2516
12.3838	19	1.31414	38.9988
12.4646	19	1.31414	38.7108
12.5455	19	1.31414	38.3804
12.6263	19	1.31414	37.999
12.7071	19	1.31414	37.5562
12.7879	19	1.31414	37.0393
12.8687	19	1.31414	36.4332
12.9495	19	1.31414	35.7197
13.0303	19	1.31414	34.8768
13.1111	19	1.31414	33.878
13.1919	19	1.31414	32.6915
13.2727	19	1.31414	31.2789
13.3535	19	1.31414	29.594
13.4343	19	1.31414	27.581
13.5152	19	1.31414	25.1728
13.596	19	1.31414	22.2887
13.6768	19	1.31414	18.8314
13.7576	19	1.31414	14.6835
13.8384	19	1.31414	9.70386
13.9192	19	1.31414	3.72241
14	19	1.31414	-3.46574
6	20	1.37935	43.412
6.08081	20	1.37935	43.8615
6.16162	20	1.37935	44.2209
6.24242	20	1.37935	44.5056
6.32323	20	1.37935	44.7283
6.40404	20	1.37935	44.8994
6.48485	20	1.37935	45.0277
6.56566	20	1.37935	45.1206
6.64646	20	1.37935	45.1839
6.72727	20	1.37935	45.2228
6.80808	20	1.37935	45.2414
6.88889	20	1.37935	45.243
6.9697	20	1.37935	45.2307
7.05051	20	1.37935	45.2068
7.13131	20	1.37935	45.1732
7.21212	20	1.37935	45.1316
7.29293	20	1.37935	45.0833
7.37374	20	1.37935	45.0295
7.45455	20	1.37935	44.9711
7.53535	20	1.37935	44.9089
7.61616	20	1.37935	44.8436
7.69697	20	1.37935	44.7756
7.77778	20	1.37935	44.7054
7.85859	20	1.37935	44.6335
7.93939	20	1.37935	44.56
8.0202	20	1.37935	44.4853
8.10101	20	1.37935	44.4095
8.18182	20	1.37935	44.3329
8.26263	20	1.37935	44.2556
8.34343	20	1.37935	44.1776
8.42424	20	1.37935	44.0992
8.50505	20	1.37935	44.0204
8.58586	20	1.37935	43.9412
8.66667	20	1.37935	43.8618
8.74747	20	1.37935	43.7821
8.82828	20	1.37935	43.7022
8.90909	20	1.37935	43.6221
8.9899	20	1.37935	43.5419
9.07071	20	1.37935	43.4615
9.15152	20	1.37935	43.3811
9.23232	20	1.37935	43.3006
9.31313	20	1.37935	43.2199
9.39394	20	1.37935	43.1392
9.47475	20	1.37935	43.0584
9.55556	20	1.37935	42.9776
9.63636	20	1.37935	42.8967
9.71717	20	1.37935	42.8157
9.79798	20	1.37935	42.7346
9.87879	20	1.37935	42.6534
9.9596	20	1.37935	42.5721
10.0404	20	1.37935	42.4906
10.1212	20	1.37935	42.4091
10.202	20	1.37935	42.3273
10.2828	20	1.37935	42.2453
10.3636	20	1.37935	42.1631
10.4444	20	1.37935	42.0806
10.5253	20	1.37935	41.9978
10.6061	20	1.37935	41.9145
10.6869	20	1.37935	41.8307
10.7677	20	1.37935	41.7463
10.8485	20	1.37935	41.6611
10.9293	20	1.37935	41.575
11.0101	20	1.37935	41.4879
11.0909	20	1.37935	41.3995
11.1717	20	1.37935	41.3095
11.2525	20	1.37935	41.2176
11.3333	20	1.37935	41.1235
11.4141	20	1.37935	41.0266
11.4949	20	1.37935	40.9265
11.5758	20	1.37935	40.8224
11.6566	20	1.37935	40.7135
11.7374	20	1.37935	40.5989
11.8182	20	1.37935	40.4774
11.899	20	1.37935	40.3476
11.9798	20	1.37935	40.2077
12.0606	20	1.37935	40.0558
12.1414	20	1.37935	39.8893
12.2222	20	1.37935	39.7053
12.303	20	1.37935	39.5002
12.3838	20	1.37935	39.2697
12.4646	20	1.37935	39.0085
12.5455	20	1.37935	38.7105
12.6263	20	1.37935	38.368
12.7071	20	1.37935	37.9721
12.7879	20	1.37935	37.5117
12.8687	20	1.37935	36.9737
12.9495	20	1.37935	36.3421
13.0303	20	1.37935	35.598
13.1111	20	1.37935	34.7182
13.1919	20	1.37935	33.675
13.2727	20	1.37935	32.4349
13.3535	20	1.37935	30.9578
13.4343	20	1.37935	29.1952
13.5152	20	1.37935	27.0886
13.596	20	1.37935	24.5678
13.6768	20	1.37935	21.5479
13.7576	20	1.37935	17.927
13.8384	20	1.37935	13.5822
13.9192	20	1.37935	8.3653
14	20	1.37935	2.09808
6	21	1.44456	43.5851
6.08081	21	1.44456	44.0286
6.16162	21	1.44456	44.3831
6.24242	21	1.44456	44.6637
6.32323	21	1.44456	44.8829
6.40404	21	1.44456	45.0512
6.48485	21	1.44456	45.1772
6.56566	21	1.44456	45.2681
6.64646	21	1.44456	45.3298
6.72727	21	1.44456	45.3674
6.80808	21	1.44456	45.3848
6.88889	21	1.44456	45.3855
6.9697	21	1.44456	45.3725
7.05051	21	1.44456	45.3479
7.13131	21	1.44456	45.3137
7.21212	21	1.44456	45.2717
7.29293	21	1.44456	45.223
7.37374	21	1.44456	45.1689
7.45455	21	1.44456	45.1103
7.53535	21	1.44456	45.0479
7.61616	21	1.44456	44.9824
7.69697	21	1.44456	44.9143
7.77778	21	1.44456	44.844
7.85859	21	1.44456	44.7719
7.93939	21	1.44456	44.6984
8.0202	21	1.44456	44.6236
8.10101	21	1.44456	44.5478
8.18182	21	1.44456	44.4711
8.26263	21	1.44456	44.3937
8.34343	21	1.44456	44.3158
8.42424	21	1.44456	44.2373
8.50505	21	1.44456	44.1585
8.58586	21	1.44456	44.0793
8.66667	21	1.44456	43.9998
8.74747	21	1.44456	43.9201
8.82828	21	1.44456	43.8402
8.90909	21	1.44456	43.7601
8.9899	21	1.44456	43.6799
9.07071	21	1.44456	43.5996
9.15152	21	1.44456	43.5192
9.23232	21	1.44456	43.4386
9.31313	21	1.44456	43.358
9.39394	21	1.44456	43.2773
9.47475	21	1.44456	43.1966
9.55556	21	1.44456	43.1157
9.63636	21	1.44456	43.0348
9.71717	21	1.44456	42.9539
9.79798	21	1.44456	42.8728
9.87879	21	1.44456	42.7917
9.9596	21	1.44456	42.7105
10.0404	21	1.44456	42.6291
10.1212	21	1.44456	42.5477
10.202	21	1.44456	42.466
10.2828	21	1.44456	42.3842
10.3636	21	1.44456	42.3022
10.4444	21	1.44456	42.2199
10.5253	21	1.44456	42.1374
10.6061	21	1.44456	42.0544
10.6869	21	1.44456	41.971
10.7677	21	1.44456	41.887
10.8485	21	1.44456	41.8025
10.9293	21	1.44456	41.7171
11.0101	21	1.44456	41.6308
11.0909	21	1.44456	41.5434
11.1717	21	1.44456	41.4546
11.2525	21	1.44456	41.3642
11.3333	21	1.44456	41.2718
11.4141	21	1.44456	41.1771
11.4949	21	1.44456	41.0795
11.5758	21	1.44456	40.9785
11.6566	21	1.44456	40.8733
11.7374	21	1.44456	40.7632
11.8182	21	1.44456	40.6471
11.899	21	1.44456	40.5237
11.9798	21	1.44456	40.3917
12.0606	21	1.44456	40.2491
12.1414	21	1.44456	40.094
12.2222	21	1.44456	39.9236
12.303	21	1.44456	39.7349
12.3838	21	1.44456	39.5242
12.4646	21	1.44456	39.2869
12.5455	21	1.44456	39.0176
12.6263	21	1.44456	38.7097
12.7071	21	1.44456	38.3554
12.7879	21	1.44456	37.9452
12.8687	21	1.44456	37.4676
12.9495	21	1.44456	36.9089
13.0303	21	1.44456	36.2524
13.1111	21	1.44456	35.4782
13.1919	21	1.44456	34.5622
13.2727	21	1.44456	33.4755
13.3535	21	1.44456	32.1829
13.4343	21	1.44456	30.6426
13.5152	21	1.44456	28.8038
13.596	21	1.44456	26.6056
13.6768	21	1.44456	23.9742
13.7576	21	1.44456	20.8213
13.8384	21	1.44456	17.0401
13.9192	21	1.44456	12.5022
14	21	1.44456	7.05278
6	22	1.50977	43.7351
6.08081	22	1.50977	44.1763
6.16162	22	1.50977	44.5289
6.24242	22	1.50977	44.8078
6.32323	22	1.50977	45.0257
6.40404	22	1.50977	45.1929
6.48485	22	1.50977	45.318
6.56566	22	1.50977	45.4081
6.64646	22	1.50977	45.4692
6.72727	22	1.50977	45.5062
6.80808	22	1.50977	45.5232
6.88889	22	1.50977	45.5236
6.9697	22	1.50977	45.5102
7.05051	22	1.50977	45.4853
7.13131	22	1.50977	45.451
7.21212	22	1.50977	45.4088
7.29293	22	1.50977	45.36
7.37374	22	1.50977	45.3058
7.45455	22	1.50977	45.247
7.53535	22	1.50977	45.1846
7.61616	22	1.50977	45.119
7.69697	22	1.50977	45.0508
7.77778	22	1.50977	44.9805
7.85859	22	1.50977	44.9084
7.93939	22	1.50977	44.8348
8.0202	22	1.50977	44.76
8.10101	22	1.50977	44.6841
8.18182	22	1.50977	44.6075
8.26263	22	1.50977	44.5301
8.34343	22	1.50977	44.4521
8.42424	22	1.50977	44.3737
8.50505	22	1.50977	44.2948
8.58586	22	1.50977	44.2156
8.66667	22	1.50977	44.1361
8.74747	22	1.50977	44.0564
8.82828	22	1.50977	43.9765
8.90909	22	1.50977	43.8964
8.9899	22	1.50977	43.8162
9.07071	22	1.50977	43.7359
9.15152	22	1.50977	43.6555
9.23232	22	1.50977	43.575
9.31313	22	1.50977	43.4944
9.39394	22	1.50977	43.4137
9.47475	22	1.50977	43.3329
9.55556	22	1.50977	43.2521
9.63636	22	1.50977	43.1713
9.71717	22	1.50977	43.0904
9.79798	22	1.50977	43.0094
9.87879	22	1.50977	42.9283
9.9596	22	1.50977	42.8471
10.0404	22	1.50977	42.7659
10.1212	22	1.50977	42.6845
10.202	22	1.50977	42.603
10.2828	22	1.50977	42.5213
10.3636	22	1.50977	42.4395
10.4444	22	1.50977	42.3574
10.5253	22	1.50977	42.275
10.6061	22	1.50977	42.1924
10.6869	22	1.50977	42.1093
10.7677	22	1.50977	42.0258
10.8485	22	1.50977	41.9417
10.9293	22	1.50977	41.857
11.0101	22	1.50977	41.7714
11.0909	22	1.50977	41.6849
11.1717	22	1.50977	41.5972
11.2525	22	1.50977	41.5081
11.3333	22	1.50977	41.4173
11.4141	22	1.50977	41.3245
11.4949	22	1.50977	41.2292
11.5758	22	1.50977	41.1309
11.6566	22	1.50977	41.029
11.7374	22	1.50977	40.9229
11.8182	22	1.50977	40.8115
11.899	22	1.50977	40.6939
11.9798	22	1.50977	40.5688
12.0606	22	1.50977	40.4347
12.1414	22	1.50977	40.2896
12.2222	22	1.50977	40.1314
12.303	22	1.50977	39.9574
12.3838	22	1.50977	39.7642
12.4646	22	1.50977	39.5482
12.5455	22	1.50977	39.3044
12.6263	22	1.50977	39.0274
12.7071	22	1.50977	38.7102
12.7879	22	1.50977	38.3446
12.8687	22	1.50977	37.9208
12.9495	22	1.50977	37.4269
13.0303	22	1.50977	36.8485
13.1111	22	1.50977	36.1684
13.1919	22	1.50977	35.3657
13.2727	22	1.50977	34.4153
13.3535	22	1.50977	33.2872
13.4343	22	1.50977	31.9448
13.5152	22	1.50977	30.3445
13.596	22	1.50977	28.4334
13.6768	22	1.50977	26.148
13.7576	22	1.50977	23.4117
13.8384	22	1.50977	20.1325
13.9192	22	1.50977	16.1991
14	22	1.50977	11.4778
6	23	1.57498	43.8232
6.08081	23	1.57498	44.2723
6.16162	23	1.57498	44.6314
6.24242	23	1.57498	44.9158
6.32323	23	1.57498	45.1383
6.40404	23	1.57498	45.3092
6.48485	23	1.57498	45.4374
6.56566	23	1.57498	45.5301
6.64646	23	1.57498	45.5934
6.72727	23	1.57498	45.6322
6.80808	23	1.57498	45.6507
6.88889	23	1.57498	45.6523
6.9697	23	1.57498	45.6399
7.05051	23	1.57498	45.6159
7.13131	23	1.57498	45.5823
7.21212	23	1.57498	45.5407
7.29293	23	1.57498	45.4924
7.37374	23	1.57498	45.4385
7.45455	23	1.57498	45.3801
7.53535	23	1.57498	45.3179
7.61616	23	1.57498	45.2526
7.69697	23	1.57498	45.1846
7.77778	23	1.57498	45.1144
7.85859	23	1.57498	45.0425
7.93939	23	1.57498	44.969
8.0202	23	1.57498	44.8943
8.10101	23	1.57498	44.8185
8.18182	23	1.57498	44.7419
8.26263	23	1.57498	44.6646
8.34343	23	1.57498	44.5866
8.42424	23	1.57498	44.5082
8.50505	23	1.57498	44.4294
8.58586	23	1.57498	44.3502
8.66667	23	1.57498	44.2708
8.74747	23	1.57498	44.1911
8.82828	23	1.57498	44.1112
8.90909	23	1.57498	44.0312
8.9899	23	1.57498	43.951
9.07071	23	1.57498	43.8706
9.15152	23	1.57498	43.7902
9.23232	23	1.57498	43.7097
9.31313	23	1.57498	43.6292
9.39394	23	1.57498	43.5485
9.47475	23	1.57498	43.4678
9.55556	23	1.57498	43.387
9.63636	23	1.57498	43.3062
9.71717	23	1.57498	43.2253
9.79798	23	1.57498	43.1443
9.87879	23	1.57498	43.0633
9.9596	23	1.57498	42.9822
10.0404	23	1.57498	42.901
10.1212	23	1.57498	42.8197
10.202	23	1.57498	42.7383
10.2828	23	1.57498	42.6568
10.3636	23	1.57498	42.5751
10.4444	23	1.57498	42.4932
10.5253	23	1.57498	42.4111
10.6061	23	1.57498	42.3287
10.6869	23	1.57498	42.2459
10.7677	23	1.57498	42.1628
10.8485	23	1.57498	42.0792
10.9293	23	1.57498	41.995
11.0101	23	1.57498	41.9101
11.0909	23	1.57498	41.8244
11.1717	23	1.57498	41.7376
11.2525	23	1.57498	41.6497
11.3333	23	1.57498	41.5603
11.4141	23	1.57498	41.4691
11.4949	23	1.57498	41.3758
11.5758	23	1.57498	41.28
11.6566	23	1.57498	41.1811
11.7374	23	1.57498	41.0784
11.8182	23	1.57498	40.9714
11.899	23	1.57498	40.8589
11.9798	23	1.57498	40.74
12.0606	23	1.57498	40.6133
12.1414	23	1.57498	40.4772
12.2222	23	1.57498	40.3298
12.303	23	1.57498	40.1687
12.3838	23	1.57498	39.9913
12.4646	23	1.57498	39.7941
12.5455	23	1.57498	39.5731
12.6263	23	1.57498	39.3234
12.7071	23	1.57498	39.0392
12.7879	23	1.57498	38.7133
12.8687	23	1.57498	38.3374
12.9495	23	1.57498	37.9012
13.0303	23	1.57498	37.3922
13.1111	23	1.57498	36.7957
13.1919	23	1.57498	36.0937
13.2727	23	1.57498	35.2647
13.3535	23	1.57498	34.2826
13.4343	23	1.57498	33.1163
13.5152	23	1.57498	31.728
13.596	23	1.57498	30.0722
13.6768	23	1.57498	28.0944
13.7576	23	1.57498	25.7287
13.8384	23	1.57498	22.8957
13.9192	23	1.57498	19.4998
14	23	1.57498	15.426
6	24	1.64018	43.8317
6.08081	24	1.64018	44.302
6.16162	24	1.64018	44.6787
6.24242	24	1.64018	44.9777
6.32323	24	1.64018	45.2122
6.40404	24	1.64018	45.3932
6.48485	24	1.64018	45.5298
6.56566	24	1.64018	45.6294
6.64646	24	1.64018	45.6984
6.72727	24	1.64018	45.742
6.80808	24	1.64018	45.7645
6.88889	24	1.64018	45.7694
6.9697	24	1.64018	45.7597
7.05051	24	1.64018	45.738
7.13131	24	1.64018	45.7063
7.21212	24	1.64018	45.6662
7.29293	24	1.64018	45.6192
7.37374	24	1.64018	45.5665
7.45455	24	1.64018	45.509
7.53535	24	1.64018	45.4475
7.61616	24	1.64018	45.3828
7.69697	24	1.64018	45.3153
7.77778	24	1.64018	45.2455
7.85859	24	1.64018	45.1739
7.93939	24	1.64018	45.1007
8.0202	24	1.64018	45.0263
8.10101	24	1.64018	44.9507
8.18182	24	1.64018	44.8743
8.26263	24	1.64018	44.7971
8.34343	24	1.64018	44.7193
8.42424	24	1.64018	44.641
8.50505	24	1.64018	44.5622
8.58586	24	1.64018	44.4831
8.66667	24	1.64018	44.4037
8.74747	24	1.64018	44.3241
8.82828	24	1.64018	44.2442
8.90909	24	1.64018	44.1642
8.9899	24	1.64018	44.0841
9.07071	24	1.64018	44.0038
9.15152	24	1.64018	43.9234
9.23232	24	1.64018	43.8429
9.31313	24	1.64018	43.7623
9.39394	24	1.64018	43.6817
9.47475	24	1.64018	43.601
9.55556	24	1.64018	43.5203
9.63636	24	1.64018	43.4395
9.71717	24	1.64018	43.3586
9.79798	24	1.64018	43.2777
9.87879	24	1.64018	43.1967
9.9596	24	1.64018	43.1157
10.0404	24	1.64018	43.0346
10.1212	24	1.64018	42.9534
10.202	24	1.64018	42.872
10.2828	24	1.64018	42.7906
10.3636	24	1.64018	42.709
10.4444	24	1.64018	42.6273
10.5253	24	1.64018	42.5454
10.6061	24	1.64018	42.4632
10.6869	24	1.64018	42.3807
10.7677	24	1.64018	42.298
10.8485	24	1.64018	42.2147
10.9293	24	1.64018	42.131
11.0101	24	1.64018	42.0467
11.0909	24	1.64018	41.9617
11.1717	24	1.64018	41.8758
11.2525	24	1.64018	41.7889
11.3333	24	1.64018	41.7008
11.4141	24	1.64018	41.6111
11.4949	24	1.64018	41.5196
11.5758	24	1.64018	41.4259
11.6566	24	1.64018	41.3296
11.7374	24	1.64018	41.2301
11.8182	24	1.64018	41.1268
11.899	24	1.64018	41.019
11.9798	24	1.64018	40.9055
12.0606	24	1.64018	40.7854
12.1414	24	1.64018	40.6573
12.2222	24	1.64018	40.5195
12.303	24	1.64018	40.37
12.3838	24	1.64018	40.2065
12.4646	24	1.64018	40.026
12.5455	24	1.64018	39.8252
12.6263	24	1.64018	39.5999
12.7071	24	1.64018	39.3449
12.7879	24	1.64018	39.0544
12.8687	24	1.64018	38.721
12.9495	24	1.64018	38.336
13.0303	24	1.64018	37.8887
13.1111	24	1.64018	37.3665
13.1919	24	1.64018	36.754
13.2727	24	1.64018	36.0327
13.3535	24	1.64018	35.1805
13.4343	24	1.64018	34.1706
13.5152	24	1.64018	32.9706
13.596	24	1.64018	31.5418
13.6768	24	1.64018	29.8373
13.7576	24	1.64018	27.8007
13.8384	24	1.64018	25.3642
13.9192	24	1.64018	22.4459
14	24	1.64018	18.9473
6	25	1.70539	43.8054
6.08081	25	1.70539	44.3024
6.16162	25	1.70539	44.7013
6.24242	25	1.70539	45.0187
6.32323	25	1.70539	45.2685
6.40404	25	1.70539	45.4622
6.48485	25	1.70539	45.6093
6.56566	25	1.70539	45.7177
6.64646	25	1.70539	45.794
6.72727	25	1.70539	45.8436
6.80808	25	1.70539	45.871
6.88889	25	1.70539	45.8801
6.9697	25	1.70539	45.8739
7.05051	25	1.70539	45.8551
7.13131	25	1.70539	45.8257
7.21212	25	1.70539	45.7876
7.29293	25	1.70539	45.7422
7.37374	25	1.70539	45.6909
7.45455	25	1.70539	45.6345
7.53535	25	1.70539	45.574
7.61616	25	1.70539	45.51
7.69697	25	1.70539	45.4432
7.77778	25	1.70539	45.374
7.85859	25	1.70539	45.3028
7.93939	25	1.70539	45.23
8.0202	25	1.70539	45.1558
8.10101	25	1.70539	45.0805
8.18182	25	1.70539	45.0043
8.26263	25	1.70539	44.9273
8.34343	25	1.70539	44.8496
8.42424	25	1.70539	44.7714
8.50505	25	1.70539	44.6928
8.58586	25	1.70539	44.6138
8.66667	25	1.70539	44.5345
8.74747	25	1.70539	44.4549
8.82828	25	1.70539	44.3751
8.90909	25	1.70539	44.2951
8.9899	25	1.70539	44.215
9.07071	25	1.70539	44.1347
9.15152	25	1.70539	44.0544
9.23232	25	1.70539	43.9739
9.31313	25	1.70539	43.8934
9.39394	25	1.70539	43.8128
9.47475	25	1.70539	43.7321
9.55556	25	1.70539	43.6514
9.63636	25	1.70539	43.5706
9.71717	25	1.70539	43.4898
9.79798	25	1.70539	43.4089
9.87879	25	1.70539	43.328
9.9596	25	1.70539	43.247
10.0404	25	1.70539	43.1659
10.1212	25	1.70539	43.0848
10.202	25	1.70539	43.0036
10.2828	25	1.70539	42.9222
10.3636	25	1.70539	42.8408
10.4444	25	1.70539	42.7592
10.5253	25	1.70539	42.6774
10.6061	25	1.70539	42.5955
10.6869	25	1.70539	42.5133
10.7677	25	1.70539	42.4308
10.8485	25	1.70539	42.3479
10.9293	25	1.70539	42.2647
11.0101	25	1.70539	42.1809
11.0909	25	1.70539	42.0965
11.1717	25	1.70539	42.0114
11.2525	25	1.70539	41.9254
11.3333	25	1.70539	41.8383
11.4141	25	1.70539	41.75
11.4949	25	1.70539	41.6601
11.5758	25	1.70539	41.5683
11.6566	25	1.70539	41.4743
11.7374	25	1.70539	41.3777
11.8182	25	1.70539	41.2777
11.899	25	1.70539	41.1739
11.9798	25	1.70539	41.0653
12.0606	25	1.70539	40.9511
12.1414	25	1.70539	40.8301
12.2222	25	1.70539	40.7008
12.303	25	1.70539	40.5616
12.3838	25	1.70539	40.4104
12.4646	25	1.70539	40.2449
12.5455	25	1.70539	40.0621
12.6263	25	1.70539	39.8583
12.7071	25	1.70539	39.6295
12.7879	25	1.70539	39.3704
12.8687	25	1.70539	39.0748
12.9495	25	1.70539	38.7352
13.0303	25	1.70539	38.3428
13.1111	25	1.70539	37.8867
13.1919	25	1.70539	37.3537
13.2727	25	1.70539	36.7284
13.3535	25	1.70539	35.9916
13.4343	25	1.70539	35.1207
13.5152	25	1.70539	34.0883
13.596	25	1.70539	32.8612
13.6768	25	1.70539	31.3997
13.7576	25	1.70539	29.6559
13.8384	25	1.70539	27.572
13.9192	25	1.70539	25.0784
14	25	1.70539	22.0914
6	26	1.7706	43.7842
6.08081	26	1.7706	44.3064
6.16162	26	1.7706	44.7263
6.24242	26	1.7706	45.0611
6.32323	26	1.7706	45.3254
6.40404	26	1.7706	45.5311
6.48485	26	1.7706	45.6881
6.56566	26	1.7706	45.8048
6.64646	26	1.7706	45.8879
6.72727	26	1.7706	45.9432
6.80808	26	1.7706	45.9754
6.88889	26	1.7706	45.9884
6.9697	26	1.7706	45.9855
7.05051	26	1.7706	45.9694
7.13131	26	1.7706	45.9422
7.21212	26	1.7706	45.906
7.29293	26	1.7706	45.8622
7.37374	26	1.7706	45.8121
7.45455	26	1.7706	45.7568
7.53535	26	1.7706	45.6972
7.61616	26	1.7706	45.6339
7.69697	26	1.7706	45.5677
7.77778	26	1.7706	45.499
7.85859	26	1.7706	45.4283
7.93939	26	1.7706	45.3558
8.0202	26	1.7706	45.2819
8.10101	26	1.7706	45.2069
8.18182	26	1.7706	45.1309
8.26263	26	1.7706	45.054
8.34343	26	1.7706	44.9765
8.42424	26	1.7706	44.8984
8.50505	26	1.7706	44.8199
8.58586	26	1.7706	44.7409
8.66667	26	1.7706	44.6617
8.74747	26	1.7706	44.5822
8.82828	26	1.7706	44.5024
8.90909	26	1.7706	44.4225
8.9899	26	1.7706	44.3424
9.07071	26	1.7706	44.2622
9.15152	26	1.7706	44.1818
9.23232	26	1.7706	44.1014
9.31313	26	1.7706	44.0209
9.39394	26	1.7706	43.9403
9.47475	26	1.7706	43.8597
9.55556	26	1.7706	43.779
9.63636	26	1.7706	43.6983
9.71717	26	1.7706	43.6175
9.79798	26	1.7706	43.5366
9.87879	26	1.7706	43.4557
9.9596	26	1.7706	43.3748
10.0404	26	1.7706	43.2938
10.1212	26	1.7706	43.2127
10.202	26	1.7706	43.1315
10.2828	26	1.7706	43.0503
10.3636	26	1.7706	42.9689
10.4444	26	1.7706	42.8875
10.5253	26	1.7706	42.8059
10.6061	26	1.7706	42.7241
10.6869	26	1.7706	42.6421
10.7677	26	1.7706	42.5599
10.8485	26	1.7706	42.4774
10.9293	26	1.7706	42.3945
11.0101	26	1.7706	42.3112
11.0909	26	1.7706	42.2274
11.1717	26	1.7706	42.1429
11.2525	26	1.7706	42.0577
11.3333	26	1.7706	41.9717
11.4141	26	1.7706	41.8845
11.4949	26	1.7706	41.7961
11.5758	26	1.7706	41.7061
11.6566	26	1.7706	41.6142
11.7374	26	1.7706	41.52
11.8182	26	1.7706	41.4231
11.899	26	1.7706	41.3229
11.9798	26	1.7706	41.2187
12.0606	26	1.7706	41.1098
12.1414	26	1.7706	40.9951
12.2222	26	1.7706	40.8735
12.303	26	1.7706	40.7435
12.3838	26	1.7706	40.6035
12.4646	26	1.7706	40.4514
12.5455	26	1.7706	40.2847
12.6263	26	1.7706	40.1004
12.7071	26	1.7706	39.895
12.7879	26	1.7706	39.6641
12.8687	26	1.7706	39.4025
12.9495	26	1.7706	39.1039
13.0303	26	1.7706	38.7607
13.1111	26	1.7706	38.364
13.1919	26	1.7706	37.9026
13.2727	26	1.7706	37.3634
13.3535	26	1.7706	36.7304
13.4343	26	1.7706	35.9845
13.5152	26	1.7706	35.1026
13.596	26	1.7706	34.0569
13.6768	26	1.7706	32.8139
13.7576	26	1.7706	31.3332
13.8384	26	1.7706	29.5662
13.9192	26	1.7706	27.4543
14	26	1.7706	24.9271
6	27	1.83581	43.7958
6.08081	27	1.83581	44.3367
6.16162	27	1.83581	44.772
6.24242	27	1.83581	45.1196
6.32323	27	1.83581	45.3945
6.40404	27	1.83581	45.6091
6.48485	27	1.83581	45.7734
6.56566	27	1.83581	45.8962
6.64646	27	1.83581	45.9844
6.72727	27	1.83581	46.0439
6.80808	27	1.83581	46.0795
6.88889	27	1.83581	46.0954
6.9697	27	1.83581	46.0949
7.05051	27	1.83581	46.0808
7.13131	27	1.83581	46.0553
7.21212	27	1.83581	46.0204
7.29293	27	1.83581	45.9778
7.37374	27	1.83581	45.9286
7.45455	27	1.83581	45.8741
7.53535	27	1.83581	45.8151
7.61616	27	1.83581	45.7524
7.69697	27	1.83581	45.6867
7.77778	27	1.83581	45.6184
7.85859	27	1.83581	45.5479
7.93939	27	1.83581	45.4757
8.0202	27	1.83581	45.4021
8.10101	27	1.83581	45.3272
8.18182	27	1.83581	45.2513
8.26263	27	1.83581	45.1746
8.34343	27	1.83581	45.0972
8.42424	27	1.83581	45.0192
8.50505	27	1.83581	44.9407
8.58586	27	1.83581	44.8618
8.66667	27	1.83581	44.7826
8.74747	27	1.83581	44.7031
8.82828	27	1.83581	44.6234
8.90909	27	1.83581	44.5435
8.9899	27	1.83581	44.4635
9.07071	27	1.83581	44.3833
9.15152	27	1.83581	44.303
9.23232	27	1.83581	44.2226
9.31313	27	1.83581	44.1421
9.39394	27	1.83581	44.0615
9.47475	27	1.83581	43.9809
9.55556	27	1.83581	43.9002
9.63636	27	1.83581	43.8195
9.71717	27	1.83581	43.7387
9.79798	27	1.83581	43.6579
9.87879	27	1.83581	43.5771
9.9596	27	1.83581	43.4961
10.0404	27	1.83581	43.4152
10.1212	27	1.83581	43.3342
10.202	27	1.83581	43.2531
10.2828	27	1.83581	43.1719
10.3636	27	1.83581	43.0907
10.4444	27	1.83581	43.0093
10.5253	27	1.83581	42.9279
10.6061	27	1.83581	42.8463
10.6869	27	1.83581	42.7645
10.7677	27	1.83581	42.6825
10.8485	27	1.83581	42.6003
10.9293	27	1.83581	42.5178
11.0101	27	1.83581	42.4349
11.0909	27	1.83581	42.3516
11.1717	27	1.83581	42.2678
11.2525	27	1.83581	42.1834
11.3333	27	1.83581	42.0982
11.4141	27	1.83581	42.0121
11.4949	27	1.83581	41.925
11.5758	27	1.83581	41.8366
11.6566	27	1.83581	41.7466
11.7374	27	1.83581	41.6547
11.8182	27	1.83581	41.5606
11.899	27	1.83581	41.4638
11.9798	27	1.83581	41.3636
12.0606	27	1.83581	41.2596
12.1414	27	1.83581	41.1507
12.2222	27	1.83581	41.0362
12.303	27	1.83581	40.9147
12.3838	27	1.83581	40.7849
12.4646	27	1.83581	40.6451
12.5455	27	1.83581	40.4933
12.6263	27	1.83581	40.3269
12.7071	27	1.83581	40.143
12.7879	27	1.83581	39.938
12.8687	27	1.83581	39.7076
12.9495	27	1.83581	39.4466
13.0303	27	1.83581	39.1488
13.1111	27	1.83581	38.8067
13.1919	27	1.83581	38.411
13.2727	27	1.83581	37.951
13.3535	27	1.83581	37.4134
13.4343	27	1.83581	36.7825
13.5152	27	1.83581	36.039
13.596	27	1.83581	35.16
13.6768	27	1.83581	34.1178
13.7576	27	1.83581	32.8789
13.8384	27	1.83581	31.4032
13.9192	27	1.83581	29.6423
14	27	1.83581	27.5378
6	28	1.90102	43.9087
6.08081	28	1.90102	44.4484
6.16162	28	1.90102	44.8827
6.24242	28	1.90102	45.2295
6.32323	28	1.90102	45.5038
6.40404	28	1.90102	45.7177
6.48485	28	1.90102	45.8817
6.56566	28	1.90102	46.004
6.64646	28	1.90102	46.0919
6.72727	28	1.90102	46.1511
6.80808	28	1.90102	46.1866
6.88889	28	1.90102	46.2023
6.9697	28	1.90102	46.2016
7.05051	28	1.90102	46.1874
7.13131	28	1.90102	46.1618
7.21212	28	1.90102	46.1268
7.29293	28	1.90102	46.0841
7.37374	28	1.90102	46.0349
7.45455	28	1.90102	45.9803
7.53535	28	1.90102	45.9213
7.61616	28	1.90102	45.8586
7.69697	28	1.90102	45.7928
7.77778	28	1.90102	45.7244
7.85859	28	1.90102	45.654
7.93939	28	1.90102	45.5818
8.0202	28	1.90102	45.5081
8.10101	28	1.90102	45.4332
8.18182	28	1.90102	45.3573
8.26263	28	1.90102	45.2806
8.34343	28	1.90102	45.2032
8.42424	28	1.90102	45.1252
8.50505	28	1.90102	45.0467
8.58586	28	1.90102	44.9678
8.66667	28	1.90102	44.8886
8.74747	28	1.90102	44.8091
8.82828	28	1.90102	44.7294
8.90909	28	1.90102	44.6495
8.9899	28	1.90102	44.5695
9.07071	28	1.90102	44.4893
9.15152	28	1.90102	44.409
9.23232	28	1.90102	44.3286
9.31313	28	1.90102	44.2481
9.39394	28	1.90102	44.1675
9.47475	28	1.90102	44.0869
9.55556	28	1.90102	44.0063
9.63636	28	1.90102	43.9256
9.71717	28	1.90102	43.8448
9.79798	28	1.90102	43.764
9.87879	28	1.90102	43.6832
9.9596	28	1.90102	43.6023
10.0404	28	1.90102	43.5214
10.1212	28	1.90102	43.4404
10.202	28	1.90102	43.3594
10.2828	28	1.90102	43.2783
10.3636	28	1.90102	43.1972
10.4444	28	1.90102	43.116
10.5253	28	1.90102	43.0346
10.6061	28	1.90102	42.9532
10.6869	28	1.90102	42.8716
10.7677	28	1.90102	42.7899
10.8485	28	1.90102	42.708
10.9293	28	1.90102	42.6258
11.0101	28	1.90102	42.5433
11.0909	28	1.90102	42.4605
11.1717	28	1.90102	42.3773
11.2525	28	1.90102	42.2937
11.3333	28	1.90102	42.2094
11.4141	28	1.90102	42.1244
11.4949	28	1.90102	42.0386
11.5758	28	1.90102	41.9517
11.6566	28	1.90102	41.8636
11.7374	28	1.90102	41.774
11.8182	28	1.90102	41.6826
11.899	28	1.90102	41.589
11.9798	28	1.90102	41.4928
12.0606	28	1.90102	41.3935
12.1414	28	1.90102	41.2903
12.2222	28	1.90102	41.1826
12.303	28	1.90102	41.0695
12.3838	28	1.90102	40.9497
12.4646	28	1.90102	40.8219
12.5455	28	1.90102	40.6845
12.6263	28	1.90102	40.5355
12.7071	28	1.90102	40.3726
12.7879	28	1.90102	40.193
12.8687	28	1.90102	39.9931
12.9495	28	1.90102	39.7688
13.0303	28	1.90102	39.5152
13.1111	28	1.90102	39.2263
13.1919	28	1.90102	38.8948
13.2727	28	1.90102	38.5121
13.3535	28	1.90102	38.0676
13.4343	28	1.90102	37.5487
13.5152	28	1.90102	36.9403
13.596	28	1.90102	36.2239
13.6768	28	1.90102	35.3776
13.7576	28	1.90102	34.3748
13.8384	28	1.90102	33.1833
13.9192	28	1.90102	31.7648
14	28	1.90102	30.0726
6	29	1.96623	44.1898
6.08081	29	1.96623	44.69
6.16162	29	1.96623	45.0914
6.24242	29	1.96623	45.411
6.32323	29	1.96623	45.6627
6.40404	29	1.96623	45.8578
6.48485	29	1.96623	46.0062
6.56566	29	1.96623	46.1156
6.64646	29	1.96623	46.1927
6.72727	29	1.96623	46.243
6.80808	29	1.96623	46.2711
6.88889	29	1.96623	46.2806
6.9697	29	1.96623	46.2748
7.05051	29	1.96623	46.2563
7.13131	29	1.96623	46.2272
7.21212	29	1.96623	46.1894
7.29293	29	1.96623	46.1442
7.37374	29	1.96623	46.093
7.45455	29	1.96623	46.0367
7.53535	29	1.96623	45.9763
7.61616	29	1.96623	45.9125
7.69697	29	1.96623	45.8457
7.77778	29	1.96623	45.7766
7.85859	29	1.96623	45.7054
7.93939	29	1.96623	45.6327
8.0202	29	1.96623	45.5586
8.10101	29	1.96623	45.4833
8.18182	29	1.96623	45.4071
8.26263	29	1.96623	45.3301
8.34343	29	1.96623	45.2525
8.42424	29	1.96623	45.1743
8.50505	29	1.96623	45.0957
8.58586	29	1.96623	45.0167
8.66667	29	1.96623	44.9374
8.74747	29	1.96623	44.8578
8.82828	29	1.96623	44.778
8.90909	29	1.96623	44.6981
8.9899	29	1.96623	44.618
9.07071	29	1.96623	44.5377
9.15152	29	1.96623	44.4574
9.23232	29	1.96623	44.377
9.31313	29	1.96623	44.2965
9.39394	29	1.96623	44.2159
9.47475	29	1.96623	44.1353
9.55556	29	1.96623	44.0547
9.63636	29	1.96623	43.974
9.71717	29	1.96623	43.8933
9.79798	29	1.96623	43.8125
9.87879	29	1.96623	43.7317
9.9596	29	1.96623	43.6509
10.0404	29	1.96623	43.57
10.1212	29	1.96623	43.4891
10.202	29	1.96623	43.4081
10.2828	29	1.96623	43.3272
10.3636	29	1.96623	43.2461
10.4444	29	1.96623	43.165
10.5253	29	1.96623	43.0839
10.6061	29	1.96623	43.0026
10.6869	29	1.96623	42.9213
10.7677	29	1.96623	42.8398
10.8485	29	1.96623	42.7582
10.9293	29	1.96623	42.6765
11.0101	29	1.96623	42.5945
11.0909	29	1.96623	42.5124
11.1717	29	1.96623	42.4299
11.2525	29	1.96623	42.3471
11.3333	29	1.96623	42.2639
11.4141	29	1.96623	42.1802
11.4949	29	1.96623	42.0959
11.5758	29	1.96623	42.0108
11.6566	29	1.96623	41.925
11.7374	29	1.96623	41.838
11.8182	29	1.96623	41.7499
11.899	29	1.96623	41.6602
11.9798	29	1.96623	41.5687
12.0606	29	1.96623	41.475
12.1414	29	1.96623	41.3787
12.2222	29	1.96623	41.2792
12.303	29	1.96623	41.1759
12.3838	29	1.96623	41.068
12.4646	29	1.96623	40.9546
12.5455	29	1.96623	40.8345
12.6263	29	1.96623	40.7063
12.7071	29	1.96623	40.5685
12.7879	29	1.96623	40.419
12.8687	29	1.96623	40.2555
12.9495	29	1.96623	40.075
13.0303	29	1.96623	39.8742
13.1111	29	1.96623	39.6488
13.1919	29	1.96623	39.3939
13.2727	29	1.96623	39.1034
13.3535	29	1.96623	38.7699
13.4343	29	1.96623	38.3848
13.5152	29	1.96623	37.9375
13.596	29	1.96623	37.4152
13.6768	29	1.96623	36.8026
13.7576	29	1.96623	36.0813
13.8384	29	1.96623	35.229
13.9192	29	1.96623	34.2189
14	29	1.96623	33.0188
