6	0	0.0751617	52.8504
6.08081	0	0.0751617	52.683
6.16162	0	0.0751617	52.5165
6.24242	0	0.0751617	52.3508
6.32323	0	0.0751617	52.1856
6.40404	0	0.0751617	52.0204
6.48485	0	0.0751617	51.8545
6.56566	0	0.0751617	51.6868
6.64646	0	0.0751617	51.5162
6.72727	0	0.0751617	51.3415
6.80808	0	0.0751617	51.1617
6.88889	0	0.0751617	50.9762
6.9697	0	0.0751617	50.7847
7.05051	0	0.0751617	50.5872
7.13131	0	0.0751617	50.3839
7.21212	0	0.0751617	50.1754
7.29293	0	0.0751617	49.962
7.37374	0	0.0751617	49.7444
7.45455	0	0.0751617	49.523
7.53535	0	0.0751617	49.2984
7.61616	0	0.0751617	49.0709
7.69697	0	0.0751617	48.8411
7.77778	0	0.0751617	48.6092
7.85859	0	0.0751617	48.3755
7.93939	0	0.0751617	48.1404
8.0202	0	0.0751617	47.9041
8.10101	0	0.0751617	47.6667
8.18182	0	0.0751617	47.4284
8.26263	0	0.0751617	47.1894
8.34343	0	0.0751617	46.9497
8.42424	0	0.0751617	46.7096
8.50505	0	0.0751617	46.4689
8.58586	0	0.0751617	46.2279
8.66667	0	0.0751617	45.9865
8.74747	0	0.0751617	45.7448
8.82828	0	0.0751617	45.5029
8.90909	0	0.0751617	45.2606
8.9899	0	0.0751617	45.0182
9.07071	0	0.0751617	44.7755
9.15152	0	0.0751617	44.5326
9.23232	0	0.0751617	44.2894
9.31313	0	0.0751617	44.046
9.39394	0	0.0751617	43.8023
9.47475	0	0.0751617	43.5583
9.55556	0	0.0751617	43.3139
9.63636	0	0.0751617	43.0692
9.71717	0	0.0751617	42.8241
9.79798	0	0.0751617	42.5785
9.87879	0	0.0751617	42.3324
9.9596	0	0.0751617	42.0856
10.0404	0	0.0751617	41.8381
10.1212	0	0.0751617	41.5899
10.202	0	0.0751617	41.3406
10.2828	0	0.0751617	41.0904
10.3636	0	0.0751617	40.8389
10.4444	0	0.0751617	40.586
10.5253	0	0.0751617	40.3314
10.6061	0	0.0751617	40.0751
10.6869	0	0.0751617	39.8166
10.7677	0	0.0751617	39.5557
10.8485	0	0.0751617	39.2919
10.9293	0	0.0751617	39.025
11.0101	0	0.0751617	38.7544
11.0909	0	0.0751617	38.4795
11.1717	0	0.0751617	38.1997
11.2525	0	0.0751617	37.9142
11.3333	0	0.0751617	37.6221
11.4141	0	0.0751617	37.3225
11.4949	0	0.0751617	37.0141
11.5758	0	0.0751617	36.6954
11.6566	0	0.0751617	36.3648
11.7374	0	0.0751617	36.0203
11.8182	0	0.0751617	35.6595
11.899	0	0.0751617	35.2795
11.9798	0	0.0751617	34.8771
12.0606	0	0.0751617	34.4481
12.1414	0	0.0751617	33.9877
12.2222	0	0.0751617	33.4902
12.303	0	0.0751617	32.9485
12.3838	0	0.0751617	32.3541
12.4646	0	0.0751617	31.6971
12.5455	0	0.0751617	30.9652
12.6263	0	0.0751617	30.1436
12.7071	0	0.0751617	29.2146
12.7879	0	0.0751617	28.1567
12.8687	0	0.0751617	26.9441
12.9495	0	0.0751617	25.5453
13.0303	0	0.0751617	23.9227
13.1111	0	0.0751617	22.0307
13.1919	0	0.0751617	19.8143
13.2727	0	0.0751617	17.207
13.3535	0	0.0751617	14.1284
13.4343	0	0.0751617	10.4813
13.5152	0	0.0751617	6.14843
13.596	0	0.0751617	0.987949
13.6768	0	0.0751617	-5.17118
13.7576	0	0.0751617	-12.5351
13.8384	0	0.0751617	-21.3517
13.9192	0	0.0751617	-31.9207
14	0	0.0751617	-57.0211
6	1	0.140371	53.1647
6.08081	1	0.140371	52.9981
6.16162	1	0.140371	52.8323
6.24242	1	0.140371	52.6671
6.32323	1	0.140371	52.5023
6.40404	1	0.140371	52.3373
6.48485	1	0.140371	52.1714
6.56566	1	0.140371	52.0034
6.64646	1	0.140371	51.8321
6.72727	1	0.140371	51.6564
6.80808	1	0.140371	51.4755
6.88889	1	0.140371	51.2886
6.9697	1	0.140371	51.0958
7.05051	1	0.140371	50.897
7.13131	1	0.140371	50.6925
7.21212	1	0.140371	50.4828
7.29293	1	0.140371	50.2685
7.37374	1	0.140371	50.0499
7.45455	1	0.140371	49.8278
7.53535	1	0.140371	49.6024
7.61616	1	0.140371	49.3744
7.69697	1	0.140371	49.1441
7.77778	1	0.140371	48.9117
7.85859	1	0.140371	48.6778
7.93939	1	0.140371	48.4424
8.0202	1	0.140371	48.2058
8.10101	1	0.140371	47.9682
8.18182	1	0.140371	47.7298
8.26263	1	0.140371	47.4906
8.34343	1	0.140371	47.2509
8.42424	1	0.140371	47.0107
8.50505	1	0.140371	46.77
8.58586	1	0.140371	46.5289
8.66667	1	0.140371	46.2875
8.74747	1	0.140371	46.0459
8.82828	1	0.140371	45.8039
8.90909	1	0.140371	45.5618
8.9899	1	0.140371	45.3194
9.07071	1	0.140371	45.0768
9.15152	1	0.140371	44.834
9.23232	1	0.140371	44.591
9.31313	1	0.140371	44.3478
9.39394	1	0.140371	44.1043
9.47475	1	0.140371	43.8605
9.55556	1	0.140371	43.6165
9.63636	1	0.140371	43.3721
9.71717	1	0.140371	43.1274
9.79798	1	0.140371	42.8823
9.87879	1	0.140371	42.6367
9.9596	1	0.140371	42.3905
10.0404	1	0.140371	42.1438
10.1212	1	0.140371	41.8963
10.202	1	0.140371	41.6481
10.2828	1	0.140371	41.3989
10.3636	1	0.140371	41.1487
10.4444	1	0.140371	40.8972
10.5253	1	0.140371	40.6443
10.6061	1	0.140371	40.3899
10.6869	1	0.140371	40.1336
10.7677	1	0.140371	39.8752
10.8485	1	0.140371	39.6144
10.9293	1	0.140371	39.3508
11.0101	1	0.140371	39.0839
11.0909	1	0.140371	38.8135
11.1717	1	0.140371	38.5387
11.2525	1	0.140371	38.2591
11.3333	1	0.140371	37.9739
11.4141	1	0.140371	37.6821
11.4949	1	0.140371	37.3828
11.5758	1	0.140371	37.0747
11.6566	1	0.140371	36.7565
11.7374	1	0.140371	36.4264
11.8182	1	0.140371	36.0824
11.899	1	0.140371	35.7223
11.9798	1	0.140371	35.3432
12.0606	1	0.140371	34.9416
12.1414	1	0.140371	34.5138
12.2222	1	0.140371	34.0547
12.303	1	0.140371	33.5587
12.3838	1	0.140371	33.0189
12.4646	1	0.140371	32.4268
12.5455	1	0.140371	31.7724
12.6263	1	0.140371	31.0436
12.7071	1	0.140371	30.2259
12.7879	1	0.140371	29.3014
12.8687	1	0.140371	28.2489
12.9495	1	0.140371	27.0428
13.0303	1	0.140371	25.6519
13.1111	1	0.140371	24.0388
13.1919	1	0.140371	22.1582
13.2727	1	0.140371	19.9555
13.3535	1	0.140371	17.3647
13.4343	1	0.140371	14.306
13.5152	1	0.140371	10.683
13.596	1	0.140371	6.37909
13.6768	1	0.140371	1.25363
13.7576	1	0.140371	-4.86326
13.8384	1	0.140371	-12.1763
13.9192	1	0.140371	-20.9318
14	1	0.140371	-56.6031
6	2	0.20558	53.4063
6.08081	2	0.20558	53.2392
6.16162	2	0.20558	53.0731
6.24242	2	0.20558	52.9077
6.32323	2	0.20558	52.7426
6.40404	2	0.20558	52.5772
6.48485	2	0.20558	52.4107
6.56566	2	0.20558	52.2418
6.64646	2	0.20558	52.0694
6.72727	2	0.20558	51.8923
6.80808	2	0.20558	51.7098
6.88889	2	0.20558	51.5213
6.9697	2	0.20558	51.3268
7.05051	2	0.20558	51.1264
7.13131	2	0.20558	50.9204
7.21212	2	0.20558	50.7094
7.29293	2	0.20558	50.4939
7.37374	2	0.20558	50.2743
7.45455	2	0.20558	50.0513
7.53535	2	0.20558	49.8252
7.61616	2	0.20558	49.5965
7.69697	2	0.20558	49.3656
7.77778	2	0.20558	49.1328
7.85859	2	0.20558	48.8984
7.93939	2	0.20558	48.6627
8.0202	2	0.20558	48.4258
8.10101	2	0.20558	48.188
8.18182	2	0.20558	47.9494
8.26263	2	0.20558	47.7101
8.34343	2	0.20558	47.4703
8.42424	2	0.20558	47.2299
8.50505	2	0.20558	46.9892
8.58586	2	0.20558	46.7481
8.66667	2	0.20558	46.5067
8.74747	2	0.20558	46.265
8.82828	2	0.20558	46.0231
8.90909	2	0.20558	45.7809
8.9899	2	0.20558	45.5386
9.07071	2	0.20558	45.2961
9.15152	2	0.20558	45.0533
9.23232	2	0.20558	44.8104
9.31313	2	0.20558	44.5673
9.39394	2	0.20558	44.3239
9.47475	2	0.20558	44.0804
9.55556	2	0.20558	43.8365
9.63636	2	0.20558	43.5924
9.71717	2	0.20558	43.3479
9.79798	2	0.20558	43.1031
9.87879	2	0.20558	42.8579
9.9596	2	0.20558	42.6121
10.0404	2	0.20558	42.3659
10.1212	2	0.20558	42.119
10.202	2	0.20558	41.8713
10.2828	2	0.20558	41.6229
10.3636	2	0.20558	41.3735
10.4444	2	0.20558	41.123
10.5253	2	0.20558	40.8713
10.6061	2	0.20558	40.6181
10.6869	2	0.20558	40.3633
10.7677	2	0.20558	40.1066
10.8485	2	0.20558	39.8477
10.9293	2	0.20558	39.5863
11.0101	2	0.20558	39.322
11.0909	2	0.20558	39.0545
11.1717	2	0.20558	38.7832
11.2525	2	0.20558	38.5075
11.3333	2	0.20558	38.2267
11.4141	2	0.20558	37.9402
11.4949	2	0.20558	37.6469
11.5758	2	0.20558	37.3459
11.6566	2	0.20558	37.0358
11.7374	2	0.20558	36.7152
11.8182	2	0.20558	36.3824
11.899	2	0.20558	36.0352
11.9798	2	0.20558	35.6714
12.0606	2	0.20558	35.2878
12.1414	2	0.20558	34.8811
12.2222	2	0.20558	34.4471
12.303	2	0.20558	33.9808
12.3838	2	0.20558	33.4762
12.4646	2	0.20558	32.9261
12.5455	2	0.20558	32.3219
12.6263	2	0.20558	31.6529
12.7071	2	0.20558	30.9068
12.7879	2	0.20558	30.0682
12.8687	2	0.20558	29.1187
12.9495	2	0.20558	28.0363
13.0303	2	0.20558	26.7941
13.1111	2	0.20558	25.3598
13.1919	2	0.20558	23.6945
13.2727	2	0.20558	21.7511
13.3535	2	0.20558	19.4728
13.4343	2	0.20558	16.7907
13.5152	2	0.20558	13.6221
13.596	2	0.20558	9.86636
13.6768	2	0.20558	5.40239
13.7576	2	0.20558	0.0837389
13.8384	2	0.20558	-6.26625
13.9192	2	0.20558	-13.8604
14	2	0.20558	-56.2817
6	3	0.27079	53.6307
6.08081	3	0.27079	53.4626
6.16162	3	0.27079	53.2955
6.24242	3	0.27079	53.1293
6.32323	3	0.27079	52.9634
6.40404	3	0.27079	52.7971
6.48485	3	0.27079	52.6296
6.56566	3	0.27079	52.4596
6.64646	3	0.27079	52.2859
6.72727	3	0.27079	52.1073
6.80808	3	0.27079	51.9233
6.88889	3	0.27079	51.7333
6.9697	3	0.27079	51.5373
7.05051	3	0.27079	51.3355
7.13131	3	0.27079	51.1283
7.21212	3	0.27079	50.9162
7.29293	3	0.27079	50.6997
7.37374	3	0.27079	50.4792
7.45455	3	0.27079	50.2554
7.53535	3	0.27079	50.0287
7.61616	3	0.27079	49.7995
7.69697	3	0.27079	49.5681
7.77778	3	0.27079	49.3349
7.85859	3	0.27079	49.1002
7.93939	3	0.27079	48.8642
8.0202	3	0.27079	48.6271
8.10101	3	0.27079	48.3891
8.18182	3	0.27079	48.1504
8.26263	3	0.27079	47.911
8.34343	3	0.27079	47.671
8.42424	3	0.27079	47.4306
8.50505	3	0.27079	47.1898
8.58586	3	0.27079	46.9487
8.66667	3	0.27079	46.7072
8.74747	3	0.27079	46.4655
8.82828	3	0.27079	46.2236
8.90909	3	0.27079	45.9815
8.9899	3	0.27079	45.7392
9.07071	3	0.27079	45.4967
9.15152	3	0.27079	45.254
9.23232	3	0.27079	45.0112
9.31313	3	0.27079	44.7682
9.39394	3	0.27079	44.5249
9.47475	3	0.27079	44.2815
9.55556	3	0.27079	44.0378
9.63636	3	0.27079	43.7938
9.71717	3	0.27079	43.5496
9.79798	3	0.27079	43.305
9.87879	3	0.27079	43.0601
9.9596	3	0.27079	42.8147
10.0404	3	0.27079	42.5688
10.1212	3	0.27079	42.3223
10.202	3	0.27079	42.0752
10.2828	3	0.27079	41.8274
10.3636	3	0.27079	41.5787
10.4444	3	0.27079	41.329
10.5253	3	0.27079	41.0781
10.6061	3	0.27079	40.826
10.6869	3	0.27079	40.5724
10.7677	3	0.27079	40.317
10.8485	3	0.27079	40.0597
10.9293	3	0.27079	39.8002
11.0101	3	0.27079	39.538
11.0909	3	0.27079	39.2728
11.1717	3	0.27079	39.0043
11.2525	3	0.27079	38.7317
11.3333	3	0.27079	38.4547
11.4141	3	0.27079	38.1723
11.4949	3	0.27079	37.8839
11.5758	3	0.27079	37.5886
11.6566	3	0.27079	37.285
11.7374	3	0.27079	36.9721
11.8182	3	0.27079	36.6482
11.899	3	0.27079	36.3115
11.9798	3	0.27079	35.9598
12.0606	3	0.27079	35.5906
12.1414	3	0.27079	35.2007
12.2222	3	0.27079	34.7866
12.303	3	0.27079	34.3439
12.3838	3	0.27079	33.8672
12.4646	3	0.27079	33.3504
12.5455	3	0.27079	32.7856
12.6263	3	0.27079	32.1639
12.7071	3	0.27079	31.4742
12.7879	3	0.27079	30.7031
12.8687	3	0.27079	29.8346
12.9495	3	0.27079	28.8493
13.0303	3	0.27079	27.7239
13.1111	3	0.27079	26.43
13.1919	3	0.27079	24.9336
13.2727	3	0.27079	23.1935
13.3535	3	0.27079	21.1599
13.4343	3	0.27079	18.773
13.5152	3	0.27079	15.9601
13.596	3	0.27079	12.6336
13.6768	3	0.27079	8.6875
13.7576	3	0.27079	3.99377
13.8384	3	0.27079	-1.60215
13.9192	3	0.27079	-8.28666
14	3	0.27079	-55.9988
6	4	0.335999	53.8396
6.08081	4	0.335999	53.6711
6.16162	4	0.335999	53.5036
6.24242	4	0.335999	53.337
6.32323	4	0.335999	53.1707
6.40404	4	0.335999	53.0041
6.48485	4	0.335999	52.8363
6.56566	4	0.335999	52.6659
6.64646	4	0.335999	52.4918
6.72727	4	0.335999	52.3129
6.80808	4	0.335999	52.1285
6.88889	4	0.335999	51.9382
6.9697	4	0.335999	51.7419
7.05051	4	0.335999	51.5399
7.13131	4	0.335999	51.3324
7.21212	4	0.335999	51.1201
7.29293	4	0.335999	50.9034
7.37374	4	0.335999	50.6828
7.45455	4	0.335999	50.4588
7.53535	4	0.335999	50.232
7.61616	4	0.335999	50.0027
7.69697	4	0.335999	49.7712
7.77778	4	0.335999	49.538
7.85859	4	0.335999	49.3032
7.93939	4	0.335999	49.0672
8.0202	4	0.335999	48.8301
8.10101	4	0.335999	48.5921
8.18182	4	0.335999	48.3533
8.26263	4	0.335999	48.1139
8.34343	4	0.335999	47.8739
8.42424	4	0.335999	47.6335
8.50505	4	0.335999	47.3927
8.58586	4	0.335999	47.1515
8.66667	4	0.335999	46.9101
8.74747	4	0.335999	46.6685
8.82828	4	0.335999	46.4266
8.90909	4	0.335999	46.1845
8.9899	4	0.335999	45.9422
9.07071	4	0.335999	45.6998
9.15152	4	0.335999	45.4572
9.23232	4	0.335999	45.2144
9.31313	4	0.335999	44.9714
9.39394	4	0.335999	44.7283
9.47475	4	0.335999	44.485
9.55556	4	0.335999	44.2414
9.63636	4	0.335999	43.9976
9.71717	4	0.335999	43.7536
9.79798	4	0.335999	43.5092
9.87879	4	0.335999	43.2645
9.9596	4	0.335999	43.0194
10.0404	4	0.335999	42.7738
10.1212	4	0.335999	42.5278
10.202	4	0.335999	42.2811
10.2828	4	0.335999	42.0337
10.3636	4	0.335999	41.7856
10.4444	4	0.335999	41.5365
10.5253	4	0.335999	41.2865
10.6061	4	0.335999	41.0352
10.6869	4	0.335999	40.7826
10.7677	4	0.335999	40.5284
10.8485	4	0.335999	40.2724
10.9293	4	0.335999	40.0143
11.0101	4	0.335999	39.7539
11.0909	4	0.335999	39.4908
11.1717	4	0.335999	39.2245
11.2525	4	0.335999	38.9546
11.3333	4	0.335999	38.6806
11.4141	4	0.335999	38.4018
11.4949	4	0.335999	38.1174
11.5758	4	0.335999	37.8268
11.6566	4	0.335999	37.5287
11.7374	4	0.335999	37.2221
11.8182	4	0.335999	36.9055
11.899	4	0.335999	36.5774
11.9798	4	0.335999	36.2358
12.0606	4	0.335999	35.8784
12.1414	4	0.335999	35.5024
12.2222	4	0.335999	35.1046
12.303	4	0.335999	34.6812
12.3838	4	0.335999	34.2274
12.4646	4	0.335999	33.7376
12.5455	4	0.335999	33.2052
12.6263	4	0.335999	32.6219
12.7071	4	0.335999	31.978
12.7879	4	0.335999	31.2618
12.8687	4	0.335999	30.4591
12.9495	4	0.335999	29.5527
13.0303	4	0.335999	28.5219
13.1111	4	0.335999	27.3417
13.1919	4	0.335999	25.9821
13.2727	4	0.335999	24.4066
13.3535	4	0.335999	22.5713
13.4343	4	0.335999	20.4231
13.5152	4	0.335999	17.898
13.596	4	0.335999	14.9185
13.6768	4	0.335999	11.391
13.7576	4	0.335999	7.2025
13.8384	4	0.335999	2.21621
13.9192	4	0.335999	-3.73273
14	4	0.335999	-55.7389
6	5	0.401208	54.0371
6.08081	5	0.401208	53.869
6.16162	5	0.401208	53.7018
6.24242	5	0.401208	53.5353
6.32323	5	0.401208	53.3692
6.40404	5	0.401208	53.2029
6.48485	5	0.401208	53.0354
6.56566	5	0.401208	52.8655
6.64646	5	0.401208	52.692
6.72727	5	0.401208	52.5138
6.80808	5	0.401208	52.3302
6.88889	5	0.401208	52.1406
6.9697	5	0.401208	51.9451
7.05051	5	0.401208	51.7438
7.13131	5	0.401208	51.5371
7.21212	5	0.401208	51.3254
7.29293	5	0.401208	51.1092
7.37374	5	0.401208	50.8891
7.45455	5	0.401208	50.6655
7.53535	5	0.401208	50.4391
7.61616	5	0.401208	50.21
7.69697	5	0.401208	49.9788
7.77778	5	0.401208	49.7458
7.85859	5	0.401208	49.5113
7.93939	5	0.401208	49.2754
8.0202	5	0.401208	49.0384
8.10101	5	0.401208	48.8005
8.18182	5	0.401208	48.5618
8.26263	5	0.401208	48.3225
8.34343	5	0.401208	48.0826
8.42424	5	0.401208	47.8422
8.50505	5	0.401208	47.6015
8.58586	5	0.401208	47.3604
8.66667	5	0.401208	47.1191
8.74747	5	0.401208	46.8774
8.82828	5	0.401208	46.6356
8.90909	5	0.401208	46.3936
8.9899	5	0.401208	46.1514
9.07071	5	0.401208	45.909
9.15152	5	0.401208	45.6664
9.23232	5	0.401208	45.4237
9.31313	5	0.401208	45.1809
9.39394	5	0.401208	44.9378
9.47475	5	0.401208	44.6946
9.55556	5	0.401208	44.4512
9.63636	5	0.401208	44.2075
9.71717	5	0.401208	43.9636
9.79798	5	0.401208	43.7194
9.87879	5	0.401208	43.4749
9.9596	5	0.401208	43.2301
10.0404	5	0.401208	42.9848
10.1212	5	0.401208	42.739
10.202	5	0.401208	42.4927
10.2828	5	0.401208	42.2458
10.3636	5	0.401208	41.9982
10.4444	5	0.401208	41.7497
10.5253	5	0.401208	41.5003
10.6061	5	0.401208	41.2498
10.6869	5	0.401208	40.998
10.7677	5	0.401208	40.7448
10.8485	5	0.401208	40.4899
10.9293	5	0.401208	40.2332
11.0101	5	0.401208	39.9743
11.0909	5	0.401208	39.7128
11.1717	5	0.401208	39.4485
11.2525	5	0.401208	39.181
11.3333	5	0.401208	38.9096
11.4141	5	0.401208	38.6338
11.4949	5	0.401208	38.353
11.5758	5	0.401208	38.0663
11.6566	5	0.401208	37.7729
11.7374	5	0.401208	37.4718
11.8182	5	0.401208	37.1615
11.899	5	0.401208	36.8408
11.9798	5	0.401208	36.5077
12.0606	5	0.401208	36.1604
12.1414	5	0.401208	35.7962
12.2222	5	0.401208	35.4124
12.303	5	0.401208	35.0053
12.3838	5	0.401208	34.5708
12.4646	5	0.401208	34.104
12.5455	5	0.401208	33.5988
12.6263	5	0.401208	33.048
12.7071	5	0.401208	32.4428
12.7879	5	0.401208	31.7729
12.8687	5	0.401208	31.0254
12.9495	5	0.401208	30.1853
13.0303	5	0.401208	29.2341
13.1111	5	0.401208	28.1494
13.1919	5	0.401208	26.9046
13.2727	5	0.401208	25.4672
13.3535	5	0.401208	23.7981
13.4343	5	0.401208	21.8501
13.5152	5	0.401208	19.5662
13.596	5	0.401208	16.8775
13.6768	5	0.401208	13.7008
13.7576	5	0.401208	9.93542
13.8384	5	0.401208	5.45978
13.9192	5	0.401208	0.127026
14	5	0.401208	-55.4933
6	6	0.466417	54.2194
6.08081	6	0.466417	54.052
6.16162	6	0.466417	53.8854
6.24242	6	0.466417	53.7195
6.32323	6	0.466417	53.5539
6.40404	6	0.466417	53.3882
6.48485	6	0.466417	53.2213
6.56566	6	0.466417	53.0522
6.64646	6	0.466417	52.8796
6.72727	6	0.466417	52.7025
6.80808	6	0.466417	52.5199
6.88889	6	0.466417	52.3315
6.9697	6	0.466417	52.137
7.05051	6	0.466417	51.9367
7.13131	6	0.466417	51.7309
7.21212	6	0.466417	51.52
7.29293	6	0.466417	51.3045
7.37374	6	0.466417	51.085
7.45455	6	0.466417	50.862
7.53535	6	0.466417	50.636
7.61616	6	0.466417	50.4074
7.69697	6	0.466417	50.1765
7.77778	6	0.466417	49.9438
7.85859	6	0.466417	49.7094
7.93939	6	0.466417	49.4738
8.0202	6	0.466417	49.237
8.10101	6	0.466417	48.9992
8.18182	6	0.466417	48.7606
8.26263	6	0.466417	48.5214
8.34343	6	0.466417	48.2816
8.42424	6	0.466417	48.0413
8.50505	6	0.466417	47.8007
8.58586	6	0.466417	47.5597
8.66667	6	0.466417	47.3183
8.74747	6	0.466417	47.0768
8.82828	6	0.466417	46.835
8.90909	6	0.466417	46.593
8.9899	6	0.466417	46.3509
9.07071	6	0.466417	46.1085
9.15152	6	0.466417	45.8661
9.23232	6	0.466417	45.6234
9.31313	6	0.466417	45.3806
9.39394	6	0.466417	45.1377
9.47475	6	0.466417	44.8945
9.55556	6	0.466417	44.6512
9.63636	6	0.466417	44.4077
9.71717	6	0.466417	44.1639
9.79798	6	0.466417	43.9199
9.87879	6	0.466417	43.6756
9.9596	6	0.466417	43.4309
10.0404	6	0.466417	43.1859
10.1212	6	0.466417	42.9404
10.202	6	0.466417	42.6944
10.2828	6	0.466417	42.4479
10.3636	6	0.466417	42.2007
10.4444	6	0.466417	41.9527
10.5253	6	0.466417	41.7038
10.6061	6	0.466417	41.454
10.6869	6	0.466417	41.2029
10.7677	6	0.466417	40.9506
10.8485	6	0.466417	40.6967
10.9293	6	0.466417	40.4411
11.0101	6	0.466417	40.1835
11.0909	6	0.466417	39.9235
11.1717	6	0.466417	39.6609
11.2525	6	0.466417	39.3953
11.3333	6	0.466417	39.1262
11.4141	6	0.466417	38.853
11.4949	6	0.466417	38.5752
11.5758	6	0.466417	38.292
11.6566	6	0.466417	38.0027
11.7374	6	0.466417	37.7062
11.8182	6	0.466417	37.4013
11.899	6	0.466417	37.0869
11.9798	6	0.466417	36.7612
12.0606	6	0.466417	36.4224
12.1414	6	0.466417	36.0683
12.2222	6	0.466417	35.6962
12.303	6	0.466417	35.3031
12.3838	6	0.466417	34.885
12.4646	6	0.466417	34.4376
12.5455	6	0.466417	33.9554
12.6263	6	0.466417	33.432
12.7071	6	0.466417	32.8595
12.7879	6	0.466417	32.2284
12.8687	6	0.466417	31.5276
12.9495	6	0.466417	30.7432
13.0303	6	0.466417	29.8587
13.1111	6	0.466417	28.8543
13.1919	6	0.466417	27.7059
13.2727	6	0.466417	26.3843
13.3535	6	0.466417	24.8546
13.4343	6	0.466417	23.0745
13.5152	6	0.466417	20.9927
13.596	6	0.466417	18.5476
13.6768	6	0.466417	15.6646
13.7576	6	0.466417	12.2536
13.8384	6	0.466417	8.20554
13.9192	6	0.466417	3.38876
14	6	0.466417	-55.2581
6	7	0.531627	54.3969
6.08081	7	0.531627	54.2299
6.16162	7	0.531627	54.0637
6.24242	7	0.531627	53.8981
6.32323	7	0.531627	53.7327
6.40404	7	0.531627	53.5672
6.48485	7	0.531627	53.4007
6.56566	7	0.531627	53.2321
6.64646	7	0.531627	53.0603
6.72727	7	0.531627	52.884
6.80808	7	0.531627	52.7024
6.88889	7	0.531627	52.515
6.9697	7	0.531627	52.3215
7.05051	7	0.531627	52.1222
7.13131	7	0.531627	51.9172
7.21212	7	0.531627	51.7072
7.29293	7	0.531627	51.4924
7.37374	7	0.531627	51.2736
7.45455	7	0.531627	51.0511
7.53535	7	0.531627	50.8256
7.61616	7	0.531627	50.5974
7.69697	7	0.531627	50.3669
7.77778	7	0.531627	50.1344
7.85859	7	0.531627	49.9004
7.93939	7	0.531627	49.6649
8.0202	7	0.531627	49.4283
8.10101	7	0.531627	49.1907
8.18182	7	0.531627	48.9522
8.26263	7	0.531627	48.7131
8.34343	7	0.531627	48.4734
8.42424	7	0.531627	48.2332
8.50505	7	0.531627	47.9926
8.58586	7	0.531627	47.7517
8.66667	7	0.531627	47.5104
8.74747	7	0.531627	47.2689
8.82828	7	0.531627	47.0272
8.90909	7	0.531627	46.7853
8.9899	7	0.531627	46.5431
9.07071	7	0.531627	46.3009
9.15152	7	0.531627	46.0584
9.23232	7	0.531627	45.8159
9.31313	7	0.531627	45.5731
9.39394	7	0.531627	45.3302
9.47475	7	0.531627	45.0872
9.55556	7	0.531627	44.844
9.63636	7	0.531627	44.6005
9.71717	7	0.531627	44.3569
9.79798	7	0.531627	44.113
9.87879	7	0.531627	43.8689
9.9596	7	0.531627	43.6244
10.0404	7	0.531627	43.3796
10.1212	7	0.531627	43.1343
10.202	7	0.531627	42.8886
10.2828	7	0.531627	42.6424
10.3636	7	0.531627	42.3956
10.4444	7	0.531627	42.148
10.5253	7	0.531627	41.8997
10.6061	7	0.531627	41.6504
10.6869	7	0.531627	41.4
10.7677	7	0.531627	41.1484
10.8485	7	0.531627	40.8954
10.9293	7	0.531627	40.6408
11.0101	7	0.531627	40.3843
11.0909	7	0.531627	40.1257
11.1717	7	0.531627	39.8646
11.2525	7	0.531627	39.6007
11.3333	7	0.531627	39.3336
11.4141	7	0.531627	39.0627
11.4949	7	0.531627	38.7876
11.5758	7	0.531627	38.5074
11.6566	7	0.531627	38.2216
11.7374	7	0.531627	37.9292
11.8182	7	0.531627	37.6291
11.899	7	0.531627	37.3201
11.9798	7	0.531627	37.0009
12.0606	7	0.531627	36.6696
12.1414	7	0.531627	36.3242
12.2222	7	0.531627	35.9624
12.303	7	0.531627	35.5814
12.3838	7	0.531627	35.1776
12.4646	7	0.531627	34.747
12.5455	7	0.531627	34.2848
12.6263	7	0.531627	33.785
12.7071	7	0.531627	33.2407
12.7879	7	0.531627	32.6433
12.8687	7	0.531627	31.9825
12.9495	7	0.531627	31.2462
13.0303	7	0.531627	30.4192
13.1111	7	0.531627	29.4838
13.1919	7	0.531627	28.4182
13.2727	7	0.531627	27.1963
13.3535	7	0.531627	25.7864
13.4343	7	0.531627	24.1503
13.5152	7	0.531627	22.2422
13.596	7	0.531627	20.0062
13.6768	7	0.531627	17.3753
13.7576	7	0.531627	14.2683
13.8384	7	0.531627	10.5871
13.9192	7	0.531627	6.2129
14	7	0.531627	-55.0302
6	8	0.596836	54.5639
6.08081	8	0.596836	54.3978
6.16162	8	0.596836	54.2324
6.24242	8	0.596836	54.0674
6.32323	8	0.596836	53.9027
6.40404	8	0.596836	53.7378
6.48485	8	0.596836	53.5719
6.56566	8	0.596836	53.4041
6.64646	8	0.596836	53.2331
6.72727	8	0.596836	53.0578
6.80808	8	0.596836	52.8772
6.88889	8	0.596836	52.6908
6.9697	8	0.596836	52.4983
7.05051	8	0.596836	52.2999
7.13131	8	0.596836	52.0958
7.21212	8	0.596836	51.8865
7.29293	8	0.596836	51.6725
7.37374	8	0.596836	51.4542
7.45455	8	0.596836	51.2323
7.53535	8	0.596836	51.0072
7.61616	8	0.596836	50.7794
7.69697	8	0.596836	50.5492
7.77778	8	0.596836	50.317
7.85859	8	0.596836	50.0832
7.93939	8	0.596836	49.8479
8.0202	8	0.596836	49.6114
8.10101	8	0.596836	49.374
8.18182	8	0.596836	49.1357
8.26263	8	0.596836	48.8967
8.34343	8	0.596836	48.657
8.42424	8	0.596836	48.4169
8.50505	8	0.596836	48.1764
8.58586	8	0.596836	47.9355
8.66667	8	0.596836	47.6943
8.74747	8	0.596836	47.4528
8.82828	8	0.596836	47.2112
8.90909	8	0.596836	46.9693
8.9899	8	0.596836	46.7272
9.07071	8	0.596836	46.485
9.15152	8	0.596836	46.2426
9.23232	8	0.596836	46.0001
9.31313	8	0.596836	45.7574
9.39394	8	0.596836	45.5146
9.47475	8	0.596836	45.2716
9.55556	8	0.596836	45.0284
9.63636	8	0.596836	44.7851
9.71717	8	0.596836	44.5416
9.79798	8	0.596836	44.2978
9.87879	8	0.596836	44.0538
9.9596	8	0.596836	43.8095
10.0404	8	0.596836	43.5649
10.1212	8	0.596836	43.3199
10.202	8	0.596836	43.0744
10.2828	8	0.596836	42.8285
10.3636	8	0.596836	42.582
10.4444	8	0.596836	42.3349
10.5253	8	0.596836	42.0869
10.6061	8	0.596836	41.8382
10.6869	8	0.596836	41.5884
10.7677	8	0.596836	41.3375
10.8485	8	0.596836	41.0853
10.9293	8	0.596836	40.8316
11.0101	8	0.596836	40.5761
11.0909	8	0.596836	40.3187
11.1717	8	0.596836	40.059
11.2525	8	0.596836	39.7967
11.3333	8	0.596836	39.5313
11.4141	8	0.596836	39.2625
11.4949	8	0.596836	38.9898
11.5758	8	0.596836	38.7124
11.6566	8	0.596836	38.4298
11.7374	8	0.596836	38.141
11.8182	8	0.596836	37.8452
11.899	8	0.596836	37.5412
11.9798	8	0.596836	37.2277
12.0606	8	0.596836	36.9031
12.1414	8	0.596836	36.5656
12.2222	8	0.596836	36.213
12.303	8	0.596836	35.8428
12.3838	8	0.596836	35.4517
12.4646	8	0.596836	35.0362
12.5455	8	0.596836	34.5917
12.6263	8	0.596836	34.113
12.7071	8	0.596836	33.5937
12.7879	8	0.596836	33.0261
12.8687	8	0.596836	32.4009
12.9495	8	0.596836	31.7071
13.0303	8	0.596836	30.9311
13.1111	8	0.596836	30.0567
13.1919	8	0.596836	29.0643
13.2727	8	0.596836	27.9304
13.3535	8	0.596836	26.6262
13.4343	8	0.596836	25.1175
13.5152	8	0.596836	23.3625
13.596	8	0.596836	21.3111
13.6768	8	0.596836	18.9026
13.7576	8	0.596836	16.0637
13.8384	8	0.596836	12.7058
13.9192	8	0.596836	8.7219
14	8	0.596836	-54.8075
6	9	0.662045	54.7244
6.08081	9	0.662045	54.5591
6.16162	9	0.662045	54.3942
6.24242	9	0.662045	54.2297
6.32323	9	0.662045	54.0654
6.40404	9	0.662045	53.9008
6.48485	9	0.662045	53.7352
6.56566	9	0.662045	53.5676
6.64646	9	0.662045	53.3968
6.72727	9	0.662045	53.2217
6.80808	9	0.662045	53.0412
6.88889	9	0.662045	52.855
6.9697	9	0.662045	52.6626
7.05051	9	0.662045	52.4643
7.13131	9	0.662045	52.2603
7.21212	9	0.662045	52.051
7.29293	9	0.662045	51.8371
7.37374	9	0.662045	51.6189
7.45455	9	0.662045	51.397
7.53535	9	0.662045	51.1719
7.61616	9	0.662045	50.9441
7.69697	9	0.662045	50.7139
7.77778	9	0.662045	50.4818
7.85859	9	0.662045	50.248
7.93939	9	0.662045	50.0127
8.0202	9	0.662045	49.7763
8.10101	9	0.662045	49.5388
8.18182	9	0.662045	49.3005
8.26263	9	0.662045	49.0615
8.34343	9	0.662045	48.8219
8.42424	9	0.662045	48.5818
8.50505	9	0.662045	48.3413
8.58586	9	0.662045	48.1004
8.66667	9	0.662045	47.8592
8.74747	9	0.662045	47.6178
8.82828	9	0.662045	47.3761
8.90909	9	0.662045	47.1343
8.9899	9	0.662045	46.8922
9.07071	9	0.662045	46.65
9.15152	9	0.662045	46.4077
9.23232	9	0.662045	46.1652
9.31313	9	0.662045	45.9225
9.39394	9	0.662045	45.6798
9.47475	9	0.662045	45.4369
9.55556	9	0.662045	45.1938
9.63636	9	0.662045	44.9505
9.71717	9	0.662045	44.7071
9.79798	9	0.662045	44.4635
9.87879	9	0.662045	44.2196
9.9596	9	0.662045	43.9754
10.0404	9	0.662045	43.731
10.1212	9	0.662045	43.4862
10.202	9	0.662045	43.241
10.2828	9	0.662045	42.9953
10.3636	9	0.662045	42.7491
10.4444	9	0.662045	42.5023
10.5253	9	0.662045	42.2548
10.6061	9	0.662045	42.0065
10.6869	9	0.662045	41.7573
10.7677	9	0.662045	41.507
10.8485	9	0.662045	41.2555
10.9293	9	0.662045	41.0026
11.0101	9	0.662045	40.748
11.0909	9	0.662045	40.4917
11.1717	9	0.662045	40.2332
11.2525	9	0.662045	39.9723
11.3333	9	0.662045	39.7086
11.4141	9	0.662045	39.4417
11.4949	9	0.662045	39.1711
11.5758	9	0.662045	38.8962
11.6566	9	0.662045	38.6165
11.7374	9	0.662045	38.331
11.8182	9	0.662045	38.0391
11.899	9	0.662045	37.7395
11.9798	9	0.662045	37.4312
12.0606	9	0.662045	37.1126
12.1414	9	0.662045	36.7822
12.2222	9	0.662045	36.4378
12.303	9	0.662045	36.0772
12.3838	9	0.662045	35.6975
12.4646	9	0.662045	35.2953
12.5455	9	0.662045	34.8666
12.6263	9	0.662045	34.4067
12.7071	9	0.662045	33.9096
12.7879	9	0.662045	33.3684
12.8687	9	0.662045	32.7748
12.9495	9	0.662045	32.1185
13.0303	9	0.662045	31.3875
13.1111	9	0.662045	30.5671
13.1919	9	0.662045	29.6394
13.2727	9	0.662045	28.5831
13.3535	9	0.662045	27.3723
13.4343	9	0.662045	25.9758
13.5152	9	0.662045	24.3559
13.596	9	0.662045	22.4672
13.6768	9	0.662045	20.2546
13.7576	9	0.662045	17.6519
13.8384	9	0.662045	14.5789
13.9192	9	0.662045	10.9386
14	9	0.662045	-54.5891
6	10	0.727255	54.8806
6.08081	10	0.727255	54.7163
6.16162	10	0.727255	54.5521
6.24242	10	0.727255	54.3879
6.32323	10	0.727255	54.2238
6.40404	10	0.727255	54.0594
6.48485	10	0.727255	53.8939
6.56566	10	0.727255	53.7262
6.64646	10	0.727255	53.5553
6.72727	10	0.727255	53.3799
6.80808	10	0.727255	53.1992
6.88889	10	0.727255	53.0126
6.9697	10	0.727255	52.82
7.05051	10	0.727255	52.6214
7.13131	10	0.727255	52.4171
7.21212	10	0.727255	52.2075
7.29293	10	0.727255	51.9933
7.37374	10	0.727255	51.7749
7.45455	10	0.727255	51.5528
7.53535	10	0.727255	51.3276
7.61616	10	0.727255	51.0997
7.69697	10	0.727255	50.8694
7.77778	10	0.727255	50.6371
7.85859	10	0.727255	50.4032
7.93939	10	0.727255	50.1679
8.0202	10	0.727255	49.9314
8.10101	10	0.727255	49.6939
8.18182	10	0.727255	49.4556
8.26263	10	0.727255	49.2165
8.34343	10	0.727255	48.9769
8.42424	10	0.727255	48.7368
8.50505	10	0.727255	48.4963
8.58586	10	0.727255	48.2554
8.66667	10	0.727255	48.0142
8.74747	10	0.727255	47.7727
8.82828	10	0.727255	47.5311
8.90909	10	0.727255	47.2892
8.9899	10	0.727255	47.0472
9.07071	10	0.727255	46.805
9.15152	10	0.727255	46.5627
9.23232	10	0.727255	46.3202
9.31313	10	0.727255	46.0776
9.39394	10	0.727255	45.8349
9.47475	10	0.727255	45.5921
9.55556	10	0.727255	45.349
9.63636	10	0.727255	45.1059
9.71717	10	0.727255	44.8625
9.79798	10	0.727255	44.619
9.87879	10	0.727255	44.3752
9.9596	10	0.727255	44.1312
10.0404	10	0.727255	43.8869
10.1212	10	0.727255	43.6423
10.202	10	0.727255	43.3973
10.2828	10	0.727255	43.1518
10.3636	10	0.727255	42.9059
10.4444	10	0.727255	42.6594
10.5253	10	0.727255	42.4123
10.6061	10	0.727255	42.1644
10.6869	10	0.727255	41.9157
10.7677	10	0.727255	41.666
10.8485	10	0.727255	41.4151
10.9293	10	0.727255	41.1629
11.0101	10	0.727255	40.9093
11.0909	10	0.727255	40.6539
11.1717	10	0.727255	40.3965
11.2525	10	0.727255	40.1369
11.3333	10	0.727255	39.8747
11.4141	10	0.727255	39.6095
11.4949	10	0.727255	39.3408
11.5758	10	0.727255	39.0682
11.6566	10	0.727255	38.7911
11.7374	10	0.727255	38.5086
11.8182	10	0.727255	38.2201
11.899	10	0.727255	37.9246
11.9798	10	0.727255	37.6209
12.0606	10	0.727255	37.3078
12.1414	10	0.727255	36.9837
12.2222	10	0.727255	36.6467
12.303	10	0.727255	36.2948
12.3838	10	0.727255	35.9252
12.4646	10	0.727255	35.535
12.5455	10	0.727255	35.1205
12.6263	10	0.727255	34.6772
12.7071	10	0.727255	34.2
12.7879	10	0.727255	33.6823
12.8687	10	0.727255	33.1167
12.9495	10	0.727255	32.494
13.0303	10	0.727255	31.803
13.1111	10	0.727255	31.0304
13.1919	10	0.727255	30.1601
13.2727	10	0.727255	29.1727
13.3535	10	0.727255	28.0446
13.4343	10	0.727255	26.7476
13.5152	10	0.727255	25.2473
13.596	10	0.727255	23.5026
13.6768	10	0.727255	21.4635
13.7576	10	0.727255	19.0699
13.8384	10	0.727255	16.2489
13.9192	10	0.727255	12.9126
14	10	0.727255	-54.3741
6	11	0.792464	55.0324
6.08081	11	0.792464	54.8701
6.16162	11	0.792464	54.7071
6.24242	11	0.792464	54.5438
6.32323	11	0.792464	54.3802
6.40404	11	0.792464	54.216
6.48485	11	0.792464	54.0506
6.56566	11	0.792464	53.8829
6.64646	11	0.792464	53.7119
6.72727	11	0.792464	53.5363
6.80808	11	0.792464	53.3553
6.88889	11	0.792464	53.1684
6.9697	11	0.792464	52.9755
7.05051	11	0.792464	52.7765
7.13131	11	0.792464	52.572
7.21212	11	0.792464	52.3622
7.29293	11	0.792464	52.1477
7.37374	11	0.792464	51.9291
7.45455	11	0.792464	51.7069
7.53535	11	0.792464	51.4815
7.61616	11	0.792464	51.2534
7.69697	11	0.792464	51.0231
7.77778	11	0.792464	50.7907
7.85859	11	0.792464	50.5567
7.93939	11	0.792464	50.3213
8.0202	11	0.792464	50.0848
8.10101	11	0.792464	49.8472
8.18182	11	0.792464	49.6089
8.26263	11	0.792464	49.3698
8.34343	11	0.792464	49.1302
8.42424	11	0.792464	48.89
8.50505	11	0.792464	48.6495
8.58586	11	0.792464	48.4086
8.66667	11	0.792464	48.1674
8.74747	11	0.792464	47.926
8.82828	11	0.792464	47.6843
8.90909	11	0.792464	47.4425
8.9899	11	0.792464	47.2004
9.07071	11	0.792464	46.9583
9.15152	11	0.792464	46.716
9.23232	11	0.792464	46.4736
9.31313	11	0.792464	46.231
9.39394	11	0.792464	45.9883
9.47475	11	0.792464	45.7455
9.55556	11	0.792464	45.5025
9.63636	11	0.792464	45.2594
9.71717	11	0.792464	45.0162
9.79798	11	0.792464	44.7727
9.87879	11	0.792464	44.529
9.9596	11	0.792464	44.2851
10.0404	11	0.792464	44.041
10.1212	11	0.792464	43.7965
10.202	11	0.792464	43.5517
10.2828	11	0.792464	43.3065
10.3636	11	0.792464	43.0608
10.4444	11	0.792464	42.8146
10.5253	11	0.792464	42.5678
10.6061	11	0.792464	42.3204
10.6869	11	0.792464	42.0721
10.7677	11	0.792464	41.8228
10.8485	11	0.792464	41.5726
10.9293	11	0.792464	41.3211
11.0101	11	0.792464	41.0682
11.0909	11	0.792464	40.8137
11.1717	11	0.792464	40.5574
11.2525	11	0.792464	40.2989
11.3333	11	0.792464	40.0381
11.4141	11	0.792464	39.7744
11.4949	11	0.792464	39.5075
11.5758	11	0.792464	39.237
11.6566	11	0.792464	38.9622
11.7374	11	0.792464	38.6825
11.8182	11	0.792464	38.3972
11.899	11	0.792464	38.1053
11.9798	11	0.792464	37.8059
12.0606	11	0.792464	37.4977
12.1414	11	0.792464	37.1793
12.2222	11	0.792464	36.849
12.303	11	0.792464	36.5049
12.3838	11	0.792464	36.1445
12.4646	11	0.792464	35.7651
12.5455	11	0.792464	35.3633
12.6263	11	0.792464	34.935
12.7071	11	0.792464	34.4755
12.7879	11	0.792464	33.979
12.8687	11	0.792464	33.4386
12.9495	11	0.792464	32.8458
13.0303	11	0.792464	32.1905
13.1111	11	0.792464	31.4608
13.1919	11	0.792464	30.6417
13.2727	11	0.792464	29.7158
13.3535	11	0.792464	28.6615
13.4343	11	0.792464	27.4532
13.5152	11	0.792464	26.0596
13.596	11	0.792464	24.4433
13.6768	11	0.792464	22.5588
13.7576	11	0.792464	20.3513
13.8384	11	0.792464	17.7548
13.9192	11	0.792464	14.6891
14	11	0.792464	-54.1617
6	12	0.857673	55.1779
6.08081	12	0.857673	55.0188
6.16162	12	0.857673	54.8582
6.24242	12	0.857673	54.6966
6.32323	12	0.857673	54.5342
6.40404	12	0.857673	54.3708
6.48485	12	0.857673	54.206
6.56566	12	0.857673	54.0388
6.64646	12	0.857673	53.868
6.72727	12	0.857673	53.6927
6.80808	12	0.857673	53.512
6.88889	12	0.857673	53.3253
6.9697	12	0.857673	53.1325
7.05051	12	0.857673	52.9337
7.13131	12	0.857673	52.7292
7.21212	12	0.857673	52.5196
7.29293	12	0.857673	52.3052
7.37374	12	0.857673	52.0867
7.45455	12	0.857673	51.8645
7.53535	12	0.857673	51.6392
7.61616	12	0.857673	51.4111
7.69697	12	0.857673	51.1808
7.77778	12	0.857673	50.9485
7.85859	12	0.857673	50.7145
7.93939	12	0.857673	50.4792
8.0202	12	0.857673	50.2426
8.10101	12	0.857673	50.0051
8.18182	12	0.857673	49.7668
8.26263	12	0.857673	49.5277
8.34343	12	0.857673	49.2881
8.42424	12	0.857673	49.0479
8.50505	12	0.857673	48.8074
8.58586	12	0.857673	48.5665
8.66667	12	0.857673	48.3254
8.74747	12	0.857673	48.0839
8.82828	12	0.857673	47.8423
8.90909	12	0.857673	47.6005
8.9899	12	0.857673	47.3585
9.07071	12	0.857673	47.1163
9.15152	12	0.857673	46.8741
9.23232	12	0.857673	46.6317
9.31313	12	0.857673	46.3891
9.39394	12	0.857673	46.1465
9.47475	12	0.857673	45.9037
9.55556	12	0.857673	45.6608
9.63636	12	0.857673	45.4178
9.71717	12	0.857673	45.1746
9.79798	12	0.857673	44.9312
9.87879	12	0.857673	44.6876
9.9596	12	0.857673	44.4438
10.0404	12	0.857673	44.1998
10.1212	12	0.857673	43.9555
10.202	12	0.857673	43.7109
10.2828	12	0.857673	43.4659
10.3636	12	0.857673	43.2204
10.4444	12	0.857673	42.9745
10.5253	12	0.857673	42.728
10.6061	12	0.857673	42.4809
10.6869	12	0.857673	42.233
10.7677	12	0.857673	41.9842
10.8485	12	0.857673	41.7345
10.9293	12	0.857673	41.4836
11.0101	12	0.857673	41.2314
11.0909	12	0.857673	40.9778
11.1717	12	0.857673	40.7224
11.2525	12	0.857673	40.465
11.3333	12	0.857673	40.2054
11.4141	12	0.857673	39.9431
11.4949	12	0.857673	39.6779
11.5758	12	0.857673	39.4092
11.6566	12	0.857673	39.1366
11.7374	12	0.857673	38.8594
11.8182	12	0.857673	38.5769
11.899	12	0.857673	38.2884
11.9798	12	0.857673	37.9928
12.0606	12	0.857673	37.6891
12.1414	12	0.857673	37.3759
12.2222	12	0.857673	37.0517
12.303	12	0.857673	36.7147
12.3838	12	0.857673	36.3626
12.4646	12	0.857673	35.9929
12.5455	12	0.857673	35.6026
12.6263	12	0.857673	35.1879
12.7071	12	0.857673	34.7444
12.7879	12	0.857673	34.2669
12.8687	12	0.857673	33.749
12.9495	12	0.857673	33.1831
13.0303	12	0.857673	32.56
13.1111	12	0.857673	31.8685
13.1919	12	0.857673	31.0954
13.2727	12	0.857673	30.2244
13.3535	12	0.857673	29.2362
13.4343	12	0.857673	28.1071
13.5152	12	0.857673	26.8089
13.596	12	0.857673	25.3072
13.6768	12	0.857673	23.5608
13.7576	12	0.857673	21.5196
13.8384	12	0.857673	19.1235
13.9192	12	0.857673	16.2992
14	12	0.857673	-53.9513
6	13	0.922882	55.3155
6.08081	13	0.922882	55.1603
6.16162	13	0.922882	55.0029
6.24242	13	0.922882	54.8438
6.32323	13	0.922882	54.6835
6.40404	13	0.922882	54.5219
6.48485	13	0.922882	54.3585
6.56566	13	0.922882	54.1925
6.64646	13	0.922882	54.0229
6.72727	13	0.922882	53.8486
6.80808	13	0.922882	53.6688
6.88889	13	0.922882	53.4831
6.9697	13	0.922882	53.2911
7.05051	13	0.922882	53.0931
7.13131	13	0.922882	52.8894
7.21212	13	0.922882	52.6803
7.29293	13	0.922882	52.4665
7.37374	13	0.922882	52.2485
7.45455	13	0.922882	52.0267
7.53535	13	0.922882	51.8017
7.61616	13	0.922882	51.574
7.69697	13	0.922882	51.3439
7.77778	13	0.922882	51.1118
7.85859	13	0.922882	50.878
7.93939	13	0.922882	50.6428
8.0202	13	0.922882	50.4064
8.10101	13	0.922882	50.169
8.18182	13	0.922882	49.9307
8.26263	13	0.922882	49.6917
8.34343	13	0.922882	49.4522
8.42424	13	0.922882	49.2121
8.50505	13	0.922882	48.9716
8.58586	13	0.922882	48.7308
8.66667	13	0.922882	48.4896
8.74747	13	0.922882	48.2483
8.82828	13	0.922882	48.0066
8.90909	13	0.922882	47.7648
8.9899	13	0.922882	47.5229
9.07071	13	0.922882	47.2808
9.15152	13	0.922882	47.0385
9.23232	13	0.922882	46.7962
9.31313	13	0.922882	46.5537
9.39394	13	0.922882	46.3111
9.47475	13	0.922882	46.0683
9.55556	13	0.922882	45.8255
9.63636	13	0.922882	45.5825
9.71717	13	0.922882	45.3394
9.79798	13	0.922882	45.0961
9.87879	13	0.922882	44.8526
9.9596	13	0.922882	44.6089
10.0404	13	0.922882	44.365
10.1212	13	0.922882	44.1208
10.202	13	0.922882	43.8764
10.2828	13	0.922882	43.6315
10.3636	13	0.922882	43.3863
10.4444	13	0.922882	43.1406
10.5253	13	0.922882	42.8944
10.6061	13	0.922882	42.6476
10.6869	13	0.922882	42.4001
10.7677	13	0.922882	42.1518
10.8485	13	0.922882	41.9025
10.9293	13	0.922882	41.6522
11.0101	13	0.922882	41.4007
11.0909	13	0.922882	41.1478
11.1717	13	0.922882	40.8932
11.2525	13	0.922882	40.6368
11.3333	13	0.922882	40.3783
11.4141	13	0.922882	40.1174
11.4949	13	0.922882	39.8537
11.5758	13	0.922882	39.5867
11.6566	13	0.922882	39.316
11.7374	13	0.922882	39.0411
11.8182	13	0.922882	38.7613
11.899	13	0.922882	38.4758
11.9798	13	0.922882	38.1837
12.0606	13	0.922882	37.8841
12.1414	13	0.922882	37.5756
12.2222	13	0.922882	37.257
12.303	13	0.922882	36.9264
12.3838	13	0.922882	36.5818
12.4646	13	0.922882	36.221
12.5455	13	0.922882	35.841
12.6263	13	0.922882	35.4386
12.7071	13	0.922882	35.0096
12.7879	13	0.922882	34.5492
12.8687	13	0.922882	34.0516
12.9495	13	0.922882	33.5099
13.0303	13	0.922882	32.9156
13.1111	13	0.922882	32.2585
13.1919	13	0.922882	31.5266
13.2727	13	0.922882	30.705
13.3535	13	0.922882	29.7759
13.4343	13	0.922882	28.7179
13.5152	13	0.922882	27.5051
13.596	13	0.922882	26.1062
13.6768	13	0.922882	24.4833
13.7576	13	0.922882	22.591
13.8384	13	0.922882	20.3741
13.9192	13	0.922882	17.7657
14	13	0.922882	-53.7424
6	14	0.988092	55.4451
6.08081	14	0.988092	55.2939
6.16162	14	0.988092	55.1399
6.24242	14	0.988092	54.9837
6.32323	14	0.988092	54.8259
6.40404	14	0.988092	54.6664
6.48485	14	0.988092	54.5049
6.56566	14	0.988092	54.3408
6.64646	14	0.988092	54.173
6.72727	14	0.988092	54.0005
6.80808	14	0.988092	53.8224
6.88889	14	0.988092	53.6383
6.9697	14	0.988092	53.4479
7.05051	14	0.988092	53.2513
7.13131	14	0.988092	53.0488
7.21212	14	0.988092	52.8409
7.29293	14	0.988092	52.628
7.37374	14	0.988092	52.4108
7.45455	14	0.988092	52.1898
7.53535	14	0.988092	51.9654
7.61616	14	0.988092	51.7382
7.69697	14	0.988092	51.5086
7.77778	14	0.988092	51.2768
7.85859	14	0.988092	51.0434
7.93939	14	0.988092	50.8084
8.0202	14	0.988092	50.5723
8.10101	14	0.988092	50.335
8.18182	14	0.988092	50.0969
8.26263	14	0.988092	49.8581
8.34343	14	0.988092	49.6186
8.42424	14	0.988092	49.3786
8.50505	14	0.988092	49.1382
8.58586	14	0.988092	48.8975
8.66667	14	0.988092	48.6564
8.74747	14	0.988092	48.4151
8.82828	14	0.988092	48.1735
8.90909	14	0.988092	47.9317
8.9899	14	0.988092	47.6898
9.07071	14	0.988092	47.4477
9.15152	14	0.988092	47.2055
9.23232	14	0.988092	46.9632
9.31313	14	0.988092	46.7208
9.39394	14	0.988092	46.4782
9.47475	14	0.988092	46.2355
9.55556	14	0.988092	45.9927
9.63636	14	0.988092	45.7498
9.71717	14	0.988092	45.5067
9.79798	14	0.988092	45.2635
9.87879	14	0.988092	45.0201
9.9596	14	0.988092	44.7765
10.0404	14	0.988092	44.5327
10.1212	14	0.988092	44.2887
10.202	14	0.988092	44.0443
10.2828	14	0.988092	43.7997
10.3636	14	0.988092	43.5547
10.4444	14	0.988092	43.3092
10.5253	14	0.988092	43.0632
10.6061	14	0.988092	42.8167
10.6869	14	0.988092	42.5695
10.7677	14	0.988092	42.3216
10.8485	14	0.988092	42.0728
10.9293	14	0.988092	41.823
11.0101	14	0.988092	41.5721
11.0909	14	0.988092	41.3199
11.1717	14	0.988092	41.0661
11.2525	14	0.988092	40.8106
11.3333	14	0.988092	40.5532
11.4141	14	0.988092	40.2934
11.4949	14	0.988092	40.0311
11.5758	14	0.988092	39.7657
11.6566	14	0.988092	39.4968
11.7374	14	0.988092	39.224
11.8182	14	0.988092	38.9466
11.899	14	0.988092	38.6638
11.9798	14	0.988092	38.375
12.0606	14	0.988092	38.0791
12.1414	14	0.988092	37.7749
12.2222	14	0.988092	37.4613
12.303	14	0.988092	37.1365
12.3838	14	0.988092	36.7989
12.4646	14	0.988092	36.446
12.5455	14	0.988092	36.0755
12.6263	14	0.988092	35.6841
12.7071	14	0.988092	35.2682
12.7879	14	0.988092	34.8233
12.8687	14	0.988092	34.3441
12.9495	14	0.988092	33.8241
13.0303	14	0.988092	33.2558
13.1111	14	0.988092	32.6297
13.1919	14	0.988092	31.9348
13.2727	14	0.988092	31.1576
13.3535	14	0.988092	30.2817
13.4343	14	0.988092	29.2875
13.5152	14	0.988092	28.1513
13.596	14	0.988092	26.8445
13.6768	14	0.988092	25.3325
13.7576	14	0.988092	23.5736
13.8384	14	0.988092	21.5175
13.9192	14	0.988092	19.1023
14	14	0.988092	-53.5345
6	15	1.0533	55.5685
6.08081	15	1.0533	55.4209
6.16162	15	1.0533	55.2699
6.24242	15	1.0533	55.1165
6.32323	15	1.0533	54.9609
6.40404	15	1.0533	54.8034
6.48485	15	1.0533	54.6437
6.56566	15	1.0533	54.4811
6.64646	15	1.0533	54.3149
6.72727	15	1.0533	54.1439
6.80808	15	1.0533	53.9672
6.88889	15	1.0533	53.7845
6.9697	15	1.0533	53.5954
7.05051	15	1.0533	53.4
7.13131	15	1.0533	53.1985
7.21212	15	1.0533	52.9915
7.29293	15	1.0533	52.7795
7.37374	15	1.0533	52.563
7.45455	15	1.0533	52.3426
7.53535	15	1.0533	52.1188
7.61616	15	1.0533	51.892
7.69697	15	1.0533	51.6628
7.77778	15	1.0533	51.4314
7.85859	15	1.0533	51.1982
7.93939	15	1.0533	50.9635
8.0202	15	1.0533	50.7275
8.10101	15	1.0533	50.4904
8.18182	15	1.0533	50.2524
8.26263	15	1.0533	50.0137
8.34343	15	1.0533	49.7743
8.42424	15	1.0533	49.5344
8.50505	15	1.0533	49.2941
8.58586	15	1.0533	49.0534
8.66667	15	1.0533	48.8124
8.74747	15	1.0533	48.5711
8.82828	15	1.0533	48.3296
8.90909	15	1.0533	48.0878
8.9899	15	1.0533	47.846
9.07071	15	1.0533	47.6039
9.15152	15	1.0533	47.3617
9.23232	15	1.0533	47.1195
9.31313	15	1.0533	46.877
9.39394	15	1.0533	46.6345
9.47475	15	1.0533	46.3919
9.55556	15	1.0533	46.1491
9.63636	15	1.0533	45.9062
9.71717	15	1.0533	45.6632
9.79798	15	1.0533	45.4201
9.87879	15	1.0533	45.1768
9.9596	15	1.0533	44.9333
10.0404	15	1.0533	44.6896
10.1212	15	1.0533	44.4456
10.202	15	1.0533	44.2014
10.2828	15	1.0533	43.9569
10.3636	15	1.0533	43.7121
10.4444	15	1.0533	43.4668
10.5253	15	1.0533	43.2211
10.6061	15	1.0533	42.9749
10.6869	15	1.0533	42.728
10.7677	15	1.0533	42.4804
10.8485	15	1.0533	42.232
10.9293	15	1.0533	41.9827
11.0101	15	1.0533	41.7324
11.0909	15	1.0533	41.4808
11.1717	15	1.0533	41.2277
11.2525	15	1.0533	40.9731
11.3333	15	1.0533	40.7166
11.4141	15	1.0533	40.4579
11.4949	15	1.0533	40.1968
11.5758	15	1.0533	39.9329
11.6566	15	1.0533	39.6657
11.7374	15	1.0533	39.3948
11.8182	15	1.0533	39.1196
11.899	15	1.0533	38.8394
11.9798	15	1.0533	38.5535
12.0606	15	1.0533	38.261
12.1414	15	1.0533	37.9608
12.2222	15	1.0533	37.6518
12.303	15	1.0533	37.3324
12.3838	15	1.0533	37.001
12.4646	15	1.0533	36.6555
12.5455	15	1.0533	36.2935
12.6263	15	1.0533	35.9122
12.7071	15	1.0533	35.5082
12.7879	15	1.0533	35.0774
12.8687	15	1.0533	34.6148
12.9495	15	1.0533	34.1147
13.0303	15	1.0533	33.5698
13.1111	15	1.0533	32.9719
13.1919	15	1.0533	32.3105
13.2727	15	1.0533	31.5733
13.3535	15	1.0533	30.7454
13.4343	15	1.0533	29.8088
13.5152	15	1.0533	28.7418
13.596	15	1.0533	27.5181
13.6768	15	1.0533	26.1061
13.7576	15	1.0533	24.4675
13.8384	15	1.0533	22.5563
13.9192	15	1.0533	20.315
14	15	1.0533	-53.3278
6	16	1.11851	55.6865
6.08081	16	1.11851	55.5421
6.16162	16	1.11851	55.394
6.24242	16	1.11851	55.2429
6.32323	16	1.11851	55.0895
6.40404	16	1.11851	54.9337
6.48485	16	1.11851	54.7754
6.56566	16	1.11851	54.6138
6.64646	16	1.11851	54.4481
6.72727	16	1.11851	54.2774
6.80808	16	1.11851	54.1007
6.88889	16	1.11851	53.9177
6.9697	16	1.11851	53.7282
7.05051	16	1.11851	53.5324
7.13131	16	1.11851	53.3305
7.21212	16	1.11851	53.1231
7.29293	16	1.11851	52.9106
7.37374	16	1.11851	52.6937
7.45455	16	1.11851	52.473
7.53535	16	1.11851	52.2488
7.61616	16	1.11851	52.0218
7.69697	16	1.11851	51.7923
7.77778	16	1.11851	51.5607
7.85859	16	1.11851	51.3274
7.93939	16	1.11851	51.0925
8.0202	16	1.11851	50.8564
8.10101	16	1.11851	50.6192
8.18182	16	1.11851	50.3812
8.26263	16	1.11851	50.1424
8.34343	16	1.11851	49.903
8.42424	16	1.11851	49.663
8.50505	16	1.11851	49.4227
8.58586	16	1.11851	49.1819
8.66667	16	1.11851	48.9409
8.74747	16	1.11851	48.6996
8.82828	16	1.11851	48.458
8.90909	16	1.11851	48.2163
8.9899	16	1.11851	47.9744
9.07071	16	1.11851	47.7324
9.15152	16	1.11851	47.4902
9.23232	16	1.11851	47.2479
9.31313	16	1.11851	47.0056
9.39394	16	1.11851	46.763
9.47475	16	1.11851	46.5204
9.55556	16	1.11851	46.2777
9.63636	16	1.11851	46.0349
9.71717	16	1.11851	45.7919
9.79798	16	1.11851	45.5488
9.87879	16	1.11851	45.3056
9.9596	16	1.11851	45.0621
10.0404	16	1.11851	44.8185
10.1212	16	1.11851	44.5747
10.202	16	1.11851	44.3306
10.2828	16	1.11851	44.0863
10.3636	16	1.11851	43.8416
10.4444	16	1.11851	43.5965
10.5253	16	1.11851	43.351
10.6061	16	1.11851	43.105
10.6869	16	1.11851	42.8585
10.7677	16	1.11851	42.6112
10.8485	16	1.11851	42.3632
10.9293	16	1.11851	42.1144
11.0101	16	1.11851	41.8645
11.0909	16	1.11851	41.6135
11.1717	16	1.11851	41.3611
11.2525	16	1.11851	41.1073
11.3333	16	1.11851	40.8517
11.4141	16	1.11851	40.594
11.4949	16	1.11851	40.3341
11.5758	16	1.11851	40.0715
11.6566	16	1.11851	39.8059
11.7374	16	1.11851	39.5368
11.8182	16	1.11851	39.2636
11.899	16	1.11851	38.9858
11.9798	16	1.11851	38.7027
12.0606	16	1.11851	38.4134
12.1414	16	1.11851	38.1169
12.2222	16	1.11851	37.8121
12.303	16	1.11851	37.4977
12.3838	16	1.11851	37.172
12.4646	16	1.11851	36.8333
12.5455	16	1.11851	36.4793
12.6263	16	1.11851	36.1073
12.7071	16	1.11851	35.7143
12.7879	16	1.11851	35.2964
12.8687	16	1.11851	34.8492
12.9495	16	1.11851	34.3672
13.0303	16	1.11851	33.844
13.1111	16	1.11851	33.2717
13.1919	16	1.11851	32.6411
13.2727	16	1.11851	31.9406
13.3535	16	1.11851	31.1567
13.4343	16	1.11851	30.2728
13.5152	16	1.11851	29.269
13.596	16	1.11851	28.1213
13.6768	16	1.11851	26.8007
13.7576	16	1.11851	25.2721
13.8384	16	1.11851	23.4931
13.9192	16	1.11851	21.4104
14	16	1.11851	-53.1225
6	17	1.18372	55.8008
6.08081	17	1.18372	55.6592
6.16162	17	1.18372	55.5134
6.24242	17	1.18372	55.3644
6.32323	17	1.18372	55.2126
6.40404	17	1.18372	55.0582
6.48485	17	1.18372	54.9008
6.56566	17	1.18372	54.7397
6.64646	17	1.18372	54.574
6.72727	17	1.18372	54.4028
6.80808	17	1.18372	54.2253
6.88889	17	1.18372	54.0413
6.9697	17	1.18372	53.8506
7.05051	17	1.18372	53.6536
7.13131	17	1.18372	53.4505
7.21212	17	1.18372	53.242
7.29293	17	1.18372	53.0285
7.37374	17	1.18372	52.8107
7.45455	17	1.18372	52.5892
7.53535	17	1.18372	52.3644
7.61616	17	1.18372	52.1367
7.69697	17	1.18372	51.9067
7.77778	17	1.18372	51.6747
7.85859	17	1.18372	51.441
7.93939	17	1.18372	51.2058
8.0202	17	1.18372	50.9694
8.10101	17	1.18372	50.7321
8.18182	17	1.18372	50.4938
8.26263	17	1.18372	50.2549
8.34343	17	1.18372	50.0153
8.42424	17	1.18372	49.7753
8.50505	17	1.18372	49.5348
8.58586	17	1.18372	49.294
8.66667	17	1.18372	49.0529
8.74747	17	1.18372	48.8116
8.82828	17	1.18372	48.57
8.90909	17	1.18372	48.3283
8.9899	17	1.18372	48.0863
9.07071	17	1.18372	47.8443
9.15152	17	1.18372	47.6021
9.23232	17	1.18372	47.3598
9.31313	17	1.18372	47.1175
9.39394	17	1.18372	46.875
9.47475	17	1.18372	46.6324
9.55556	17	1.18372	46.3897
9.63636	17	1.18372	46.1469
9.71717	17	1.18372	45.9039
9.79798	17	1.18372	45.6609
9.87879	17	1.18372	45.4177
9.9596	17	1.18372	45.1744
10.0404	17	1.18372	44.9308
10.1212	17	1.18372	44.6871
10.202	17	1.18372	44.4431
10.2828	17	1.18372	44.1989
10.3636	17	1.18372	43.9544
10.4444	17	1.18372	43.7095
10.5253	17	1.18372	43.4642
10.6061	17	1.18372	43.2184
10.6869	17	1.18372	42.9721
10.7677	17	1.18372	42.7252
10.8485	17	1.18372	42.4776
10.9293	17	1.18372	42.2291
11.0101	17	1.18372	41.9797
11.0909	17	1.18372	41.7293
11.1717	17	1.18372	41.4775
11.2525	17	1.18372	41.2244
11.3333	17	1.18372	40.9696
11.4141	17	1.18372	40.7129
11.4949	17	1.18372	40.4541
11.5758	17	1.18372	40.1928
11.6566	17	1.18372	39.9286
11.7374	17	1.18372	39.6611
11.8182	17	1.18372	39.3899
11.899	17	1.18372	39.1143
11.9798	17	1.18372	38.8337
12.0606	17	1.18372	38.5473
12.1414	17	1.18372	38.2542
12.2222	17	1.18372	37.9534
12.303	17	1.18372	37.6436
12.3838	17	1.18372	37.3233
12.4646	17	1.18372	36.9908
12.5455	17	1.18372	36.6441
12.6263	17	1.18372	36.2807
12.7071	17	1.18372	35.8977
12.7879	17	1.18372	35.4916
12.8687	17	1.18372	35.0584
12.9495	17	1.18372	34.5931
13.0303	17	1.18372	34.0896
13.1111	17	1.18372	33.5408
13.1919	17	1.18372	32.9381
13.2727	17	1.18372	32.2711
13.3535	17	1.18372	31.5272
13.4343	17	1.18372	30.6913
13.5152	17	1.18372	29.745
13.596	17	1.18372	28.6664
13.6768	17	1.18372	27.4288
13.7576	17	1.18372	26
13.8384	17	1.18372	24.3412
13.9192	17	1.18372	22.402
14	17	1.18372	-52.9186
6	18	1.24893	55.9156
6.08081	18	1.24893	55.7769
6.16162	18	1.24893	55.6334
6.24242	18	1.24893	55.486
6.32323	18	1.24893	55.3355
6.40404	18	1.24893	55.1818
6.48485	18	1.24893	55.0245
6.56566	18	1.24893	54.863
6.64646	18	1.24893	54.6964
6.72727	18	1.24893	54.5237
6.80808	18	1.24893	54.3446
6.88889	18	1.24893	54.1587
6.9697	18	1.24893	53.9661
7.05051	18	1.24893	53.7672
7.13131	18	1.24893	53.5624
7.21212	18	1.24893	53.3522
7.29293	18	1.24893	53.1374
7.37374	18	1.24893	52.9183
7.45455	18	1.24893	52.6956
7.53535	18	1.24893	52.4699
7.61616	18	1.24893	52.2414
7.69697	18	1.24893	52.0108
7.77778	18	1.24893	51.7781
7.85859	18	1.24893	51.5439
7.93939	18	1.24893	51.3083
8.0202	18	1.24893	51.0716
8.10101	18	1.24893	50.8339
8.18182	18	1.24893	50.5955
8.26263	18	1.24893	50.3563
8.34343	18	1.24893	50.1166
8.42424	18	1.24893	49.8764
8.50505	18	1.24893	49.6359
8.58586	18	1.24893	49.395
8.66667	18	1.24893	49.1538
8.74747	18	1.24893	48.9124
8.82828	18	1.24893	48.6707
8.90909	18	1.24893	48.429
8.9899	18	1.24893	48.187
9.07071	18	1.24893	47.945
9.15152	18	1.24893	47.7028
9.23232	18	1.24893	47.4605
9.31313	18	1.24893	47.2181
9.39394	18	1.24893	46.9756
9.47475	18	1.24893	46.733
9.55556	18	1.24893	46.4903
9.63636	18	1.24893	46.2476
9.71717	18	1.24893	46.0047
9.79798	18	1.24893	45.7617
9.87879	18	1.24893	45.5185
9.9596	18	1.24893	45.2753
10.0404	18	1.24893	45.0318
10.1212	18	1.24893	44.7882
10.202	18	1.24893	44.5443
10.2828	18	1.24893	44.3002
10.3636	18	1.24893	44.0558
10.4444	18	1.24893	43.8111
10.5253	18	1.24893	43.5659
10.6061	18	1.24893	43.3204
10.6869	18	1.24893	43.0743
10.7677	18	1.24893	42.8277
10.8485	18	1.24893	42.5804
10.9293	18	1.24893	42.3323
11.0101	18	1.24893	42.0834
11.0909	18	1.24893	41.8334
11.1717	18	1.24893	41.5823
11.2525	18	1.24893	41.3298
11.3333	18	1.24893	41.0758
11.4141	18	1.24893	40.82
11.4949	18	1.24893	40.5621
11.5758	18	1.24893	40.3019
11.6566	18	1.24893	40.0391
11.7374	18	1.24893	39.7732
11.8182	18	1.24893	39.5037
11.899	18	1.24893	39.2301
11.9798	18	1.24893	38.9518
12.0606	18	1.24893	38.6681
12.1414	18	1.24893	38.3781
12.2222	18	1.24893	38.0809
12.303	18	1.24893	37.7753
12.3838	18	1.24893	37.4598
12.4646	18	1.24893	37.133
12.5455	18	1.24893	36.7929
12.6263	18	1.24893	36.4373
12.7071	18	1.24893	36.0634
12.7879	18	1.24893	35.6682
12.8687	18	1.24893	35.2476
12.9495	18	1.24893	34.7973
13.0303	18	1.24893	34.3117
13.1111	18	1.24893	33.7841
13.1919	18	1.24893	33.2066
13.2727	18	1.24893	32.5697
13.3535	18	1.24893	31.8618
13.4343	18	1.24893	31.069
13.5152	18	1.24893	30.1745
13.596	18	1.24893	29.158
13.6768	18	1.24893	27.9949
13.7576	18	1.24893	26.6558
13.8384	18	1.24893	25.1048
13.9192	18	1.24893	23.2941
14	18	1.24893	-52.7158
6	19	1.31414	56.0279
6.08081	19	1.31414	55.8928
6.16162	19	1.31414	55.7518
6.24242	19	1.31414	55.6063
6.32323	19	1.31414	55.457
6.40404	19	1.31414	55.304
6.48485	19	1.31414	55.1468
6.56566	19	1.31414	54.9846
6.64646	19	1.31414	54.8167
6.72727	19	1.31414	54.6424
6.80808	19	1.31414	54.4612
6.88889	19	1.31414	54.2733
6.9697	19	1.31414	54.0786
7.05051	19	1.31414	53.8777
7.13131	19	1.31414	53.6711
7.21212	19	1.31414	53.4593
7.29293	19	1.31414	53.2429
7.37374	19	1.31414	53.0226
7.45455	19	1.31414	52.7988
7.53535	19	1.31414	52.5721
7.61616	19	1.31414	52.3428
7.69697	19	1.31414	52.1114
7.77778	19	1.31414	51.8782
7.85859	19	1.31414	51.6435
7.93939	19	1.31414	51.4075
8.0202	19	1.31414	51.1704
8.10101	19	1.31414	50.9325
8.18182	19	1.31414	50.6937
8.26263	19	1.31414	50.4544
8.34343	19	1.31414	50.2145
8.42424	19	1.31414	49.9742
8.50505	19	1.31414	49.7335
8.58586	19	1.31414	49.4925
8.66667	19	1.31414	49.2512
8.74747	19	1.31414	49.0098
8.82828	19	1.31414	48.7681
8.90909	19	1.31414	48.5263
8.9899	19	1.31414	48.2843
9.07071	19	1.31414	48.0422
9.15152	19	1.31414	47.8
9.23232	19	1.31414	47.5577
9.31313	19	1.31414	47.3153
9.39394	19	1.31414	47.0729
9.47475	19	1.31414	46.8303
9.55556	19	1.31414	46.5876
9.63636	19	1.31414	46.3449
9.71717	19	1.31414	46.102
9.79798	19	1.31414	45.859
9.87879	19	1.31414	45.616
9.9596	19	1.31414	45.3727
10.0404	19	1.31414	45.1293
10.1212	19	1.31414	44.8858
10.202	19	1.31414	44.642
10.2828	19	1.31414	44.398
10.3636	19	1.31414	44.1537
10.4444	19	1.31414	43.9092
10.5253	19	1.31414	43.6642
10.6061	19	1.31414	43.4189
10.6869	19	1.31414	43.1731
10.7677	19	1.31414	42.9267
10.8485	19	1.31414	42.6797
10.9293	19	1.31414	42.432
11.0101	19	1.31414	42.1834
11.0909	19	1.31414	41.9339
11.1717	19	1.31414	41.6833
11.2525	19	1.31414	41.4315
11.3333	19	1.31414	41.1781
11.4141	19	1.31414	40.9232
11.4949	19	1.31414	40.6663
11.5758	19	1.31414	40.4072
11.6566	19	1.31414	40.1456
11.7374	19	1.31414	39.881
11.8182	19	1.31414	39.6132
11.899	19	1.31414	39.3415
11.9798	19	1.31414	39.0654
12.0606	19	1.31414	38.7842
12.1414	19	1.31414	38.4971
12.2222	19	1.31414	38.2032
12.303	19	1.31414	37.9015
12.3838	19	1.31414	37.5906
12.4646	19	1.31414	37.2691
12.5455	19	1.31414	36.9351
12.6263	19	1.31414	36.5867
12.7071	19	1.31414	36.2213
12.7879	19	1.31414	35.836
12.8687	19	1.31414	35.4272
12.9495	19	1.31414	34.9907
13.0303	19	1.31414	34.5215
13.1111	19	1.31414	34.0135
13.1919	19	1.31414	33.4592
13.2727	19	1.31414	32.8501
13.3535	19	1.31414	32.1753
13.4343	19	1.31414	31.4221
13.5152	19	1.31414	30.575
13.596	19	1.31414	29.6155
13.6768	19	1.31414	28.5208
13.7576	19	1.31414	27.2639
13.8384	19	1.31414	25.8118
13.9192	19	1.31414	24.1182
14	19	1.31414	-52.5136
6	20	1.37935	56.1363
6.08081	20	1.37935	56.0057
6.16162	20	1.37935	55.8678
6.24242	20	1.37935	55.7246
6.32323	20	1.37935	55.5767
6.40404	20	1.37935	55.4244
6.48485	20	1.37935	55.2671
6.56566	20	1.37935	55.1042
6.64646	20	1.37935	54.9349
6.72727	20	1.37935	54.7588
6.80808	20	1.37935	54.5757
6.88889	20	1.37935	54.3856
6.9697	20	1.37935	54.1889
7.05051	20	1.37935	53.986
7.13131	20	1.37935	53.7776
7.21212	20	1.37935	53.5641
7.29293	20	1.37935	53.3463
7.37374	20	1.37935	53.1247
7.45455	20	1.37935	52.8998
7.53535	20	1.37935	52.6722
7.61616	20	1.37935	52.4421
7.69697	20	1.37935	52.21
7.77778	20	1.37935	51.9763
7.85859	20	1.37935	51.7411
7.93939	20	1.37935	51.5047
8.0202	20	1.37935	51.2673
8.10101	20	1.37935	51.029
8.18182	20	1.37935	50.7901
8.26263	20	1.37935	50.5505
8.34343	20	1.37935	50.3105
8.42424	20	1.37935	50.07
8.50505	20	1.37935	49.8292
8.58586	20	1.37935	49.5881
8.66667	20	1.37935	49.3468
8.74747	20	1.37935	49.1052
8.82828	20	1.37935	48.8635
8.90909	20	1.37935	48.6217
8.9899	20	1.37935	48.3797
9.07071	20	1.37935	48.1376
9.15152	20	1.37935	47.8954
9.23232	20	1.37935	47.6531
9.31313	20	1.37935	47.4107
9.39394	20	1.37935	47.1682
9.47475	20	1.37935	46.9256
9.55556	20	1.37935	46.683
9.63636	20	1.37935	46.4403
9.71717	20	1.37935	46.1974
9.79798	20	1.37935	45.9545
9.87879	20	1.37935	45.7114
9.9596	20	1.37935	45.4683
10.0404	20	1.37935	45.225
10.1212	20	1.37935	44.9815
10.202	20	1.37935	44.7378
10.2828	20	1.37935	44.4939
10.3636	20	1.37935	44.2497
10.4444	20	1.37935	44.0053
10.5253	20	1.37935	43.7605
10.6061	20	1.37935	43.5154
10.6869	20	1.37935	43.2698
10.7677	20	1.37935	43.0236
10.8485	20	1.37935	42.7769
10.9293	20	1.37935	42.5296
11.0101	20	1.37935	42.2814
11.0909	20	1.37935	42.0323
11.1717	20	1.37935	41.7822
11.2525	20	1.37935	41.5309
11.3333	20	1.37935	41.2783
11.4141	20	1.37935	41.0241
11.4949	20	1.37935	40.768
11.5758	20	1.37935	40.5099
11.6566	20	1.37935	40.2495
11.7374	20	1.37935	39.9863
11.8182	20	1.37935	39.72
11.899	20	1.37935	39.4501
11.9798	20	1.37935	39.176
12.0606	20	1.37935	38.8971
12.1414	20	1.37935	38.6128
12.2222	20	1.37935	38.322
12.303	20	1.37935	38.0239
12.3838	20	1.37935	37.7172
12.4646	20	1.37935	37.4005
12.5455	20	1.37935	37.0723
12.6263	20	1.37935	36.7306
12.7071	20	1.37935	36.373
12.7879	20	1.37935	35.9969
12.8687	20	1.37935	35.5989
12.9495	20	1.37935	35.1753
13.0303	20	1.37935	34.7212
13.1111	20	1.37935	34.2311
13.1919	20	1.37935	33.6983
13.2727	20	1.37935	33.1146
13.3535	20	1.37935	32.4702
13.4343	20	1.37935	31.7534
13.5152	20	1.37935	30.9499
13.596	20	1.37935	30.0425
13.6768	20	1.37935	29.0106
13.7576	20	1.37935	27.829
13.8384	20	1.37935	26.4673
13.9192	20	1.37935	24.8804
14	20	1.37935	-52.312
6	21	1.44456	56.2386
6.08081	21	1.44456	56.1141
6.16162	21	1.44456	55.9802
6.24242	21	1.44456	55.8395
6.32323	21	1.44456	55.6933
6.40404	21	1.44456	55.5417
6.48485	21	1.44456	55.3844
6.56566	21	1.44456	55.2208
6.64646	21	1.44456	55.0503
6.72727	21	1.44456	54.8726
6.80808	21	1.44456	54.6876
6.88889	21	1.44456	54.4956
6.9697	21	1.44456	54.297
7.05051	21	1.44456	54.0923
7.13131	21	1.44456	53.8822
7.21212	21	1.44456	53.6673
7.29293	21	1.44456	53.4482
7.37374	21	1.44456	53.2255
7.45455	21	1.44456	52.9996
7.53535	21	1.44456	52.7711
7.61616	21	1.44456	52.5404
7.69697	21	1.44456	52.3077
7.77778	21	1.44456	52.0734
7.85859	21	1.44456	51.8378
7.93939	21	1.44456	51.601
8.0202	21	1.44456	51.3633
8.10101	21	1.44456	51.1248
8.18182	21	1.44456	50.8857
8.26263	21	1.44456	50.6459
8.34343	21	1.44456	50.4058
8.42424	21	1.44456	50.1652
8.50505	21	1.44456	49.9243
8.58586	21	1.44456	49.6831
8.66667	21	1.44456	49.4417
8.74747	21	1.44456	49.2001
8.82828	21	1.44456	48.9584
8.90909	21	1.44456	48.7165
8.9899	21	1.44456	48.4744
9.07071	21	1.44456	48.2323
9.15152	21	1.44456	47.9901
9.23232	21	1.44456	47.7478
9.31313	21	1.44456	47.5054
9.39394	21	1.44456	47.2629
9.47475	21	1.44456	47.0204
9.55556	21	1.44456	46.7778
9.63636	21	1.44456	46.535
9.71717	21	1.44456	46.2922
9.79798	21	1.44456	46.0493
9.87879	21	1.44456	45.8063
9.9596	21	1.44456	45.5632
10.0404	21	1.44456	45.32
10.1212	21	1.44456	45.0765
10.202	21	1.44456	44.8329
10.2828	21	1.44456	44.5891
10.3636	21	1.44456	44.3451
10.4444	21	1.44456	44.1008
10.5253	21	1.44456	43.8562
10.6061	21	1.44456	43.6112
10.6869	21	1.44456	43.3658
10.7677	21	1.44456	43.1199
10.8485	21	1.44456	42.8735
10.9293	21	1.44456	42.6264
11.0101	21	1.44456	42.3786
11.0909	21	1.44456	42.1299
11.1717	21	1.44456	41.8803
11.2525	21	1.44456	41.6295
11.3333	21	1.44456	41.3775
11.4141	21	1.44456	41.124
11.4949	21	1.44456	40.8688
11.5758	21	1.44456	40.6117
11.6566	21	1.44456	40.3523
11.7374	21	1.44456	40.0904
11.8182	21	1.44456	39.8255
11.899	21	1.44456	39.5572
11.9798	21	1.44456	39.285
12.0606	21	1.44456	39.0083
12.1414	21	1.44456	38.7265
12.2222	21	1.44456	38.4387
12.303	21	1.44456	38.1439
12.3838	21	1.44456	37.8411
12.4646	21	1.44456	37.5291
12.5455	21	1.44456	37.2062
12.6263	21	1.44456	36.8706
12.7071	21	1.44456	36.5203
12.7879	21	1.44456	36.1527
12.8687	21	1.44456	35.7648
12.9495	21	1.44456	35.353
13.0303	21	1.44456	34.913
13.1111	21	1.44456	34.4395
13.1919	21	1.44456	33.9264
13.2727	21	1.44456	33.3662
13.3535	21	1.44456	32.7498
13.4343	21	1.44456	32.0665
13.5152	21	1.44456	31.3031
13.596	21	1.44456	30.4437
13.6768	21	1.44456	29.4694
13.7576	21	1.44456	28.3571
13.8384	21	1.44456	27.0784
13.9192	21	1.44456	25.5888
14	21	1.44456	-52.1107
6	22	1.50977	56.3317
6.08081	22	1.50977	56.2165
6.16162	22	1.50977	56.0881
6.24242	22	1.50977	55.9507
6.32323	22	1.50977	55.8063
6.40404	22	1.50977	55.6555
6.48485	22	1.50977	55.498
6.56566	22	1.50977	55.3335
6.64646	22	1.50977	55.1616
6.72727	22	1.50977	54.9821
6.80808	22	1.50977	54.7952
6.88889	22	1.50977	54.6013
6.9697	22	1.50977	54.4008
7.05051	22	1.50977	54.1945
7.13131	22	1.50977	53.9828
7.21212	22	1.50977	53.7665
7.29293	22	1.50977	53.5462
7.37374	22	1.50977	53.3224
7.45455	22	1.50977	53.0957
7.53535	22	1.50977	52.8664
7.61616	22	1.50977	52.635
7.69697	22	1.50977	52.4017
7.77778	22	1.50977	52.167
7.85859	22	1.50977	51.931
7.93939	22	1.50977	51.6939
8.0202	22	1.50977	51.4559
8.10101	22	1.50977	51.2172
8.18182	22	1.50977	50.9778
8.26263	22	1.50977	50.7379
8.34343	22	1.50977	50.4976
8.42424	22	1.50977	50.2569
8.50505	22	1.50977	50.0159
8.58586	22	1.50977	49.7747
8.66667	22	1.50977	49.5332
8.74747	22	1.50977	49.2916
8.82828	22	1.50977	49.0498
8.90909	22	1.50977	48.8079
8.9899	22	1.50977	48.5658
9.07071	22	1.50977	48.3237
9.15152	22	1.50977	48.0814
9.23232	22	1.50977	47.8391
9.31313	22	1.50977	47.5967
9.39394	22	1.50977	47.3543
9.47475	22	1.50977	47.1117
9.55556	22	1.50977	46.8691
9.63636	22	1.50977	46.6264
9.71717	22	1.50977	46.3836
9.79798	22	1.50977	46.1408
9.87879	22	1.50977	45.8978
9.9596	22	1.50977	45.6547
10.0404	22	1.50977	45.4115
10.1212	22	1.50977	45.1682
10.202	22	1.50977	44.9247
10.2828	22	1.50977	44.6809
10.3636	22	1.50977	44.437
10.4444	22	1.50977	44.1928
10.5253	22	1.50977	43.9483
10.6061	22	1.50977	43.7035
10.6869	22	1.50977	43.4583
10.7677	22	1.50977	43.2126
10.8485	22	1.50977	42.9664
10.9293	22	1.50977	42.7197
11.0101	22	1.50977	42.4722
11.0909	22	1.50977	42.2239
11.1717	22	1.50977	41.9747
11.2525	22	1.50977	41.7245
11.3333	22	1.50977	41.473
11.4141	22	1.50977	41.2202
11.4949	22	1.50977	40.9657
11.5758	22	1.50977	40.7095
11.6566	22	1.50977	40.4511
11.7374	22	1.50977	40.1903
11.8182	22	1.50977	39.9268
11.899	22	1.50977	39.66
11.9798	22	1.50977	39.3896
12.0606	22	1.50977	39.115
12.1414	22	1.50977	38.8355
12.2222	22	1.50977	38.5503
12.303	22	1.50977	38.2587
12.3838	22	1.50977	37.9596
12.4646	22	1.50977	37.6517
12.5455	22	1.50977	37.3337
12.6263	22	1.50977	37.0039
12.7071	22	1.50977	36.6603
12.7879	22	1.50977	36.3006
12.8687	22	1.50977	35.9219
12.9495	22	1.50977	35.521
13.0303	22	1.50977	35.0938
13.1111	22	1.50977	34.6355
13.1919	22	1.50977	34.1405
13.2727	22	1.50977	33.6018
13.3535	22	1.50977	33.011
13.4343	22	1.50977	32.3583
13.5152	22	1.50977	31.6314
13.596	22	1.50977	30.8159
13.6768	22	1.50977	29.8942
13.7576	22	1.50977	28.8449
13.8384	22	1.50977	27.6417
13.9192	22	1.50977	26.2399
14	22	1.50977	-51.9097
6	23	1.57498	56.4125
6.08081	23	1.57498	56.3115
6.16162	23	1.57498	56.1918
6.24242	23	1.57498	56.0593
6.32323	23	1.57498	55.9175
6.40404	23	1.57498	55.7676
6.48485	23	1.57498	55.6099
6.56566	23	1.57498	55.4443
6.64646	23	1.57498	55.2708
6.72727	23	1.57498	55.0894
6.80808	23	1.57498	54.9004
6.88889	23	1.57498	54.7044
6.9697	23	1.57498	54.502
7.05051	23	1.57498	54.2938
7.13131	23	1.57498	54.0805
7.21212	23	1.57498	53.8628
7.29293	23	1.57498	53.6412
7.37374	23	1.57498	53.4163
7.45455	23	1.57498	53.1886
7.53535	23	1.57498	52.9585
7.61616	23	1.57498	52.7264
7.69697	23	1.57498	52.4926
7.77778	23	1.57498	52.2574
7.85859	23	1.57498	52.0209
7.93939	23	1.57498	51.7835
8.0202	23	1.57498	51.5452
8.10101	23	1.57498	51.3062
8.18182	23	1.57498	51.0667
8.26263	23	1.57498	50.8266
8.34343	23	1.57498	50.5862
8.42424	23	1.57498	50.3454
8.50505	23	1.57498	50.1043
8.58586	23	1.57498	49.863
8.66667	23	1.57498	49.6215
8.74747	23	1.57498	49.3798
8.82828	23	1.57498	49.1379
8.90909	23	1.57498	48.896
8.9899	23	1.57498	48.6539
9.07071	23	1.57498	48.4117
9.15152	23	1.57498	48.1695
9.23232	23	1.57498	47.9272
9.31313	23	1.57498	47.6848
9.39394	23	1.57498	47.4423
9.47475	23	1.57498	47.1998
9.55556	23	1.57498	46.9572
9.63636	23	1.57498	46.7145
9.71717	23	1.57498	46.4718
9.79798	23	1.57498	46.2289
9.87879	23	1.57498	45.986
9.9596	23	1.57498	45.743
10.0404	23	1.57498	45.4998
10.1212	23	1.57498	45.2565
10.202	23	1.57498	45.0131
10.2828	23	1.57498	44.7694
10.3636	23	1.57498	44.5256
10.4444	23	1.57498	44.2815
10.5253	23	1.57498	44.0372
10.6061	23	1.57498	43.7925
10.6869	23	1.57498	43.5474
10.7677	23	1.57498	43.302
10.8485	23	1.57498	43.056
10.9293	23	1.57498	42.8095
11.0101	23	1.57498	42.5623
11.0909	23	1.57498	42.3144
11.1717	23	1.57498	42.0656
11.2525	23	1.57498	41.8158
11.3333	23	1.57498	41.5649
11.4141	23	1.57498	41.3127
11.4949	23	1.57498	41.059
11.5758	23	1.57498	40.8035
11.6566	23	1.57498	40.5461
11.7374	23	1.57498	40.2864
11.8182	23	1.57498	40.0241
11.899	23	1.57498	39.7588
11.9798	23	1.57498	39.49
12.0606	23	1.57498	39.2172
12.1414	23	1.57498	38.9399
12.2222	23	1.57498	38.6573
12.303	23	1.57498	38.3686
12.3838	23	1.57498	38.0728
12.4646	23	1.57498	37.7689
12.5455	23	1.57498	37.4554
12.6263	23	1.57498	37.1309
12.7071	23	1.57498	36.7935
12.7879	23	1.57498	36.441
12.8687	23	1.57498	36.0708
12.9495	23	1.57498	35.6799
13.0303	23	1.57498	35.2645
13.1111	23	1.57498	34.8202
13.1919	23	1.57498	34.3418
13.2727	23	1.57498	33.8227
13.3535	23	1.57498	33.2554
13.4343	23	1.57498	32.6307
13.5152	23	1.57498	31.9373
13.596	23	1.57498	31.1618
13.6768	23	1.57498	30.288
13.7576	23	1.57498	29.2962
13.8384	23	1.57498	28.1618
13.9192	23	1.57498	26.8394
14	23	1.57498	-51.709
6	24	1.64018	56.4692
6.08081	24	1.64018	56.3898
6.16162	24	1.64018	56.284
6.24242	24	1.64018	56.1598
6.32323	24	1.64018	56.0224
6.40404	24	1.64018	55.8744
6.48485	24	1.64018	55.717
6.56566	24	1.64018	55.5508
6.64646	24	1.64018	55.376
6.72727	24	1.64018	55.1931
6.80808	24	1.64018	55.0024
6.88889	24	1.64018	54.8047
6.9697	24	1.64018	54.6006
7.05051	24	1.64018	54.3909
7.13131	24	1.64018	54.1763
7.21212	24	1.64018	53.9573
7.29293	24	1.64018	53.7346
7.37374	24	1.64018	53.5088
7.45455	24	1.64018	53.2803
7.53535	24	1.64018	53.0496
7.61616	24	1.64018	52.8169
7.69697	24	1.64018	52.5826
7.77778	24	1.64018	52.347
7.85859	24	1.64018	52.1102
7.93939	24	1.64018	51.8725
8.0202	24	1.64018	51.634
8.10101	24	1.64018	51.3948
8.18182	24	1.64018	51.1551
8.26263	24	1.64018	50.9149
8.34343	24	1.64018	50.6743
8.42424	24	1.64018	50.4334
8.50505	24	1.64018	50.1922
8.58586	24	1.64018	49.9509
8.66667	24	1.64018	49.7093
8.74747	24	1.64018	49.4675
8.82828	24	1.64018	49.2257
8.90909	24	1.64018	48.9837
8.9899	24	1.64018	48.7416
9.07071	24	1.64018	48.4994
9.15152	24	1.64018	48.2572
9.23232	24	1.64018	48.0148
9.31313	24	1.64018	47.7724
9.39394	24	1.64018	47.53
9.47475	24	1.64018	47.2875
9.55556	24	1.64018	47.0449
9.63636	24	1.64018	46.8022
9.71717	24	1.64018	46.5595
9.79798	24	1.64018	46.3167
9.87879	24	1.64018	46.0738
9.9596	24	1.64018	45.8308
10.0404	24	1.64018	45.5877
10.1212	24	1.64018	45.3444
10.202	24	1.64018	45.1011
10.2828	24	1.64018	44.8575
10.3636	24	1.64018	44.6138
10.4444	24	1.64018	44.3698
10.5253	24	1.64018	44.1255
10.6061	24	1.64018	43.881
10.6869	24	1.64018	43.6361
10.7677	24	1.64018	43.3909
10.8485	24	1.64018	43.1451
10.9293	24	1.64018	42.8988
11.0101	24	1.64018	42.652
11.0909	24	1.64018	42.4044
11.1717	24	1.64018	42.156
11.2525	24	1.64018	41.9066
11.3333	24	1.64018	41.6562
11.4141	24	1.64018	41.4046
11.4949	24	1.64018	41.1515
11.5758	24	1.64018	40.8969
11.6566	24	1.64018	40.6403
11.7374	24	1.64018	40.3816
11.8182	24	1.64018	40.1205
11.899	24	1.64018	39.8565
11.9798	24	1.64018	39.5893
12.0606	24	1.64018	39.3183
12.1414	24	1.64018	39.043
12.2222	24	1.64018	38.7627
12.303	24	1.64018	38.4767
12.3838	24	1.64018	38.1841
12.4646	24	1.64018	37.8838
12.5455	24	1.64018	37.5746
12.6263	24	1.64018	37.255
12.7071	24	1.64018	36.9234
12.7879	24	1.64018	36.5777
12.8687	24	1.64018	36.2154
12.9495	24	1.64018	35.8338
13.0303	24	1.64018	35.4294
13.1111	24	1.64018	34.9981
13.1919	24	1.64018	34.535
13.2727	24	1.64018	34.0342
13.3535	24	1.64018	33.4886
13.4343	24	1.64018	32.8897
13.5152	24	1.64018	32.2272
13.596	24	1.64018	31.4886
13.6768	24	1.64018	30.6591
13.7576	24	1.64018	29.7204
13.8384	24	1.64018	28.6492
13.9192	24	1.64018	27.3992
14	24	1.64018	-51.5084
6	25	1.70539	56.4899
6.08081	25	1.70539	56.4408
6.16162	25	1.70539	56.3566
6.24242	25	1.70539	56.2465
6.32323	25	1.70539	56.1172
6.40404	25	1.70539	55.9732
6.48485	25	1.70539	55.8172
6.56566	25	1.70539	55.6507
6.64646	25	1.70539	55.4748
6.72727	25	1.70539	55.2904
6.80808	25	1.70539	55.0981
6.88889	25	1.70539	54.8988
6.9697	25	1.70539	54.6932
7.05051	25	1.70539	54.4821
7.13131	25	1.70539	54.2662
7.21212	25	1.70539	54.0462
7.29293	25	1.70539	53.8226
7.37374	25	1.70539	53.596
7.45455	25	1.70539	53.3668
7.53535	25	1.70539	53.1354
7.61616	25	1.70539	52.9023
7.69697	25	1.70539	52.6676
7.77778	25	1.70539	52.4316
7.85859	25	1.70539	52.1945
7.93939	25	1.70539	51.9566
8.0202	25	1.70539	51.7178
8.10101	25	1.70539	51.4785
8.18182	25	1.70539	51.2386
8.26263	25	1.70539	50.9983
8.34343	25	1.70539	50.7577
8.42424	25	1.70539	50.5167
8.50505	25	1.70539	50.2755
8.58586	25	1.70539	50.034
8.66667	25	1.70539	49.7924
8.74747	25	1.70539	49.5506
8.82828	25	1.70539	49.3087
8.90909	25	1.70539	49.0667
8.9899	25	1.70539	48.8246
9.07071	25	1.70539	48.5824
9.15152	25	1.70539	48.3402
9.23232	25	1.70539	48.0978
9.31313	25	1.70539	47.8554
9.39394	25	1.70539	47.613
9.47475	25	1.70539	47.3705
9.55556	25	1.70539	47.1279
9.63636	25	1.70539	46.8852
9.71717	25	1.70539	46.6425
9.79798	25	1.70539	46.3998
9.87879	25	1.70539	46.1569
9.9596	25	1.70539	45.9139
10.0404	25	1.70539	45.6709
10.1212	25	1.70539	45.4277
10.202	25	1.70539	45.1844
10.2828	25	1.70539	44.9409
10.3636	25	1.70539	44.6972
10.4444	25	1.70539	44.4533
10.5253	25	1.70539	44.2092
10.6061	25	1.70539	43.9648
10.6869	25	1.70539	43.7201
10.7677	25	1.70539	43.475
10.8485	25	1.70539	43.2294
10.9293	25	1.70539	42.9834
11.0101	25	1.70539	42.7368
11.0909	25	1.70539	42.4895
11.1717	25	1.70539	42.2415
11.2525	25	1.70539	41.9925
11.3333	25	1.70539	41.7426
11.4141	25	1.70539	41.4915
11.4949	25	1.70539	41.2391
11.5758	25	1.70539	40.9851
11.6566	25	1.70539	40.7293
11.7374	25	1.70539	40.4716
11.8182	25	1.70539	40.2115
11.899	25	1.70539	39.9488
11.9798	25	1.70539	39.6829
12.0606	25	1.70539	39.4136
12.1414	25	1.70539	39.1402
12.2222	25	1.70539	38.8621
12.303	25	1.70539	38.5786
12.3838	25	1.70539	38.2889
12.4646	25	1.70539	37.9919
12.5455	25	1.70539	37.6866
12.6263	25	1.70539	37.3716
12.7071	25	1.70539	37.0452
12.7879	25	1.70539	36.7057
12.8687	25	1.70539	36.3507
12.9495	25	1.70539	35.9775
13.0303	25	1.70539	35.5831
13.1111	25	1.70539	35.1636
13.1919	25	1.70539	34.7145
13.2727	25	1.70539	34.2303
13.3535	25	1.70539	33.7044
13.4343	25	1.70539	33.129
13.5152	25	1.70539	32.4945
13.596	25	1.70539	31.7895
13.6768	25	1.70539	31.0001
13.7576	25	1.70539	30.1093
13.8384	25	1.70539	29.0951
13.9192	25	1.70539	27.9099
14	25	1.70539	-51.3078
6	26	1.7706	56.463
6.08081	26	1.7706	56.4531
6.16162	26	1.7706	56.3995
6.24242	26	1.7706	56.3118
6.32323	26	1.7706	56.1976
6.40404	26	1.7706	56.0626
6.48485	26	1.7706	55.9112
6.56566	26	1.7706	55.7463
6.64646	26	1.7706	55.5702
6.72727	26	1.7706	55.3845
6.80808	26	1.7706	55.1905
6.88889	26	1.7706	54.9894
6.9697	26	1.7706	54.782
7.05051	26	1.7706	54.5692
7.13131	26	1.7706	54.3518
7.21212	26	1.7706	54.1304
7.29293	26	1.7706	53.9057
7.37374	26	1.7706	53.6781
7.45455	26	1.7706	53.4481
7.53535	26	1.7706	53.216
7.61616	26	1.7706	52.9823
7.69697	26	1.7706	52.7471
7.77778	26	1.7706	52.5106
7.85859	26	1.7706	52.2732
7.93939	26	1.7706	52.035
8.0202	26	1.7706	51.796
8.10101	26	1.7706	51.5565
8.18182	26	1.7706	51.3164
8.26263	26	1.7706	51.076
8.34343	26	1.7706	50.8352
8.42424	26	1.7706	50.5941
8.50505	26	1.7706	50.3528
8.58586	26	1.7706	50.1113
8.66667	26	1.7706	49.8696
8.74747	26	1.7706	49.6278
8.82828	26	1.7706	49.3859
8.90909	26	1.7706	49.1438
8.9899	26	1.7706	48.9017
9.07071	26	1.7706	48.6595
9.15152	26	1.7706	48.4172
9.23232	26	1.7706	48.1749
9.31313	26	1.7706	47.9325
9.39394	26	1.7706	47.69
9.47475	26	1.7706	47.4475
9.55556	26	1.7706	47.205
9.63636	26	1.7706	46.9623
9.71717	26	1.7706	46.7196
9.79798	26	1.7706	46.4769
9.87879	26	1.7706	46.234
9.9596	26	1.7706	45.9911
10.0404	26	1.7706	45.7481
10.1212	26	1.7706	45.505
10.202	26	1.7706	45.2617
10.2828	26	1.7706	45.0183
10.3636	26	1.7706	44.7747
10.4444	26	1.7706	44.5309
10.5253	26	1.7706	44.2869
10.6061	26	1.7706	44.0426
10.6869	26	1.7706	43.798
10.7677	26	1.7706	43.553
10.8485	26	1.7706	43.3077
10.9293	26	1.7706	43.0619
11.0101	26	1.7706	42.8155
11.0909	26	1.7706	42.5685
11.1717	26	1.7706	42.3208
11.2525	26	1.7706	42.0722
11.3333	26	1.7706	41.8227
11.4141	26	1.7706	41.5721
11.4949	26	1.7706	41.3202
11.5758	26	1.7706	41.0669
11.6566	26	1.7706	40.8119
11.7374	26	1.7706	40.555
11.8182	26	1.7706	40.2959
11.899	26	1.7706	40.0343
11.9798	26	1.7706	39.7698
12.0606	26	1.7706	39.5019
12.1414	26	1.7706	39.2303
12.2222	26	1.7706	38.9541
12.303	26	1.7706	38.673
12.3838	26	1.7706	38.3859
12.4646	26	1.7706	38.092
12.5455	26	1.7706	37.7902
12.6263	26	1.7706	37.4793
12.7071	26	1.7706	37.1578
12.7879	26	1.7706	36.8239
12.8687	26	1.7706	36.4754
12.9495	26	1.7706	36.1101
13.0303	26	1.7706	35.7247
13.1111	26	1.7706	35.316
13.1919	26	1.7706	34.8795
13.2727	26	1.7706	34.4103
13.3535	26	1.7706	33.9022
13.4343	26	1.7706	33.348
13.5152	26	1.7706	32.7389
13.596	26	1.7706	32.0641
13.6768	26	1.7706	31.3108
13.7576	26	1.7706	30.4632
13.8384	26	1.7706	29.5001
13.9192	26	1.7706	28.3725
14	26	1.7706	-51.1069
6	27	1.83581	56.3585
6.08081	27	1.83581	56.3959
6.16162	27	1.83581	56.3823
6.24242	27	1.83581	56.327
6.32323	27	1.83581	56.2376
6.40404	27	1.83581	56.1208
6.48485	27	1.83581	55.9817
6.56566	27	1.83581	55.8248
6.64646	27	1.83581	55.6533
6.72727	27	1.83581	55.4699
6.80808	27	1.83581	55.2767
6.88889	27	1.83581	55.0755
6.9697	27	1.83581	54.8675
7.05051	27	1.83581	54.6538
7.13131	27	1.83581	54.4355
7.21212	27	1.83581	54.2132
7.29293	27	1.83581	53.9876
7.37374	27	1.83581	53.7593
7.45455	27	1.83581	53.5286
7.53535	27	1.83581	53.2959
7.61616	27	1.83581	53.0617
7.69697	27	1.83581	52.826
7.77778	27	1.83581	52.5892
7.85859	27	1.83581	52.3515
7.93939	27	1.83581	52.113
8.0202	27	1.83581	51.8738
8.10101	27	1.83581	51.6341
8.18182	27	1.83581	51.3939
8.26263	27	1.83581	51.1533
8.34343	27	1.83581	50.9124
8.42424	27	1.83581	50.6713
8.50505	27	1.83581	50.4299
8.58586	27	1.83581	50.1883
8.66667	27	1.83581	49.9466
8.74747	27	1.83581	49.7048
8.82828	27	1.83581	49.4628
8.90909	27	1.83581	49.2207
8.9899	27	1.83581	48.9786
9.07071	27	1.83581	48.7364
9.15152	27	1.83581	48.4941
9.23232	27	1.83581	48.2518
9.31313	27	1.83581	48.0094
9.39394	27	1.83581	47.7669
9.47475	27	1.83581	47.5244
9.55556	27	1.83581	47.2818
9.63636	27	1.83581	47.0392
9.71717	27	1.83581	46.7966
9.79798	27	1.83581	46.5538
9.87879	27	1.83581	46.311
9.9596	27	1.83581	46.0681
10.0404	27	1.83581	45.8251
10.1212	27	1.83581	45.582
10.202	27	1.83581	45.3388
10.2828	27	1.83581	45.0955
10.3636	27	1.83581	44.8519
10.4444	27	1.83581	44.6082
10.5253	27	1.83581	44.3643
10.6061	27	1.83581	44.1201
10.6869	27	1.83581	43.8757
10.7677	27	1.83581	43.6309
10.8485	27	1.83581	43.3857
10.9293	27	1.83581	43.1401
11.0101	27	1.83581	42.8939
11.0909	27	1.83581	42.6472
11.1717	27	1.83581	42.3998
11.2525	27	1.83581	42.1516
11.3333	27	1.83581	41.9025
11.4141	27	1.83581	41.6523
11.4949	27	1.83581	41.401
11.5758	27	1.83581	41.1483
11.6566	27	1.83581	40.894
11.7374	27	1.83581	40.6379
11.8182	27	1.83581	40.3797
11.899	27	1.83581	40.1192
11.9798	27	1.83581	39.8559
12.0606	27	1.83581	39.5895
12.1414	27	1.83581	39.3194
12.2222	27	1.83581	39.0452
12.303	27	1.83581	38.7661
12.3838	27	1.83581	38.4815
12.4646	27	1.83581	38.1905
12.5455	27	1.83581	37.8921
12.6263	27	1.83581	37.5851
12.7071	27	1.83581	37.2681
12.7879	27	1.83581	36.9394
12.8687	27	1.83581	36.5972
12.9495	27	1.83581	36.239
13.0303	27	1.83581	35.8622
13.1111	27	1.83581	35.4634
13.1919	27	1.83581	35.0388
13.2727	27	1.83581	34.5835
13.3535	27	1.83581	34.0921
13.4343	27	1.83581	33.5576
13.5152	27	1.83581	32.972
13.596	27	1.83581	32.3252
13.6768	27	1.83581	31.6055
13.7576	27	1.83581	30.7979
13.8384	27	1.83581	29.8819
13.9192	27	1.83581	28.8068
14	27	1.83581	-50.9062
6	28	1.90102	56.1409
6.08081	28	1.90102	56.2314
6.16162	28	1.90102	56.2647
6.24242	28	1.90102	56.2501
6.32323	28	1.90102	56.1953
6.40404	28	1.90102	56.107
6.48485	28	1.90102	55.9911
6.56566	28	1.90102	55.8523
6.64646	28	1.90102	55.6948
6.72727	28	1.90102	55.5218
6.80808	28	1.90102	55.3363
6.88889	28	1.90102	55.1405
6.9697	28	1.90102	54.9363
7.05051	28	1.90102	54.7253
7.13131	28	1.90102	54.5086
7.21212	28	1.90102	54.2874
7.29293	28	1.90102	54.0625
7.37374	28	1.90102	53.8344
7.45455	28	1.90102	53.6039
7.53535	28	1.90102	53.3713
7.61616	28	1.90102	53.1369
7.69697	28	1.90102	52.9012
7.77778	28	1.90102	52.6643
7.85859	28	1.90102	52.4265
7.93939	28	1.90102	52.1878
8.0202	28	1.90102	51.9486
8.10101	28	1.90102	51.7087
8.18182	28	1.90102	51.4685
8.26263	28	1.90102	51.2278
8.34343	28	1.90102	50.9869
8.42424	28	1.90102	50.7456
8.50505	28	1.90102	50.5042
8.58586	28	1.90102	50.2626
8.66667	28	1.90102	50.0209
8.74747	28	1.90102	49.779
8.82828	28	1.90102	49.537
8.90909	28	1.90102	49.2949
8.9899	28	1.90102	49.0528
9.07071	28	1.90102	48.8105
9.15152	28	1.90102	48.5682
9.23232	28	1.90102	48.3259
9.31313	28	1.90102	48.0835
9.39394	28	1.90102	47.841
9.47475	28	1.90102	47.5986
9.55556	28	1.90102	47.356
9.63636	28	1.90102	47.1134
9.71717	28	1.90102	46.8707
9.79798	28	1.90102	46.628
9.87879	28	1.90102	46.3852
9.9596	28	1.90102	46.1424
10.0404	28	1.90102	45.8994
10.1212	28	1.90102	45.6564
10.202	28	1.90102	45.4132
10.2828	28	1.90102	45.1699
10.3636	28	1.90102	44.9264
10.4444	28	1.90102	44.6828
10.5253	28	1.90102	44.439
10.6061	28	1.90102	44.1949
10.6869	28	1.90102	43.9506
10.7677	28	1.90102	43.7059
10.8485	28	1.90102	43.4609
10.9293	28	1.90102	43.2154
11.0101	28	1.90102	42.9695
11.0909	28	1.90102	42.723
11.1717	28	1.90102	42.4759
11.2525	28	1.90102	42.228
11.3333	28	1.90102	41.9793
11.4141	28	1.90102	41.7296
11.4949	28	1.90102	41.4787
11.5758	28	1.90102	41.2266
11.6566	28	1.90102	40.973
11.7374	28	1.90102	40.7176
11.8182	28	1.90102	40.4603
11.899	28	1.90102	40.2008
11.9798	28	1.90102	39.9386
12.0606	28	1.90102	39.6735
12.1414	28	1.90102	39.405
12.2222	28	1.90102	39.1325
12.303	28	1.90102	38.8554
12.3838	28	1.90102	38.5732
12.4646	28	1.90102	38.2849
12.5455	28	1.90102	37.9896
12.6263	28	1.90102	37.6861
12.7071	28	1.90102	37.3733
12.7879	28	1.90102	37.0495
12.8687	28	1.90102	36.713
12.9495	28	1.90102	36.3615
13.0303	28	1.90102	35.9925
13.1111	28	1.90102	35.603
13.1919	28	1.90102	35.1892
13.2727	28	1.90102	34.7468
13.3535	28	1.90102	34.2706
13.4343	28	1.90102	33.7543
13.5152	28	1.90102	33.1902
13.596	28	1.90102	32.5692
13.6768	28	1.90102	31.8802
13.7576	28	1.90102	31.1091
13.8384	28	1.90102	30.236
13.9192	28	1.90102	29.2084
14	28	1.90102	-50.7054
6	29	1.96623	55.7346
6.08081	29	1.96623	55.8791
6.16162	29	1.96623	55.9617
6.24242	29	1.96623	55.9918
6.32323	29	1.96623	55.9776
6.40404	29	1.96623	55.9261
6.48485	29	1.96623	55.8431
6.56566	29	1.96623	55.7337
6.64646	29	1.96623	55.6022
6.72727	29	1.96623	55.4523
6.80808	29	1.96623	55.2869
6.88889	29	1.96623	55.1086
6.9697	29	1.96623	54.9195
7.05051	29	1.96623	54.7214
7.13131	29	1.96623	54.5159
7.21212	29	1.96623	54.3041
7.29293	29	1.96623	54.0872
7.37374	29	1.96623	53.866
7.45455	29	1.96623	53.6411
7.53535	29	1.96623	53.4133
7.61616	29	1.96623	53.183
7.69697	29	1.96623	52.9507
7.77778	29	1.96623	52.7167
7.85859	29	1.96623	52.4812
7.93939	29	1.96623	52.2445
8.0202	29	1.96623	52.0069
8.10101	29	1.96623	51.7684
8.18182	29	1.96623	51.5293
8.26263	29	1.96623	51.2896
8.34343	29	1.96623	51.0495
8.42424	29	1.96623	50.8089
8.50505	29	1.96623	50.568
8.58586	29	1.96623	50.3269
8.66667	29	1.96623	50.0855
8.74747	29	1.96623	49.844
8.82828	29	1.96623	49.6022
8.90909	29	1.96623	49.3604
8.9899	29	1.96623	49.1184
9.07071	29	1.96623	48.8763
9.15152	29	1.96623	48.6342
9.23232	29	1.96623	48.3919
9.31313	29	1.96623	48.1496
9.39394	29	1.96623	47.9073
9.47475	29	1.96623	47.6648
9.55556	29	1.96623	47.4223
9.63636	29	1.96623	47.1798
9.71717	29	1.96623	46.9372
9.79798	29	1.96623	46.6945
9.87879	29	1.96623	46.4518
9.9596	29	1.96623	46.209
10.0404	29	1.96623	45.9661
10.1212	29	1.96623	45.7231
10.202	29	1.96623	45.4799
10.2828	29	1.96623	45.2367
10.3636	29	1.96623	44.9933
10.4444	29	1.96623	44.7498
10.5253	29	1.96623	44.506
10.6061	29	1.96623	44.2621
10.6869	29	1.96623	44.0178
10.7677	29	1.96623	43.7733
10.8485	29	1.96623	43.5284
10.9293	29	1.96623	43.2831
11.0101	29	1.96623	43.0374
11.0909	29	1.96623	42.7912
11.1717	29	1.96623	42.5443
11.2525	29	1.96623	42.2967
11.3333	29	1.96623	42.0483
11.4141	29	1.96623	41.799
11.4949	29	1.96623	41.5486
11.5758	29	1.96623	41.297
11.6566	29	1.96623	41.044
11.7374	29	1.96623	40.7893
11.8182	29	1.96623	40.5328
11.899	29	1.96623	40.2742
11.9798	29	1.96623	40.0131
12.0606	29	1.96623	39.7491
12.1414	29	1.96623	39.482
12.2222	29	1.96623	39.2111
12.303	29	1.96623	38.9358
12.3838	29	1.96623	38.6557
12.4646	29	1.96623	38.3698
12.5455	29	1.96623	38.0773
12.6263	29	1.96623	37.7772
12.7071	29	1.96623	37.4681
12.7879	29	1.96623	37.1488
12.8687	29	1.96623	36.8174
12.9495	29	1.96623	36.4719
13.0303	29	1.96623	36.11
13.1111	29	1.96623	35.7287
13.1919	29	1.96623	35.3248
13.2727	29	1.96623	34.894
13.3535	29	1.96623	34.4315
13.4343	29	1.96623	33.9315
13.5152	29	1.96623	33.3867
13.596	29	1.96623	32.7888
13.6768	29	1.96623	32.1272
13.7576	29	1.96623	31.3887
13.8384	29	1.96623	30.5537
13.9192	29	1.96623	29.5679
14	29	1.96623	-50.5041
