r [2M]	Log(gamma)	Acc	Adv	Diff	EmaxHillas	Sy	IC/pp	pg/Bremss
1	0.291531	-0.923608	1.1646	4.93085	24.1343	-0.28667	-1.01136	3.5564
1	0.372339	-0.896618	1.1646	4.90386	24.1343	-0.367478	-1.10044	3.48435
1	0.453147	-0.869628	1.1646	4.87687	24.1343	-0.448286	-1.17724	3.42257
1	0.533956	-0.842638	1.1646	4.84988	24.1343	-0.529094	-1.24534	3.3685
1	0.614764	-0.815648	1.1646	4.8229	24.1343	-0.609902	-1.30722	3.32041
1	0.695572	-0.788658	1.1646	4.79591	24.1343	-0.69071	-1.36465	3.27713
1	0.77638	-0.761668	1.1646	4.76892	24.1343	-0.771518	-1.4189	3.23777
1	0.857188	-0.734678	1.1646	4.74193	24.1343	-0.852326	-1.47087	3.20168
1	0.937996	-0.707689	1.1646	4.71494	24.1343	-0.933134	-1.52123	3.16836
1	1.0188	-0.680699	1.1646	4.68795	24.1343	-1.01394	-1.57047	3.13742
1	1.09961	-0.653709	1.1646	4.66096	24.1343	-1.09475	-1.61895	3.10854
1	1.18042	-0.626719	1.1646	4.63397	24.1343	-1.17556	-1.66695	3.08146
1	1.26123	-0.599729	1.1646	4.60698	24.1343	-1.25637	-1.71468	3.05596
1	1.34204	-0.572739	1.1646	4.57999	24.1343	-1.33717	-1.76229	3.03189
1	1.42284	-0.545749	1.1646	4.553	24.1343	-1.41798	-1.8099	3.00907
1	1.50365	-0.518759	1.1646	4.52601	24.1343	-1.49879	-1.85759	2.9874
1	1.58446	-0.491769	1.1646	4.49902	24.1343	-1.5796	-1.90539	2.96675
1	1.66527	-0.464779	1.1646	4.47203	24.1343	-1.66041	-1.9533	2.94705
1	1.74608	-0.43779	1.1646	4.44504	24.1343	-1.74122	-2.00129	2.9282
1	1.82688	-0.4108	1.1646	4.41805	24.1343	-1.82202	-2.0493	2.91013
1	1.90769	-0.38381	1.1646	4.39106	24.1343	-1.90283	-2.09722	2.89278
1	1.9885	-0.35682	1.1646	4.36407	24.1343	-1.98364	-2.14493	2.87611
1	2.06931	-0.32983	1.1646	4.33708	24.1343	-2.06445	-2.19226	2.86004
1	2.15012	-0.30284	1.1646	4.31009	24.1343	-2.14526	-2.23903	2.84455
1	2.23093	-0.27585	1.1646	4.2831	24.1343	-2.22606	-2.28502	2.8296
1	2.31173	-0.24886	1.1646	4.25611	24.1343	-2.30687	-2.32999	2.81514
1	2.39254	-0.22187	1.1646	4.22912	24.1343	-2.38768	-2.37367	2.80115
1	2.47335	-0.19488	1.1646	4.20213	24.1343	-2.46849	-2.41575	2.78759
1	2.55416	-0.167891	1.1646	4.17514	24.1343	-2.5493	-2.45593	2.77445
1	2.63497	-0.140901	1.1646	4.14815	24.1343	-2.6301	-2.49387	2.76169
1	2.71577	-0.113911	1.1646	4.12116	24.1343	-2.71091	-2.52923	2.74929
1	2.79658	-0.0869209	1.1646	4.09417	24.1343	-2.79172	-2.5617	2.73724
1	2.87739	-0.059931	1.1646	4.06718	24.1343	-2.87253	-2.59095	2.72552
1	2.9582	-0.0329411	1.1646	4.04019	24.1343	-2.95334	-2.6167	2.7141
1	3.03901	-0.00595116	1.1646	4.0132	24.1343	-3.03414	-2.63872	2.70298
1	3.11981	0.0210387	1.1646	3.98621	24.1343	-3.11495	-2.65681	2.69213
1	3.20062	0.0480286	1.1646	3.95922	24.1343	-3.19576	-2.67084	2.68155
1	3.28143	0.0750185	1.1646	3.93223	24.1343	-3.27657	-2.68075	2.67122
1	3.36224	0.102008	1.1646	3.90524	24.1343	-3.35738	-2.68651	2.66113
1	3.44305	0.128998	1.1646	3.87825	24.1343	-3.43818	-2.68818	2.65127
1	3.52385	0.155988	1.1646	3.85126	24.1343	-3.51899	-2.68584	2.64162
1	3.60466	0.182978	1.1646	3.82427	24.1343	-3.5998	-2.67963	2.63219
1	3.68547	0.209968	1.1646	3.79728	24.1343	-3.68061	-2.66974	2.62296
1	3.76628	0.236958	1.1646	3.77029	24.1343	-3.76142	-2.65637	2.61392
1	3.84709	0.263948	1.1646	3.7433	24.1343	-3.84223	-2.63977	2.60506
1	3.92789	0.290938	1.1646	3.71631	24.1343	-3.92303	-2.62024	2.59638
1	4.0087	0.317928	1.1646	3.68932	24.1343	-4.00384	-2.59809	2.58787
1	4.08951	0.344918	1.1646	3.66233	24.1343	-4.08465	-2.57366	2.57953
1	4.17032	0.371907	1.1646	3.63534	24.1343	-4.16546	-2.54735	2.57134
1	4.25113	0.398897	1.1646	3.60835	24.1343	-4.24627	-2.51957	2.5633
1	4.33194	0.425887	1.1646	3.58136	24.1343	-4.32707	-2.49077	2.55541
1	4.41274	0.452877	1.1646	3.55437	24.1343	-4.40788	-2.46146	2.54766
1	4.49355	0.479867	1.1646	3.52738	24.1343	-4.48869	-2.43218	2.54005
1	4.57436	0.506857	1.1646	3.50039	24.1343	-4.5695	-2.4035	2.53257
1	4.65517	0.533847	1.1646	3.4734	24.1343	-4.65031	-2.37603	2.52521
1	4.73598	0.560837	1.1646	3.44641	24.1343	-4.73111	-2.35039	2.51798
1	4.81678	0.587827	1.1646	3.41942	24.1343	-4.81192	-2.32717	2.51086
1	4.89759	0.614817	1.1646	3.39243	24.1343	-4.89273	-2.30689	2.50386
1	4.9784	0.641806	1.1646	3.36544	24.1343	-4.97354	-2.28997	2.49697
1	5.05921	0.668796	1.1646	3.33845	24.1343	-5.05435	-2.27669	2.49019
1	5.14002	0.695786	1.1646	3.31146	24.1343	-5.13515	-2.26713	2.48351
1	5.22082	0.722776	1.1646	3.28447	24.1343	-5.21596	-2.26115	2.47694
1	5.30163	0.749766	1.1646	3.25748	24.1343	-5.29677	-2.25841	2.47046
1	5.38244	0.776756	1.1646	3.23049	24.1343	-5.37758	-2.2584	2.46408
1	5.46325	0.803746	1.1646	3.2035	24.1343	-5.45839	-2.26042	2.45779
1	5.54406	0.830736	1.1646	3.17651	24.1343	-5.53919	-2.26371	2.45159
1	5.62486	0.857726	1.1646	3.14952	24.1343	-5.62	-2.26743	2.44547
1	5.70567	0.884716	1.1646	3.12253	24.1343	-5.70081	-2.27075	2.43944
1	5.78648	0.911705	1.1646	3.09554	24.1343	-5.78162	-2.27288	2.4335
1	5.86729	0.938695	1.1646	3.06855	24.1343	-5.86243	-2.27309	2.42763
1	5.9481	0.965685	1.1646	3.04156	24.1343	-5.94324	-2.27074	2.42184
1	6.02891	0.992675	1.1646	3.01457	24.1343	-6.02404	-2.26529	2.41613
1	6.10971	1.01967	1.1646	2.98758	24.1343	-6.10485	-2.25632	2.4105
1	6.19052	1.04665	1.1646	2.96059	24.1343	-6.18566	-2.24349	2.40493
1	6.27133	1.07364	1.1646	2.9336	24.1343	-6.26647	-2.22657	2.39944
1	6.35214	1.10063	1.1646	2.90661	24.1343	-6.34728	-2.2054	2.39401
1	6.43295	1.12762	1.1646	2.87962	24.1343	-6.42808	-2.17993	2.38865
1	6.51375	1.15461	1.1646	2.85263	24.1343	-6.50889	-2.15015	2.38336
1	6.59456	1.1816	1.1646	2.82564	24.1343	-6.5897	-2.11615	2.37813
1	6.67537	1.20859	1.1646	2.79865	24.1343	-6.67051	-2.07803	2.37296
1	6.75618	1.23558	1.1646	2.77166	24.1343	-6.75132	-2.03599	2.36785
1	6.83699	1.26257	1.1646	2.74467	24.1343	-6.83212	-1.99023	2.36281
1	6.91779	1.28956	1.1646	2.71768	24.1343	-6.91293	-1.94097	2.35782
1	6.9986	1.31655	1.1646	2.69069	24.1343	-6.99374	-1.88846	2.35288
1	7.07941	1.34354	1.1646	2.6637	24.1343	-7.07455	-1.83295	2.34801
1	7.16022	1.37053	1.1646	2.63671	24.1343	-7.15536	-1.77468	2.34318
1	7.24103	1.39752	1.1646	2.60972	24.1343	-7.23616	-1.71387	2.33841
1	7.32183	1.42451	1.1646	2.58273	24.1343	-7.31697	-1.65076	2.33369
1	7.40264	1.4515	1.1646	2.55574	24.1343	-7.39778	-1.58553	2.32903
1	7.48345	1.47849	1.1646	2.52875	24.1343	-7.47859	-1.51838	2.32441
1	7.56426	1.50548	1.1646	2.50176	24.1343	-7.5594	-1.44949	2.31984
1	7.64507	1.53247	1.1646	2.47477	24.1343	-7.6402	-1.37901	2.31532
1	7.72587	1.55946	1.1646	2.44778	24.1343	-7.72101	-1.3071	2.31084
1	7.80668	1.58645	1.1646	2.42079	24.1343	-7.80182	-1.23388	2.30641
1	7.88749	1.61344	1.1646	2.3938	24.1343	-7.88263	-1.1595	2.30203
1	7.9683	1.64043	1.1646	2.36681	24.1343	-7.96344	-1.08406	2.29769
1	8.04911	1.66742	1.1646	2.33982	24.1343	-8.04425	-1.00767	2.29339
1	8.12992	1.69441	1.1646	2.31283	24.1343	-8.12505	-0.93044	2.28913
1	8.21072	1.7214	1.1646	2.28584	24.1343	-8.20586	-0.852452	2.28492
1	8.29153	1.74839	1.1646	2.25885	24.1343	-8.28667	-0.773789	2.28074
5	0.291531	0.560718	2.95146	5.67841	23.7493	2.23556	-0.107186	5.59902
5	0.372339	0.587707	2.95146	5.65142	23.7493	2.15475	-0.202601	5.52697
5	0.453147	0.614697	2.95146	5.62443	23.7493	2.07394	-0.287316	5.46519
5	0.533956	0.641687	2.95146	5.59744	23.7493	1.99313	-0.364578	5.41112
5	0.614764	0.668677	2.95146	5.57045	23.7493	1.91232	-0.436612	5.36303
5	0.695572	0.695667	2.95146	5.54346	23.7493	1.83152	-0.504975	5.31975
5	0.77638	0.722657	2.95146	5.51647	23.7493	1.75071	-0.570761	5.28039
5	0.857188	0.749647	2.95146	5.48948	23.7493	1.6699	-0.634739	5.2443
5	0.937996	0.776637	2.95146	5.46249	23.7493	1.58909	-0.697455	5.21098
5	1.0188	0.803627	2.95146	5.4355	23.7493	1.50828	-0.759291	5.18004
5	1.09961	0.830617	2.95146	5.40851	23.7493	1.42748	-0.820514	5.15116
5	1.18042	0.857606	2.95146	5.38152	23.7493	1.34667	-0.881307	5.12408
5	1.26123	0.884596	2.95146	5.35453	23.7493	1.26586	-0.941792	5.09858
5	1.34204	0.911586	2.95146	5.32754	23.7493	1.18505	-1.00204	5.07451
5	1.42284	0.938576	2.95146	5.30055	23.7493	1.10424	-1.06208	5.05169
5	1.50365	0.965566	2.95146	5.27356	23.7493	1.02344	-1.12191	5.03002
5	1.58446	0.992556	2.95146	5.24657	23.7493	0.942627	-1.18148	5.00937
5	1.66527	1.01955	2.95146	5.21958	23.7493	0.861819	-1.24073	4.98967
5	1.74608	1.04654	2.95146	5.19259	23.7493	0.781011	-1.29956	4.97082
5	1.82688	1.07353	2.95146	5.1656	23.7493	0.700203	-1.35785	4.95275
5	1.90769	1.10052	2.95146	5.13861	23.7493	0.619395	-1.41544	4.9354
5	1.9885	1.12751	2.95146	5.11162	23.7493	0.538587	-1.47216	4.91872
5	2.06931	1.1545	2.95146	5.08463	23.7493	0.457779	-1.52782	4.90266
5	2.15012	1.18149	2.95146	5.05764	23.7493	0.376971	-1.58219	4.88717
5	2.23093	1.20848	2.95146	5.03065	23.7493	0.296163	-1.63505	4.87222
5	2.31173	1.23547	2.95146	5.00366	23.7493	0.215355	-1.68611	4.85776
5	2.39254	1.26245	2.95146	4.97667	23.7493	0.134547	-1.73512	4.84377
5	2.47335	1.28944	2.95146	4.94968	23.7493	0.0537384	-1.78177	4.83021
5	2.55416	1.31643	2.95146	4.92269	23.7493	-0.0270697	-1.82576	4.81707
5	2.63497	1.34342	2.95146	4.8957	23.7493	-0.107878	-1.86677	4.80431
5	2.71577	1.37041	2.95146	4.86871	23.7493	-0.188686	-1.90449	4.79191
5	2.79658	1.3974	2.95146	4.84172	23.7493	-0.269494	-1.93862	4.77986
5	2.87739	1.42439	2.95146	4.81473	23.7493	-0.350302	-1.96885	4.76814
5	2.9582	1.45138	2.95146	4.78774	23.7493	-0.43111	-1.99494	4.75672
5	3.03901	1.47837	2.95146	4.76075	23.7493	-0.511918	-2.01665	4.7456
5	3.11981	1.50536	2.95146	4.73376	23.7493	-0.592726	-2.03381	4.73475
5	3.20062	1.53235	2.95146	4.70677	23.7493	-0.673534	-2.04629	4.72417
5	3.28143	1.55934	2.95146	4.67978	23.7493	-0.754342	-2.054	4.71384
5	3.36224	1.58633	2.95146	4.65279	23.7493	-0.83515	-2.05694	4.70375
5	3.44305	1.61332	2.95146	4.6258	23.7493	-0.915959	-2.05511	4.69389
5	3.52385	1.64031	2.95146	4.59881	23.7493	-0.996767	-2.04859	4.68424
5	3.60466	1.6673	2.95146	4.57182	23.7493	-1.07757	-2.03748	4.67481
5	3.68547	1.69429	2.95146	4.54483	23.7493	-1.15838	-2.02191	4.66558
5	3.76628	1.72128	2.95146	4.51784	23.7493	-1.23919	-2.00204	4.65654
5	3.84709	1.74827	2.95146	4.49085	23.7493	-1.32	-1.97807	4.64768
5	3.92789	1.77526	2.95146	4.46386	23.7493	-1.40081	-1.95021	4.639
5	4.0087	1.80225	2.95146	4.43687	23.7493	-1.48162	-1.9187	4.63049
5	4.08951	1.82924	2.95146	4.40988	23.7493	-1.56242	-1.8838	4.62215
5	4.17032	1.85623	2.95146	4.38289	23.7493	-1.64323	-1.84577	4.61396
5	4.25113	1.88322	2.95146	4.3559	23.7493	-1.72404	-1.80489	4.60592
5	4.33194	1.91021	2.95146	4.32891	23.7493	-1.80485	-1.76146	4.59803
5	4.41274	1.9372	2.95146	4.30192	23.7493	-1.88566	-1.7158	4.59028
5	4.49355	1.96419	2.95146	4.27493	23.7493	-1.96646	-1.66822	4.58267
5	4.57436	1.99118	2.95146	4.24794	23.7493	-2.04727	-1.61908	4.57519
5	4.65517	2.01817	2.95146	4.22095	23.7493	-2.12808	-1.56876	4.56783
5	4.73598	2.04516	2.95146	4.19396	23.7493	-2.20889	-1.51767	4.5606
5	4.81678	2.07215	2.95146	4.16697	23.7493	-2.2897	-1.46628	4.55348
5	4.89759	2.09914	2.95146	4.13998	23.7493	-2.3705	-1.41511	4.54648
5	4.9784	2.12613	2.95146	4.11299	23.7493	-2.45131	-1.36469	4.53959
5	5.05921	2.15312	2.95146	4.086	23.7493	-2.53212	-1.31562	4.53281
5	5.14002	2.18011	2.95146	4.05901	23.7493	-2.61293	-1.26849	4.52613
5	5.22082	2.2071	2.95146	4.03202	23.7493	-2.69374	-1.22388	4.51956
5	5.30163	2.23409	2.95146	4.00503	23.7493	-2.77454	-1.18231	4.51308
5	5.38244	2.26108	2.95146	3.97804	23.7493	-2.85535	-1.14414	4.5067
5	5.46325	2.28807	2.95146	3.95105	23.7493	-2.93616	-1.10961	4.50041
5	5.54406	2.31506	2.95146	3.92407	23.7493	-3.01697	-1.07871	4.49421
5	5.62486	2.34205	2.95146	3.89708	23.7493	-3.09778	-1.05122	4.48809
5	5.70567	2.36904	2.95146	3.87009	23.7493	-3.17858	-1.02671	4.48206
5	5.78648	2.39603	2.95146	3.8431	23.7493	-3.25939	-1.00456	4.47612
5	5.86729	2.42302	2.95146	3.81611	23.7493	-3.3402	-0.984027	4.47025
5	5.9481	2.45001	2.95146	3.78912	23.7493	-3.42101	-0.964314	4.46446
5	6.02891	2.477	2.95146	3.76213	23.7493	-3.50182	-0.944629	4.45875
5	6.10971	2.50399	2.95146	3.73514	23.7493	-3.58263	-0.92423	4.45312
5	6.19052	2.53098	2.95146	3.70815	23.7493	-3.66343	-0.902466	4.44755
5	6.27133	2.55797	2.95146	3.68116	23.7493	-3.74424	-0.878788	4.44206
5	6.35214	2.58496	2.95146	3.65417	23.7493	-3.82505	-0.852765	4.43663
5	6.43295	2.61195	2.95146	3.62718	23.7493	-3.90586	-0.824073	4.43127
5	6.51375	2.63894	2.95146	3.60019	23.7493	-3.98667	-0.792498	4.42598
5	6.59456	2.66593	2.95146	3.5732	23.7493	-4.06747	-0.757918	4.42075
5	6.67537	2.69292	2.95146	3.54621	23.7493	-4.14828	-0.720292	4.41558
5	6.75618	2.71991	2.95146	3.51922	23.7493	-4.22909	-0.679643	4.41047
5	6.83699	2.7469	2.95146	3.49223	23.7493	-4.3099	-0.636047	4.40543
5	6.91779	2.77389	2.95146	3.46524	23.7493	-4.39071	-0.589611	4.40044
5	6.9986	2.80088	2.95146	3.43825	23.7493	-4.47151	-0.540467	4.3955
5	7.07941	2.82787	2.95146	3.41126	23.7493	-4.55232	-0.488753	4.39063
5	7.16022	2.85486	2.95146	3.38427	23.7493	-4.63313	-0.434614	4.3858
5	7.24103	2.88185	2.95146	3.35728	23.7493	-4.71394	-0.378191	4.38103
5	7.32183	2.90884	2.95146	3.33029	23.7493	-4.79475	-0.319617	4.37631
5	7.40264	2.93583	2.95146	3.3033	23.7493	-4.87555	-0.259023	4.37165
5	7.48345	2.96282	2.95146	3.27631	23.7493	-4.95636	-0.19653	4.36703
5	7.56426	2.98981	2.95146	3.24932	23.7493	-5.03717	-0.132256	4.36246
5	7.64507	3.0168	2.95146	3.22233	23.7493	-5.11798	-0.0663164	4.35794
5	7.72587	3.04379	2.95146	3.19534	23.7493	-5.19879	0.00117842	4.35346
5	7.80668	3.07078	2.95146	3.16835	23.7493	-5.27959	0.0701193	4.34903
5	7.88749	3.09777	2.95146	3.14136	23.7493	-5.3604	0.1404	4.34465
5	7.9683	3.12476	2.95146	3.11437	23.7493	-5.44121	0.21192	4.3403
5	8.04911	3.15175	2.95146	3.08738	23.7493	-5.52202	0.28458	4.33601
5	8.12992	3.17874	2.95146	3.06039	23.7493	-5.60283	0.358288	4.33175
5	8.21072	3.20573	2.95146	3.0334	23.7493	-5.68364	0.432959	4.32754
5	8.29153	3.23272	2.95146	3.00641	23.7493	-5.76444	0.508511	4.32336
15	0.291531	1.92138	4.22669	5.80852	22.5768	5.62403	0.702548	8.54018
15	0.372339	1.94837	4.22669	5.78153	22.5768	5.54322	0.603866	8.46813
15	0.453147	1.97536	4.22669	5.75455	22.5768	5.46241	0.51523	8.40634
15	0.533956	2.00235	4.22669	5.72756	22.5768	5.3816	0.433538	8.35227
15	0.614764	2.02934	4.22669	5.70057	22.5768	5.30079	0.356675	8.30419
15	0.695572	2.05633	4.22669	5.67358	22.5768	5.21999	0.283173	8.2609
15	0.77638	2.08332	4.22669	5.64659	22.5768	5.13918	0.21201	8.22154
15	0.857188	2.11031	4.22669	5.6196	22.5768	5.05837	0.142472	8.18545
15	0.937996	2.1373	4.22669	5.59261	22.5768	4.97756	0.0740618	8.15214
15	1.0188	2.16429	4.22669	5.56562	22.5768	4.89675	0.00643626	8.12119
15	1.09961	2.19128	4.22669	5.53863	22.5768	4.81595	-0.0606383	8.09231
15	1.18042	2.21827	4.22669	5.51164	22.5768	4.73514	-0.127316	8.06523
15	1.26123	2.24526	4.22669	5.48465	22.5768	4.65433	-0.19369	8.03974
15	1.34204	2.27225	4.22669	5.45766	22.5768	4.57352	-0.259808	8.01566
15	1.42284	2.29924	4.22669	5.43067	22.5768	4.49271	-0.32568	7.99284
15	1.50365	2.32623	4.22669	5.40368	22.5768	4.41191	-0.391282	7.97117
15	1.58446	2.35322	4.22669	5.37669	22.5768	4.3311	-0.456561	7.95053
15	1.66527	2.38021	4.22669	5.3497	22.5768	4.25029	-0.52144	7.93082
15	1.74608	2.4072	4.22669	5.32271	22.5768	4.16948	-0.585813	7.91197
15	1.82688	2.43419	4.22669	5.29572	22.5768	4.08867	-0.649554	7.8939
15	1.90769	2.46118	4.22669	5.26873	22.5768	4.00787	-0.712512	7.87656
15	1.9885	2.48817	4.22669	5.24174	22.5768	3.92706	-0.774513	7.85988
15	2.06931	2.51516	4.22669	5.21475	22.5768	3.84625	-0.835358	7.84381
15	2.15012	2.54215	4.22669	5.18776	22.5768	3.76544	-0.89483	7.82832
15	2.23093	2.56914	4.22669	5.16077	22.5768	3.68463	-0.952684	7.81337
15	2.31173	2.59613	4.22669	5.13378	22.5768	3.60382	-1.00866	7.79891
15	2.39254	2.62312	4.22669	5.10679	22.5768	3.52302	-1.06246	7.78492
15	2.47335	2.65011	4.22669	5.0798	22.5768	3.44221	-1.11381	7.77136
15	2.55416	2.6771	4.22669	5.05281	22.5768	3.3614	-1.16237	7.75822
15	2.63497	2.70409	4.22669	5.02582	22.5768	3.28059	-1.20783	7.74546
15	2.71577	2.73108	4.22669	4.99883	22.5768	3.19978	-1.24987	7.73307
15	2.79658	2.75807	4.22669	4.97184	22.5768	3.11898	-1.28819	7.72102
15	2.87739	2.78506	4.22669	4.94485	22.5768	3.03817	-1.32248	7.70929
15	2.9582	2.81205	4.22669	4.91786	22.5768	2.95736	-1.3525	7.69787
15	3.03901	2.83904	4.22669	4.89087	22.5768	2.87655	-1.37803	7.68675
15	3.11981	2.86603	4.22669	4.86388	22.5768	2.79574	-1.3989	7.6759
15	3.20062	2.89302	4.22669	4.83689	22.5768	2.71494	-1.41501	7.66532
15	3.28143	2.92001	4.22669	4.8099	22.5768	2.63413	-1.42629	7.65499
15	3.36224	2.947	4.22669	4.78291	22.5768	2.55332	-1.43273	7.6449
15	3.44305	2.97399	4.22669	4.75592	22.5768	2.47251	-1.43437	7.63504
15	3.52385	3.00098	4.22669	4.72893	22.5768	2.3917	-1.43129	7.62539
15	3.60466	3.02797	4.22669	4.70194	22.5768	2.3109	-1.42358	7.61596
15	3.68547	3.05496	4.22669	4.67495	22.5768	2.23009	-1.41139	7.60673
15	3.76628	3.08195	4.22669	4.64796	22.5768	2.14928	-1.39487	7.59769
15	3.84709	3.10894	4.22669	4.62097	22.5768	2.06847	-1.37419	7.58883
15	3.92789	3.13593	4.22669	4.59398	22.5768	1.98766	-1.34956	7.58015
15	4.0087	3.16292	4.22669	4.56699	22.5768	1.90686	-1.32117	7.57164
15	4.08951	3.18991	4.22669	4.54	22.5768	1.82605	-1.28923	7.5633
15	4.17032	3.2169	4.22669	4.51301	22.5768	1.74524	-1.25396	7.55511
15	4.25113	3.24389	4.22669	4.48602	22.5768	1.66443	-1.21557	7.54707
15	4.33194	3.27088	4.22669	4.45903	22.5768	1.58362	-1.17427	7.53918
15	4.41274	3.29787	4.22669	4.43204	22.5768	1.50281	-1.13028	7.53143
15	4.49355	3.32486	4.22669	4.40505	22.5768	1.42201	-1.0838	7.52382
15	4.57436	3.35185	4.22669	4.37806	22.5768	1.3412	-1.03506	7.51634
15	4.65517	3.37884	4.22669	4.35107	22.5768	1.26039	-0.984274	7.50898
15	4.73598	3.40583	4.22669	4.32408	22.5768	1.17958	-0.931694	7.50175
15	4.81678	3.43282	4.22669	4.29709	22.5768	1.09877	-0.877583	7.49463
15	4.89759	3.45981	4.22669	4.2701	22.5768	1.01797	-0.822233	7.48763
15	4.9784	3.4868	4.22669	4.24311	22.5768	0.937158	-0.765974	7.48074
15	5.05921	3.51379	4.22669	4.21612	22.5768	0.85635	-0.709168	7.47396
15	5.14002	3.54078	4.22669	4.18913	22.5768	0.775542	-0.652218	7.46729
15	5.22082	3.56777	4.22669	4.16214	22.5768	0.694734	-0.595554	7.46071
15	5.30163	3.59476	4.22669	4.13515	22.5768	0.613926	-0.539628	7.45423
15	5.38244	3.62175	4.22669	4.10816	22.5768	0.533118	-0.484892	7.44785
15	5.46325	3.64874	4.22669	4.08117	22.5768	0.45231	-0.431769	7.44156
15	5.54406	3.67573	4.22669	4.05418	22.5768	0.371501	-0.380625	7.43536
15	5.62486	3.70272	4.22669	4.02719	22.5768	0.290693	-0.331727	7.42924
15	5.70567	3.72971	4.22669	4.0002	22.5768	0.209885	-0.285214	7.42321
15	5.78648	3.7567	4.22669	3.97321	22.5768	0.129077	-0.241073	7.41727
15	5.86729	3.78369	4.22669	3.94622	22.5768	0.0482692	-0.199131	7.4114
15	5.9481	3.81068	4.22669	3.91923	22.5768	-0.0325389	-0.159065	7.40562
15	6.02891	3.83767	4.22669	3.89224	22.5768	-0.113347	-0.120435	7.3999
15	6.10971	3.86466	4.22669	3.86525	22.5768	-0.194155	-0.0827195	7.39427
15	6.19052	3.89165	4.22669	3.83826	22.5768	-0.274963	-0.0453618	7.3887
15	6.27133	3.91864	4.22669	3.81127	22.5768	-0.355771	-0.00781	7.38321
15	6.35214	3.94563	4.22669	3.78428	22.5768	-0.436579	0.0304481	7.37778
15	6.43295	3.97262	4.22669	3.75729	22.5768	-0.517387	0.0698601	7.37242
15	6.51375	3.99961	4.22669	3.7303	22.5768	-0.598195	0.110794	7.36713
15	6.59456	4.0266	4.22669	3.70331	22.5768	-0.679004	0.153532	7.3619
15	6.67537	4.05359	4.22669	3.67632	22.5768	-0.759812	0.198273	7.35673
15	6.75618	4.08058	4.22669	3.64933	22.5768	-0.84062	0.245137	7.35162
15	6.83699	4.10757	4.22669	3.62234	22.5768	-0.921428	0.294183	7.34658
15	6.91779	4.13456	4.22669	3.59535	22.5768	-1.00224	0.345416	7.34159
15	6.9986	4.16155	4.22669	3.56836	22.5768	-1.08304	0.398804	7.33665
15	7.07941	4.18854	4.22669	3.54137	22.5768	-1.16385	0.454289	7.33178
15	7.16022	4.21553	4.22669	3.51438	22.5768	-1.24466	0.511796	7.32695
15	7.24103	4.24252	4.22669	3.48739	22.5768	-1.32547	0.571239	7.32218
15	7.32183	4.26951	4.22669	3.4604	22.5768	-1.40628	0.632528	7.31746
15	7.40264	4.2965	4.22669	3.43341	22.5768	-1.48708	0.695572	7.3128
15	7.48345	4.32349	4.22669	3.40642	22.5768	-1.56789	0.760276	7.30818
15	7.56426	4.35048	4.22669	3.37943	22.5768	-1.6487	0.826548	7.30361
15	7.64507	4.37747	4.22669	3.35244	22.5768	-1.72951	0.894291	7.29909
15	7.72587	4.40446	4.22669	3.32545	22.5768	-1.81032	0.963411	7.29461
15	7.80668	4.43144	4.22669	3.29846	22.5768	-1.89112	1.03381	7.29018
15	7.88749	4.45843	4.22669	3.27147	22.5768	-1.97193	1.1054	7.2858
15	7.9683	4.48542	4.22669	3.24448	22.5768	-2.05274	1.17808	7.28146
15	8.04911	4.51241	4.22669	3.21749	22.5768	-2.13355	1.25177	7.27716
15	8.12992	4.5394	4.22669	3.1905	22.5768	-2.21436	1.32638	7.2729
15	8.21072	4.56639	4.22669	3.16351	22.5768	-2.29517	1.40183	7.26869
15	8.29153	4.59338	4.22669	3.13652	22.5768	-2.37597	1.47805	7.26451
50	0.291531	3.43184	5.58402	5.90465	21.1871	9.52385	1.69711	11.954
50	0.372339	3.45883	5.58402	5.87766	21.1871	9.44304	1.59726	11.8819
50	0.453147	3.48582	5.58402	5.85067	21.1871	9.36223	1.50724	11.8201
50	0.533956	3.51281	5.58402	5.82368	21.1871	9.28143	1.42401	11.766
50	0.614764	3.5398	5.58402	5.79669	21.1871	9.20062	1.3455	11.718
50	0.695572	3.56679	5.58402	5.7697	21.1871	9.11981	1.27026	11.6747
50	0.77638	3.59378	5.58402	5.74271	21.1871	9.039	1.19731	11.6353
50	0.857188	3.62077	5.58402	5.71572	21.1871	8.95819	1.12595	11.5992
50	0.937996	3.64776	5.58402	5.68873	21.1871	8.87739	1.05571	11.5659
50	1.0188	3.67475	5.58402	5.66174	21.1871	8.79658	0.986245	11.535
50	1.09961	3.70174	5.58402	5.63475	21.1871	8.71577	0.917335	11.5061
50	1.18042	3.72873	5.58402	5.60777	21.1871	8.63496	0.848834	11.479
50	1.26123	3.75572	5.58402	5.58078	21.1871	8.55415	0.780652	11.4535
50	1.34204	3.78271	5.58402	5.55379	21.1871	8.47334	0.712742	11.4294
50	1.42284	3.8097	5.58402	5.5268	21.1871	8.39254	0.645096	11.4066
50	1.50365	3.83669	5.58402	5.49981	21.1871	8.31173	0.577735	11.3849
50	1.58446	3.86368	5.58402	5.47282	21.1871	8.23092	0.510707	11.3643
50	1.66527	3.89067	5.58402	5.44583	21.1871	8.15011	0.444085	11.3446
50	1.74608	3.91766	5.58402	5.41884	21.1871	8.0693	0.377963	11.3257
50	1.82688	3.94465	5.58402	5.39185	21.1871	7.9885	0.31246	11.3077
50	1.90769	3.97164	5.58402	5.36486	21.1871	7.90769	0.247714	11.2903
50	1.9885	3.99863	5.58402	5.33787	21.1871	7.82688	0.183887	11.2737
50	2.06931	4.02562	5.58402	5.31088	21.1871	7.74607	0.121162	11.2576
50	2.15012	4.0526	5.58402	5.28389	21.1871	7.66526	0.059743	11.2421
50	2.23093	4.07959	5.58402	5.2569	21.1871	7.58446	-0.000142866	11.2271
50	2.31173	4.10658	5.58402	5.22991	21.1871	7.50365	-0.058249	11.2127
50	2.39254	4.13357	5.58402	5.20292	21.1871	7.42284	-0.11431	11.1987
50	2.47335	4.16056	5.58402	5.17593	21.1871	7.34203	-0.168044	11.1851
50	2.55416	4.18755	5.58402	5.14894	21.1871	7.26122	-0.219159	11.172
50	2.63497	4.21454	5.58402	5.12195	21.1871	7.18042	-0.267358	11.1592
50	2.71577	4.24153	5.58402	5.09496	21.1871	7.09961	-0.312345	11.1468
50	2.79658	4.26852	5.58402	5.06797	21.1871	7.0188	-0.35384	11.1348
50	2.87739	4.29551	5.58402	5.04098	21.1871	6.93799	-0.391583	11.1231
50	2.9582	4.3225	5.58402	5.01399	21.1871	6.85718	-0.425346	11.1117
50	3.03901	4.34949	5.58402	4.987	21.1871	6.77638	-0.454946	11.1005
50	3.11981	4.37648	5.58402	4.96001	21.1871	6.69557	-0.480244	11.0897
50	3.20062	4.40347	5.58402	4.93302	21.1871	6.61476	-0.501151	11.0791
50	3.28143	4.43046	5.58402	4.90603	21.1871	6.53395	-0.517626	11.0688
50	3.36224	4.45745	5.58402	4.87904	21.1871	6.45314	-0.52967	11.0587
50	3.44305	4.48444	5.58402	4.85205	21.1871	6.37233	-0.537322	11.0488
50	3.52385	4.51143	5.58402	4.82506	21.1871	6.29153	-0.540648	11.0392
50	3.60466	4.53842	5.58402	4.79807	21.1871	6.21072	-0.539738	11.0297
50	3.68547	4.56541	5.58402	4.77108	21.1871	6.12991	-0.534698	11.0205
50	3.76628	4.5924	5.58402	4.74409	21.1871	6.0491	-0.525648	11.0115
50	3.84709	4.61939	5.58402	4.7171	21.1871	5.96829	-0.512714	11.0026
50	3.92789	4.64638	5.58402	4.69011	21.1871	5.88749	-0.496024	10.9939
50	4.0087	4.67337	5.58402	4.66312	21.1871	5.80668	-0.47571	10.9854
50	4.08951	4.70036	5.58402	4.63613	21.1871	5.72587	-0.451896	10.9771
50	4.17032	4.72735	5.58402	4.60914	21.1871	5.64506	-0.424703	10.9689
50	4.25113	4.75434	5.58402	4.58215	21.1871	5.56425	-0.39425	10.9609
50	4.33194	4.78133	5.58402	4.55516	21.1871	5.48345	-0.360653	10.953
50	4.41274	4.80832	5.58402	4.52817	21.1871	5.40264	-0.324025	10.9452
50	4.49355	4.83531	5.58402	4.50118	21.1871	5.32183	-0.284486	10.9376
50	4.57436	4.8623	5.58402	4.47419	21.1871	5.24102	-0.242161	10.9301
50	4.65517	4.88929	5.58402	4.4472	21.1871	5.16021	-0.197186	10.9228
50	4.73598	4.91628	5.58402	4.42021	21.1871	5.07941	-0.149712	10.9155
50	4.81678	4.94327	5.58402	4.39322	21.1871	4.9986	-0.0999112	10.9084
50	4.89759	4.97026	5.58402	4.36623	21.1871	4.91779	-0.0479767	10.9014
50	4.9784	4.99725	5.58402	4.33924	21.1871	4.83698	0.0058706	10.8945
50	5.05921	5.02424	5.58402	4.31225	21.1871	4.75617	0.0613827	10.8877
50	5.14002	5.05123	5.58402	4.28526	21.1871	4.67536	0.118285	10.8811
50	5.22082	5.07822	5.58402	4.25827	21.1871	4.59456	0.176276	10.8745
50	5.30163	5.10521	5.58402	4.23128	21.1871	4.51375	0.235035	10.868
50	5.38244	5.1322	5.58402	4.20429	21.1871	4.43294	0.294225	10.8616
50	5.46325	5.15919	5.58402	4.1773	21.1871	4.35213	0.353506	10.8553
50	5.54406	5.18618	5.58402	4.15031	21.1871	4.27132	0.412542	10.8491
50	5.62486	5.21317	5.58402	4.12332	21.1871	4.19052	0.471026	10.843
50	5.70567	5.24016	5.58402	4.09633	21.1871	4.10971	0.528693	10.837
50	5.78648	5.26715	5.58402	4.06934	21.1871	4.0289	0.585339	10.831
50	5.86729	5.29414	5.58402	4.04235	21.1871	3.94809	0.640846	10.8252
50	5.9481	5.32113	5.58402	4.01536	21.1871	3.86728	0.695183	10.8194
50	6.02891	5.34812	5.58402	3.98837	21.1871	3.78648	0.748419	10.8137
50	6.10971	5.37511	5.58402	3.96138	21.1871	3.70567	0.800711	10.808
50	6.19052	5.4021	5.58402	3.93439	21.1871	3.62486	0.852293	10.8025
50	6.27133	5.42909	5.58402	3.9074	21.1871	3.54405	0.903453	10.797
50	6.35214	5.45608	5.58402	3.88041	21.1871	3.46324	0.954512	10.7916
50	6.43295	5.48307	5.58402	3.85342	21.1871	3.38244	1.00579	10.7862
50	6.51375	5.51006	5.58402	3.82643	21.1871	3.30163	1.05761	10.7809
50	6.59456	5.53705	5.58402	3.79944	21.1871	3.22082	1.11022	10.7757
50	6.67537	5.56404	5.58402	3.77245	21.1871	3.14001	1.16387	10.7705
50	6.75618	5.59103	5.58402	3.74546	21.1871	3.0592	1.21873	10.7654
50	6.83699	5.61802	5.58402	3.71847	21.1871	2.9784	1.27492	10.7604
50	6.91779	5.64501	5.58402	3.69148	21.1871	2.89759	1.33253	10.7554
50	6.9986	5.672	5.58402	3.66449	21.1871	2.81678	1.3916	10.7504
50	7.07941	5.69899	5.58402	3.6375	21.1871	2.73597	1.45215	10.7456
50	7.16022	5.72598	5.58402	3.61051	21.1871	2.65516	1.51417	10.7407
50	7.24103	5.75297	5.58402	3.58352	21.1871	2.57435	1.57764	10.736
50	7.32183	5.77996	5.58402	3.55653	21.1871	2.49355	1.64252	10.7312
50	7.40264	5.80695	5.58402	3.52954	21.1871	2.41274	1.70877	10.7266
50	7.48345	5.83394	5.58402	3.50255	21.1871	2.33193	1.77634	10.722
50	7.56426	5.86093	5.58402	3.47556	21.1871	2.25112	1.84517	10.7174
50	7.64507	5.88792	5.58402	3.44857	21.1871	2.17031	1.91521	10.7129
50	7.72587	5.91491	5.58402	3.42158	21.1871	2.08951	1.98639	10.7084
50	7.80668	5.9419	5.58402	3.39459	21.1871	2.0087	2.05863	10.704
50	7.88749	5.96889	5.58402	3.3676	21.1871	1.92789	2.13188	10.6996
50	7.9683	5.99588	5.58402	3.34061	21.1871	1.84708	2.20605	10.6952
50	8.04911	6.02287	5.58402	3.31362	21.1871	1.76627	2.28108	10.6909
50	8.12992	6.04986	5.58402	3.28663	21.1871	1.68547	2.3569	10.6867
50	8.21072	6.07685	5.58402	3.25964	21.1871	1.60466	2.43345	10.6825
50	8.29153	6.10384	5.58402	3.23265	21.1871	1.52385	2.51067	10.6783
92	0.291531	4.22199	6.25735	5.90486	20.3027	11.8841	2.23688	14.1151
92	0.372339	4.24898	6.25735	5.87787	20.3027	11.8033	2.13684	14.043
92	0.453147	4.27597	6.25735	5.85088	20.3027	11.7224	2.04659	13.9812
92	0.533956	4.30296	6.25735	5.82389	20.3027	11.6416	1.9631	13.9271
92	0.614764	4.32995	6.25735	5.7969	20.3027	11.5608	1.8843	13.8791
92	0.695572	4.35694	6.25735	5.76991	20.3027	11.48	1.80878	13.8358
92	0.77638	4.38393	6.25735	5.74292	20.3027	11.3992	1.73552	13.7964
92	0.857188	4.41092	6.25735	5.71593	20.3027	11.3184	1.66386	13.7603
92	0.937996	4.43791	6.25735	5.68894	20.3027	11.2376	1.59331	13.727
92	1.0188	4.4649	6.25735	5.66195	20.3027	11.1568	1.52353	13.6961
92	1.09961	4.49189	6.25735	5.63496	20.3027	11.076	1.4543	13.6672
92	1.18042	4.51888	6.25735	5.60797	20.3027	10.9952	1.38549	13.6401
92	1.26123	4.54587	6.25735	5.58098	20.3027	10.9144	1.31699	13.6146
92	1.34204	4.57286	6.25735	5.55399	20.3027	10.8336	1.24876	13.5905
92	1.42284	4.59985	6.25735	5.527	20.3027	10.7527	1.18079	13.5677
92	1.50365	4.62684	6.25735	5.50001	20.3027	10.6719	1.11309	13.546
92	1.58446	4.65383	6.25735	5.47302	20.3027	10.5911	1.04573	13.5254
92	1.66527	4.68082	6.25735	5.44603	20.3027	10.5103	0.978751	13.5057
92	1.74608	4.70781	6.25735	5.41904	20.3027	10.4295	0.912259	13.4868
92	1.82688	4.7348	6.25735	5.39205	20.3027	10.3487	0.846362	13.4688
92	1.90769	4.76179	6.25735	5.36506	20.3027	10.2679	0.781195	13.4514
92	1.9885	4.78878	6.25735	5.33807	20.3027	10.1871	0.71691	13.4348
92	2.06931	4.81577	6.25735	5.31108	20.3027	10.1063	0.653683	13.4187
92	2.15012	4.84276	6.25735	5.28409	20.3027	10.0255	0.591709	13.4032
92	2.23093	4.86975	6.25735	5.2571	20.3027	9.94467	0.531203	13.3882
92	2.31173	4.89674	6.25735	5.23011	20.3027	9.86386	0.4724	13.3738
92	2.39254	4.92373	6.25735	5.20312	20.3027	9.78305	0.415551	13.3598
92	2.47335	4.95072	6.25735	5.17613	20.3027	9.70224	0.360922	13.3462
92	2.55416	4.97771	6.25735	5.14914	20.3027	9.62144	0.308787	13.3331
92	2.63497	5.0047	6.25735	5.12215	20.3027	9.54063	0.259425	13.3203
92	2.71577	5.03169	6.25735	5.09516	20.3027	9.45982	0.21311	13.3079
92	2.79658	5.05868	6.25735	5.06817	20.3027	9.37901	0.1701	13.2959
92	2.87739	5.08567	6.25735	5.04118	20.3027	9.2982	0.130632	13.2842
92	2.9582	5.11266	6.25735	5.01419	20.3027	9.2174	0.0949094	13.2728
92	3.03901	5.13965	6.25735	4.9872	20.3027	9.13659	0.0630948	13.2616
92	3.11981	5.16664	6.25735	4.96021	20.3027	9.05578	0.0353058	13.2508
92	3.20062	5.19363	6.25735	4.93322	20.3027	8.97497	0.0116136	13.2402
92	3.28143	5.22062	6.25735	4.90623	20.3027	8.89416	-0.00795418	13.2299
92	3.36224	5.24761	6.25735	4.87924	20.3027	8.81335	-0.0234079	13.2198
92	3.44305	5.2746	6.25735	4.85225	20.3027	8.73255	-0.0347882	13.2099
92	3.52385	5.30159	6.25735	4.82526	20.3027	8.65174	-0.0421585	13.2003
92	3.60466	5.32858	6.25735	4.79827	20.3027	8.57093	-0.0455974	13.1908
92	3.68547	5.35557	6.25735	4.77128	20.3027	8.49012	-0.0451928	13.1816
92	3.76628	5.38256	6.25735	4.74429	20.3027	8.40931	-0.041036	13.1726
92	3.84709	5.40955	6.25735	4.7173	20.3027	8.32851	-0.0332169	13.1637
92	3.92789	5.43654	6.25735	4.69031	20.3027	8.2477	-0.0218208	13.155
92	4.0087	5.46353	6.25735	4.66332	20.3027	8.16689	-0.00692552	13.1465
92	4.08951	5.49052	6.25735	4.63633	20.3027	8.08608	0.0113985	13.1382
92	4.17032	5.51751	6.25735	4.60934	20.3027	8.00527	0.033087	13.13
92	4.25113	5.5445	6.25735	4.58235	20.3027	7.92447	0.0580791	13.122
92	4.33194	5.57149	6.25735	4.55536	20.3027	7.84366	0.0863136	13.1141
92	4.41274	5.59848	6.25735	4.52837	20.3027	7.76285	0.117725	13.1063
92	4.49355	5.62547	6.25735	4.50138	20.3027	7.68204	0.15224	13.0987
92	4.57436	5.65246	6.25735	4.47439	20.3027	7.60123	0.189774	13.0912
92	4.65517	5.67945	6.25735	4.4474	20.3027	7.52043	0.230228	13.0839
92	4.73598	5.70644	6.25735	4.42041	20.3027	7.43962	0.273483	13.0766
92	4.81678	5.73343	6.25735	4.39342	20.3027	7.35881	0.319397	13.0695
92	4.89759	5.76042	6.25735	4.36643	20.3027	7.278	0.367806	13.0625
92	4.9784	5.78741	6.25735	4.33945	20.3027	7.19719	0.418519	13.0556
92	5.05921	5.8144	6.25735	4.31246	20.3027	7.11639	0.471321	13.0488
92	5.14002	5.84139	6.25735	4.28547	20.3027	7.03558	0.525975	13.0422
92	5.22082	5.86838	6.25735	4.25848	20.3027	6.95477	0.582224	13.0356
92	5.30163	5.89537	6.25735	4.23149	20.3027	6.87396	0.639795	13.0291
92	5.38244	5.92236	6.25735	4.2045	20.3027	6.79315	0.698402	13.0227
92	5.46325	5.94935	6.25735	4.17751	20.3027	6.71234	0.757756	13.0164
92	5.54406	5.97634	6.25735	4.15052	20.3027	6.63154	0.817571	13.0102
92	5.62486	6.00333	6.25735	4.12353	20.3027	6.55073	0.877572	13.0041
92	5.70567	6.03031	6.25735	4.09654	20.3027	6.46992	0.937511	12.9981
92	5.78648	6.0573	6.25735	4.06955	20.3027	6.38911	0.997175	12.9921
92	5.86729	6.08429	6.25735	4.04256	20.3027	6.3083	1.0564	12.9863
92	5.9481	6.11128	6.25735	4.01557	20.3027	6.2275	1.11509	12.9805
92	6.02891	6.13827	6.25735	3.98858	20.3027	6.14669	1.1732	12.9748
92	6.10971	6.16526	6.25735	3.96159	20.3027	6.06588	1.23077	12.9691
92	6.19052	6.19225	6.25735	3.9346	20.3027	5.98507	1.2879	12.9636
92	6.27133	6.21924	6.25735	3.90761	20.3027	5.90426	1.34474	12.9581
92	6.35214	6.24623	6.25735	3.88062	20.3027	5.82346	1.40148	12.9527
92	6.43295	6.27322	6.25735	3.85363	20.3027	5.74265	1.45833	12.9473
92	6.51375	6.30021	6.25735	3.82664	20.3027	5.66184	1.51551	12.942
92	6.59456	6.3272	6.25735	3.79965	20.3027	5.58103	1.57323	12.9368
92	6.67537	6.35419	6.25735	3.77266	20.3027	5.50022	1.63168	12.9316
92	6.75618	6.38118	6.25735	3.74567	20.3027	5.41942	1.691	12.9265
92	6.83699	6.40817	6.25735	3.71868	20.3027	5.33861	1.75132	12.9215
92	6.91779	6.43516	6.25735	3.69169	20.3027	5.2578	1.81273	12.9165
92	6.9986	6.46215	6.25735	3.6647	20.3027	5.17699	1.87527	12.9115
92	7.07941	6.48914	6.25735	3.63771	20.3027	5.09618	1.93898	12.9067
92	7.16022	6.51613	6.25735	3.61072	20.3027	5.01538	2.00388	12.9018
92	7.24103	6.54312	6.25735	3.58373	20.3027	4.93457	2.06995	12.8971
92	7.32183	6.57011	6.25735	3.55674	20.3027	4.85376	2.1372	12.8923
92	7.40264	6.5971	6.25735	3.52975	20.3027	4.77295	2.20559	12.8877
92	7.48345	6.62409	6.25735	3.50276	20.3027	4.69214	2.27509	12.8831
92	7.56426	6.65108	6.25735	3.47577	20.3027	4.61133	2.34567	12.8785
92	7.64507	6.67807	6.25735	3.44878	20.3027	4.53053	2.41728	12.874
92	7.72587	6.70506	6.25735	3.42179	20.3027	4.44972	2.48987	12.8695
92	7.80668	6.73205	6.25735	3.3948	20.3027	4.36891	2.5634	12.8651
92	7.88749	6.75904	6.25735	3.36781	20.3027	4.2881	2.63779	12.8607
92	7.9683	6.78603	6.25735	3.34082	20.3027	4.20729	2.713	12.8563
92	8.04911	6.81302	6.25735	3.31383	20.3027	4.12649	2.78896	12.852
92	8.12992	6.84001	6.25735	3.28684	20.3027	4.04568	2.86562	12.8478
92	8.21072	6.867	6.25735	3.25985	20.3027	3.96487	2.94293	12.8436
92	8.29153	6.89399	6.25735	3.23286	20.3027	3.88406	3.02082	12.8394
