0.828174
0.828386
0.828651
0.828965
0.829323
0.829722
0.830162
0.83064
0.831155
0.663088
0.664243
0.665469
0.666766
0.668134
0.669572
0.671081
0.672661
0.674312
0.676034
0.677828
0.679695
0.681638
0.683657
0.68575
0.687918
0.690166
0.537545
0.541114
0.544806
0.54862
0.552556
0.556615
0.560796
0.565099
0.569525
0.574072
0.578742
0.583532
0.588442
0.593471
0.598617
0.603879
0.609255
0.614743
0.620342
0.626049
0.631862
0.637776
0.643791
0.649904
0.65611
0.662406
0.668788
0.675254
0.681799
0.688421
0.695115
0.701878
0.708706
0.715596
0.722544
0.729547
0.736601
0.743702
0.750847
0.758032
0.765256
0.772513
0.779801
0.714267
0.724134
0.734033
0.743959
0.753909
0.763879
0.773864
0.783862
0.79387
0.803885
0.813904
0.823924
0.833942
0.843955
0.853959
0.863953
0.873934
0.883897
0.893842
0.903765
0.913664
0.923536
0.933378
0.943186
0.952959
0.962693
0.972385
0.982034
0.991637
1.00119
1.00981
