5.99946	0	-100
6.08027	0	-100
6.16107	0	-100
6.24188	0	-100
6.32269	0	-100
6.4035	0	-100
6.48431	0	-100
6.56511	0	-100
6.64592	0	-100
6.72673	0	-100
6.80754	0	-100
6.88835	0	-100
6.96915	0	-100
7.04996	0	-100
7.13077	0	-100
7.21158	0	-100
7.29239	0	-100
7.37319	0	-100
7.454	0	-100
7.53481	0	-100
7.61562	0	-100
7.69643	0	-100
7.77724	0	-100
7.85804	0	-100
7.93885	0	-100
8.01966	0	-100
8.10047	0	-100
8.18128	0	-100
8.26208	0	-100
8.34289	0	-100
8.4237	0	-100
8.50451	0	-100
8.58532	0	-100
8.66612	0	-100
8.74693	0	-100
8.82774	0	-100
8.90855	0	-100
8.98936	0	-100
9.07016	0	-100
9.15097	0	-100
9.23178	0	-100
9.31259	0	-100
9.3934	0	-100
9.4742	0	-100
9.55501	0	-100
9.63582	0	-100
9.71663	0	-100
9.79744	0	-100
9.87825	0	-100
9.95905	0	-100
10.0399	0	-100
10.1207	0	-100
10.2015	0	-100
10.2823	0	-100
10.3631	0	-100
10.4439	0	-100
10.5247	0	-100
10.6055	0	-100
10.6863	0	-100
10.7671	0	-100
10.8479	0	-100
10.9288	0	-100
11.0096	0	-100
11.0904	0	-100
11.1712	0	-100
11.252	0	-100
11.3328	0	-100
11.4136	0	-100
11.4944	0	-100
11.5752	0	-100
11.656	0	-100
11.7368	0	-100
11.8176	0	-100
11.8984	0	-100
11.9793	0	-100
12.0601	0	-100
12.1409	0	-100
12.2217	0	-100
12.3025	0	-100
12.3833	0	-100
12.4641	0	-100
12.5449	0	-100
12.6257	0	-100
12.7065	0	-100
12.7873	0	-100
12.8681	0	-100
12.949	0	-100
13.0298	0	-100
13.1106	0	-100
13.1914	0	-100
13.2722	0	-100
13.353	0	-100
13.4338	0	-100
13.5146	0	-100
13.5954	0	-100
13.6762	0	-100
13.757	0	-100
13.8378	0	-100
13.9186	0	-100
13.9995	0	-100
5.99946	1	-100
6.08027	1	-100
6.16107	1	-100
6.24188	1	-100
6.32269	1	-100
6.4035	1	-100
6.48431	1	-100
6.56511	1	-100
6.64592	1	-100
6.72673	1	-100
6.80754	1	-100
6.88835	1	-100
6.96915	1	-100
7.04996	1	-100
7.13077	1	-100
7.21158	1	-100
7.29239	1	-100
7.37319	1	-100
7.454	1	-100
7.53481	1	-100
7.61562	1	-100
7.69643	1	-100
7.77724	1	-100
7.85804	1	-100
7.93885	1	-100
8.01966	1	-100
8.10047	1	-100
8.18128	1	-100
8.26208	1	-100
8.34289	1	-100
8.4237	1	-100
8.50451	1	-100
8.58532	1	-100
8.66612	1	-100
8.74693	1	-100
8.82774	1	-100
8.90855	1	-100
8.98936	1	-100
9.07016	1	-100
9.15097	1	-100
9.23178	1	-100
9.31259	1	-100
9.3934	1	-100
9.4742	1	-100
9.55501	1	-100
9.63582	1	-100
9.71663	1	-100
9.79744	1	-100
9.87825	1	-100
9.95905	1	-100
10.0399	1	-100
10.1207	1	-100
10.2015	1	-100
10.2823	1	-100
10.3631	1	-100
10.4439	1	-100
10.5247	1	-100
10.6055	1	-100
10.6863	1	-100
10.7671	1	-100
10.8479	1	-100
10.9288	1	-100
11.0096	1	-100
11.0904	1	-100
11.1712	1	-100
11.252	1	-100
11.3328	1	-100
11.4136	1	-100
11.4944	1	-100
11.5752	1	-100
11.656	1	-100
11.7368	1	-100
11.8176	1	-100
11.8984	1	-100
11.9793	1	-100
12.0601	1	-100
12.1409	1	-100
12.2217	1	-100
12.3025	1	-100
12.3833	1	-100
12.4641	1	-100
12.5449	1	-100
12.6257	1	-100
12.7065	1	-100
12.7873	1	-100
12.8681	1	-100
12.949	1	-100
13.0298	1	-100
13.1106	1	-100
13.1914	1	-100
13.2722	1	-100
13.353	1	-100
13.4338	1	-100
13.5146	1	-100
13.5954	1	-100
13.6762	1	-100
13.757	1	-100
13.8378	1	-100
13.9186	1	-100
13.9995	1	-100
5.99946	2	-100
6.08027	2	-100
6.16107	2	-100
6.24188	2	-100
6.32269	2	-100
6.4035	2	-100
6.48431	2	-100
6.56511	2	-100
6.64592	2	-100
6.72673	2	-100
6.80754	2	-100
6.88835	2	-100
6.96915	2	-100
7.04996	2	-100
7.13077	2	-100
7.21158	2	-100
7.29239	2	-100
7.37319	2	-100
7.454	2	-100
7.53481	2	-100
7.61562	2	-100
7.69643	2	-100
7.77724	2	-100
7.85804	2	-100
7.93885	2	-100
8.01966	2	-100
8.10047	2	-100
8.18128	2	-100
8.26208	2	-100
8.34289	2	-100
8.4237	2	-100
8.50451	2	-100
8.58532	2	-100
8.66612	2	-100
8.74693	2	-100
8.82774	2	-100
8.90855	2	-100
8.98936	2	-100
9.07016	2	-100
9.15097	2	-100
9.23178	2	-100
9.31259	2	-100
9.3934	2	-100
9.4742	2	-100
9.55501	2	-100
9.63582	2	-100
9.71663	2	-100
9.79744	2	-100
9.87825	2	-100
9.95905	2	-100
10.0399	2	-100
10.1207	2	-100
10.2015	2	-100
10.2823	2	-100
10.3631	2	-100
10.4439	2	-100
10.5247	2	-100
10.6055	2	-100
10.6863	2	-100
10.7671	2	-100
10.8479	2	-100
10.9288	2	-100
11.0096	2	-100
11.0904	2	-100
11.1712	2	-100
11.252	2	-100
11.3328	2	-100
11.4136	2	-100
11.4944	2	-100
11.5752	2	-100
11.656	2	-100
11.7368	2	-100
11.8176	2	-100
11.8984	2	-100
11.9793	2	-100
12.0601	2	-100
12.1409	2	-100
12.2217	2	-100
12.3025	2	-100
12.3833	2	-100
12.4641	2	-100
12.5449	2	-100
12.6257	2	-100
12.7065	2	-100
12.7873	2	-100
12.8681	2	-100
12.949	2	-100
13.0298	2	-100
13.1106	2	-100
13.1914	2	-100
13.2722	2	-100
13.353	2	-100
13.4338	2	-100
13.5146	2	-100
13.5954	2	-100
13.6762	2	-100
13.757	2	-100
13.8378	2	-100
13.9186	2	-100
13.9995	2	-100
5.99946	3	-100
6.08027	3	-100
6.16107	3	-100
6.24188	3	-100
6.32269	3	-100
6.4035	3	-100
6.48431	3	-100
6.56511	3	-100
6.64592	3	-100
6.72673	3	-100
6.80754	3	-100
6.88835	3	-100
6.96915	3	-100
7.04996	3	-100
7.13077	3	-100
7.21158	3	-100
7.29239	3	-100
7.37319	3	-100
7.454	3	-100
7.53481	3	-100
7.61562	3	-100
7.69643	3	-100
7.77724	3	-100
7.85804	3	-100
7.93885	3	-100
8.01966	3	-100
8.10047	3	-100
8.18128	3	-100
8.26208	3	-100
8.34289	3	-100
8.4237	3	-100
8.50451	3	-100
8.58532	3	-100
8.66612	3	-100
8.74693	3	-100
8.82774	3	-100
8.90855	3	-100
8.98936	3	-100
9.07016	3	-100
9.15097	3	-100
9.23178	3	-100
9.31259	3	-100
9.3934	3	-100
9.4742	3	-100
9.55501	3	-100
9.63582	3	-100
9.71663	3	-100
9.79744	3	-100
9.87825	3	-100
9.95905	3	-100
10.0399	3	-100
10.1207	3	-100
10.2015	3	-100
10.2823	3	-100
10.3631	3	-100
10.4439	3	-100
10.5247	3	-100
10.6055	3	-100
10.6863	3	-100
10.7671	3	-100
10.8479	3	-100
10.9288	3	-100
11.0096	3	-100
11.0904	3	-100
11.1712	3	-100
11.252	3	-100
11.3328	3	-100
11.4136	3	-100
11.4944	3	-100
11.5752	3	-100
11.656	3	-100
11.7368	3	-100
11.8176	3	-100
11.8984	3	-100
11.9793	3	-100
12.0601	3	-100
12.1409	3	-100
12.2217	3	-100
12.3025	3	-100
12.3833	3	-100
12.4641	3	-100
12.5449	3	-100
12.6257	3	-100
12.7065	3	-100
12.7873	3	-100
12.8681	3	-100
12.949	3	-100
13.0298	3	-100
13.1106	3	-100
13.1914	3	-100
13.2722	3	-100
13.353	3	-100
13.4338	3	-100
13.5146	3	-100
13.5954	3	-100
13.6762	3	-100
13.757	3	-100
13.8378	3	-100
13.9186	3	-100
13.9995	3	-100
5.99946	4	-100
6.08027	4	-100
6.16107	4	-100
6.24188	4	-100
6.32269	4	-100
6.4035	4	-100
6.48431	4	-100
6.56511	4	-100
6.64592	4	-100
6.72673	4	-100
6.80754	4	-100
6.88835	4	-100
6.96915	4	-100
7.04996	4	-100
7.13077	4	-100
7.21158	4	-100
7.29239	4	-100
7.37319	4	-100
7.454	4	-100
7.53481	4	-100
7.61562	4	-100
7.69643	4	-100
7.77724	4	-100
7.85804	4	-100
7.93885	4	-100
8.01966	4	-100
8.10047	4	-100
8.18128	4	-100
8.26208	4	-100
8.34289	4	-100
8.4237	4	-100
8.50451	4	-100
8.58532	4	-100
8.66612	4	-100
8.74693	4	-100
8.82774	4	-100
8.90855	4	-100
8.98936	4	-100
9.07016	4	-100
9.15097	4	-100
9.23178	4	-100
9.31259	4	-100
9.3934	4	-100
9.4742	4	-100
9.55501	4	-100
9.63582	4	-100
9.71663	4	-100
9.79744	4	-100
9.87825	4	-100
9.95905	4	-100
10.0399	4	-100
10.1207	4	-100
10.2015	4	-100
10.2823	4	-100
10.3631	4	-100
10.4439	4	-100
10.5247	4	-100
10.6055	4	-100
10.6863	4	-100
10.7671	4	-100
10.8479	4	-100
10.9288	4	-100
11.0096	4	-100
11.0904	4	-100
11.1712	4	-100
11.252	4	-100
11.3328	4	-100
11.4136	4	-100
11.4944	4	-100
11.5752	4	-100
11.656	4	-100
11.7368	4	-100
11.8176	4	-100
11.8984	4	-100
11.9793	4	-100
12.0601	4	-100
12.1409	4	-100
12.2217	4	-100
12.3025	4	-100
12.3833	4	-100
12.4641	4	-100
12.5449	4	-100
12.6257	4	-100
12.7065	4	-100
12.7873	4	-100
12.8681	4	-100
12.949	4	-100
13.0298	4	-100
13.1106	4	-100
13.1914	4	-100
13.2722	4	-100
13.353	4	-100
13.4338	4	-100
13.5146	4	-100
13.5954	4	-100
13.6762	4	-100
13.757	4	-100
13.8378	4	-100
13.9186	4	-100
13.9995	4	-100
5.99946	5	-100
6.08027	5	-100
6.16107	5	-100
6.24188	5	-100
6.32269	5	-100
6.4035	5	-100
6.48431	5	-100
6.56511	5	-100
6.64592	5	-100
6.72673	5	-100
6.80754	5	-100
6.88835	5	-100
6.96915	5	-100
7.04996	5	-100
7.13077	5	-100
7.21158	5	-100
7.29239	5	-100
7.37319	5	-100
7.454	5	-100
7.53481	5	-100
7.61562	5	-100
7.69643	5	-100
7.77724	5	-100
7.85804	5	-100
7.93885	5	-100
8.01966	5	-100
8.10047	5	-100
8.18128	5	-100
8.26208	5	-100
8.34289	5	-100
8.4237	5	-100
8.50451	5	-100
8.58532	5	-100
8.66612	5	-100
8.74693	5	-100
8.82774	5	-100
8.90855	5	-100
8.98936	5	-100
9.07016	5	-100
9.15097	5	-100
9.23178	5	-100
9.31259	5	-100
9.3934	5	-100
9.4742	5	-100
9.55501	5	-100
9.63582	5	-100
9.71663	5	-100
9.79744	5	-100
9.87825	5	-100
9.95905	5	-100
10.0399	5	-100
10.1207	5	-100
10.2015	5	-100
10.2823	5	-100
10.3631	5	-100
10.4439	5	-100
10.5247	5	-100
10.6055	5	-100
10.6863	5	-100
10.7671	5	-100
10.8479	5	-100
10.9288	5	-100
11.0096	5	-100
11.0904	5	-100
11.1712	5	-100
11.252	5	-100
11.3328	5	-100
11.4136	5	-100
11.4944	5	-100
11.5752	5	-100
11.656	5	-100
11.7368	5	-100
11.8176	5	-100
11.8984	5	-100
11.9793	5	-100
12.0601	5	-100
12.1409	5	-100
12.2217	5	-100
12.3025	5	-100
12.3833	5	-100
12.4641	5	-100
12.5449	5	-100
12.6257	5	-100
12.7065	5	-100
12.7873	5	-100
12.8681	5	-100
12.949	5	-100
13.0298	5	-100
13.1106	5	-100
13.1914	5	-100
13.2722	5	-100
13.353	5	-100
13.4338	5	-100
13.5146	5	-100
13.5954	5	-100
13.6762	5	-100
13.757	5	-100
13.8378	5	-100
13.9186	5	-100
13.9995	5	-100
5.99946	6	-100
6.08027	6	-100
6.16107	6	-100
6.24188	6	-100
6.32269	6	-100
6.4035	6	-100
6.48431	6	-100
6.56511	6	-100
6.64592	6	-100
6.72673	6	-100
6.80754	6	-100
6.88835	6	-100
6.96915	6	-100
7.04996	6	-100
7.13077	6	-100
7.21158	6	-100
7.29239	6	-100
7.37319	6	-100
7.454	6	-100
7.53481	6	-100
7.61562	6	-100
7.69643	6	-100
7.77724	6	-100
7.85804	6	-100
7.93885	6	-100
8.01966	6	-100
8.10047	6	-100
8.18128	6	-100
8.26208	6	-100
8.34289	6	-100
8.4237	6	-100
8.50451	6	-100
8.58532	6	-100
8.66612	6	-100
8.74693	6	-100
8.82774	6	-100
8.90855	6	-100
8.98936	6	-100
9.07016	6	-100
9.15097	6	-100
9.23178	6	-100
9.31259	6	-100
9.3934	6	-100
9.4742	6	-100
9.55501	6	-100
9.63582	6	-100
9.71663	6	-100
9.79744	6	-100
9.87825	6	-100
9.95905	6	-100
10.0399	6	-100
10.1207	6	-100
10.2015	6	-100
10.2823	6	-100
10.3631	6	-100
10.4439	6	-100
10.5247	6	-100
10.6055	6	-100
10.6863	6	-100
10.7671	6	-100
10.8479	6	-100
10.9288	6	-100
11.0096	6	-100
11.0904	6	-100
11.1712	6	-100
11.252	6	-100
11.3328	6	-100
11.4136	6	-100
11.4944	6	-100
11.5752	6	-100
11.656	6	-100
11.7368	6	-100
11.8176	6	-100
11.8984	6	-100
11.9793	6	-100
12.0601	6	-100
12.1409	6	-100
12.2217	6	-100
12.3025	6	-100
12.3833	6	-100
12.4641	6	-100
12.5449	6	-100
12.6257	6	-100
12.7065	6	-100
12.7873	6	-100
12.8681	6	-100
12.949	6	-100
13.0298	6	-100
13.1106	6	-100
13.1914	6	-100
13.2722	6	-100
13.353	6	-100
13.4338	6	-100
13.5146	6	-100
13.5954	6	-100
13.6762	6	-100
13.757	6	-100
13.8378	6	-100
13.9186	6	-100
13.9995	6	-100
5.99946	7	-100
6.08027	7	-100
6.16107	7	-100
6.24188	7	-100
6.32269	7	-100
6.4035	7	-100
6.48431	7	-100
6.56511	7	-100
6.64592	7	-100
6.72673	7	-100
6.80754	7	-100
6.88835	7	-100
6.96915	7	-100
7.04996	7	-100
7.13077	7	-100
7.21158	7	-100
7.29239	7	-100
7.37319	7	-100
7.454	7	-100
7.53481	7	-100
7.61562	7	-100
7.69643	7	-100
7.77724	7	-100
7.85804	7	-100
7.93885	7	-100
8.01966	7	-100
8.10047	7	-100
8.18128	7	-100
8.26208	7	-100
8.34289	7	-100
8.4237	7	-100
8.50451	7	-100
8.58532	7	-100
8.66612	7	-100
8.74693	7	-100
8.82774	7	-100
8.90855	7	-100
8.98936	7	-100
9.07016	7	-100
9.15097	7	-100
9.23178	7	-100
9.31259	7	-100
9.3934	7	-100
9.4742	7	-100
9.55501	7	-100
9.63582	7	-100
9.71663	7	-100
9.79744	7	-100
9.87825	7	-100
9.95905	7	-100
10.0399	7	-100
10.1207	7	-100
10.2015	7	-100
10.2823	7	-100
10.3631	7	-100
10.4439	7	-100
10.5247	7	-100
10.6055	7	-100
10.6863	7	-100
10.7671	7	-100
10.8479	7	-100
10.9288	7	-100
11.0096	7	-100
11.0904	7	-100
11.1712	7	-100
11.252	7	-100
11.3328	7	-100
11.4136	7	-100
11.4944	7	-100
11.5752	7	-100
11.656	7	-100
11.7368	7	-100
11.8176	7	-100
11.8984	7	-100
11.9793	7	-100
12.0601	7	-100
12.1409	7	-100
12.2217	7	-100
12.3025	7	-100
12.3833	7	-100
12.4641	7	-100
12.5449	7	-100
12.6257	7	-100
12.7065	7	-100
12.7873	7	-100
12.8681	7	-100
12.949	7	-100
13.0298	7	-100
13.1106	7	-100
13.1914	7	-100
13.2722	7	-100
13.353	7	-100
13.4338	7	-100
13.5146	7	-100
13.5954	7	-100
13.6762	7	-100
13.757	7	-100
13.8378	7	-100
13.9186	7	-100
13.9995	7	-100
5.99946	8	-100
6.08027	8	-100
6.16107	8	-100
6.24188	8	-100
6.32269	8	-100
6.4035	8	-100
6.48431	8	-100
6.56511	8	-100
6.64592	8	-100
6.72673	8	-100
6.80754	8	-100
6.88835	8	-100
6.96915	8	-100
7.04996	8	-100
7.13077	8	-100
7.21158	8	-100
7.29239	8	-100
7.37319	8	-100
7.454	8	-100
7.53481	8	-100
7.61562	8	-100
7.69643	8	-100
7.77724	8	-100
7.85804	8	-100
7.93885	8	-100
8.01966	8	-100
8.10047	8	-100
8.18128	8	-100
8.26208	8	-100
8.34289	8	-100
8.4237	8	-100
8.50451	8	-100
8.58532	8	-100
8.66612	8	-100
8.74693	8	-100
8.82774	8	-100
8.90855	8	-100
8.98936	8	-100
9.07016	8	-100
9.15097	8	-100
9.23178	8	-100
9.31259	8	-100
9.3934	8	-100
9.4742	8	-100
9.55501	8	-100
9.63582	8	-100
9.71663	8	-100
9.79744	8	-100
9.87825	8	-100
9.95905	8	-100
10.0399	8	-100
10.1207	8	-100
10.2015	8	-100
10.2823	8	-100
10.3631	8	-100
10.4439	8	-100
10.5247	8	-100
10.6055	8	-100
10.6863	8	-100
10.7671	8	-100
10.8479	8	-100
10.9288	8	-100
11.0096	8	-100
11.0904	8	-100
11.1712	8	-100
11.252	8	-100
11.3328	8	-100
11.4136	8	-100
11.4944	8	-100
11.5752	8	-100
11.656	8	-100
11.7368	8	-100
11.8176	8	-100
11.8984	8	-100
11.9793	8	-100
12.0601	8	-100
12.1409	8	-100
12.2217	8	-100
12.3025	8	-100
12.3833	8	-100
12.4641	8	-100
12.5449	8	-100
12.6257	8	-100
12.7065	8	-100
12.7873	8	-100
12.8681	8	-100
12.949	8	-100
13.0298	8	-100
13.1106	8	-100
13.1914	8	-100
13.2722	8	-100
13.353	8	-100
13.4338	8	-100
13.5146	8	-100
13.5954	8	-100
13.6762	8	-100
13.757	8	-100
13.8378	8	-100
13.9186	8	-100
13.9995	8	-100
5.99946	9	-100
6.08027	9	-100
6.16107	9	-100
6.24188	9	-100
6.32269	9	-100
6.4035	9	-100
6.48431	9	-100
6.56511	9	-100
6.64592	9	-100
6.72673	9	-100
6.80754	9	-100
6.88835	9	-100
6.96915	9	-100
7.04996	9	-100
7.13077	9	-100
7.21158	9	-100
7.29239	9	-100
7.37319	9	-100
7.454	9	-100
7.53481	9	-100
7.61562	9	-100
7.69643	9	-100
7.77724	9	-100
7.85804	9	-100
7.93885	9	-100
8.01966	9	-100
8.10047	9	-100
8.18128	9	-100
8.26208	9	-100
8.34289	9	-100
8.4237	9	-100
8.50451	9	-100
8.58532	9	-100
8.66612	9	-100
8.74693	9	-100
8.82774	9	-100
8.90855	9	-100
8.98936	9	-100
9.07016	9	-100
9.15097	9	-100
9.23178	9	-100
9.31259	9	-100
9.3934	9	-100
9.4742	9	-100
9.55501	9	-100
9.63582	9	-100
9.71663	9	-100
9.79744	9	-100
9.87825	9	-100
9.95905	9	-100
10.0399	9	-100
10.1207	9	-100
10.2015	9	-100
10.2823	9	-100
10.3631	9	-100
10.4439	9	-100
10.5247	9	-100
10.6055	9	-100
10.6863	9	-100
10.7671	9	-100
10.8479	9	-100
10.9288	9	-100
11.0096	9	-100
11.0904	9	-100
11.1712	9	-100
11.252	9	-100
11.3328	9	-100
11.4136	9	-100
11.4944	9	-100
11.5752	9	-100
11.656	9	-100
11.7368	9	-100
11.8176	9	-100
11.8984	9	-100
11.9793	9	-100
12.0601	9	-100
12.1409	9	-100
12.2217	9	-100
12.3025	9	-100
12.3833	9	-100
12.4641	9	-100
12.5449	9	-100
12.6257	9	-100
12.7065	9	-100
12.7873	9	-100
12.8681	9	-100
12.949	9	-100
13.0298	9	-100
13.1106	9	-100
13.1914	9	-100
13.2722	9	-100
13.353	9	-100
13.4338	9	-100
13.5146	9	-100
13.5954	9	-100
13.6762	9	-100
13.757	9	-100
13.8378	9	-100
13.9186	9	-100
13.9995	9	-100
5.99946	10	-100
6.08027	10	-100
6.16107	10	-100
6.24188	10	-100
6.32269	10	-100
6.4035	10	-100
6.48431	10	-100
6.56511	10	-100
6.64592	10	-100
6.72673	10	-100
6.80754	10	-100
6.88835	10	-100
6.96915	10	-100
7.04996	10	-100
7.13077	10	-100
7.21158	10	-100
7.29239	10	-100
7.37319	10	-100
7.454	10	-100
7.53481	10	-100
7.61562	10	-100
7.69643	10	-100
7.77724	10	-100
7.85804	10	-100
7.93885	10	-100
8.01966	10	-100
8.10047	10	-100
8.18128	10	-100
8.26208	10	-100
8.34289	10	-100
8.4237	10	-100
8.50451	10	-100
8.58532	10	-100
8.66612	10	-100
8.74693	10	-100
8.82774	10	-100
8.90855	10	-100
8.98936	10	-100
9.07016	10	-100
9.15097	10	-100
9.23178	10	-100
9.31259	10	-100
9.3934	10	-100
9.4742	10	-100
9.55501	10	-100
9.63582	10	-100
9.71663	10	-100
9.79744	10	-100
9.87825	10	-100
9.95905	10	-100
10.0399	10	-100
10.1207	10	-100
10.2015	10	-100
10.2823	10	-100
10.3631	10	-100
10.4439	10	-100
10.5247	10	-100
10.6055	10	-100
10.6863	10	-100
10.7671	10	-100
10.8479	10	-100
10.9288	10	-100
11.0096	10	-100
11.0904	10	-100
11.1712	10	-100
11.252	10	-100
11.3328	10	-100
11.4136	10	-100
11.4944	10	-100
11.5752	10	-100
11.656	10	-100
11.7368	10	-100
11.8176	10	-100
11.8984	10	-100
11.9793	10	-100
12.0601	10	-100
12.1409	10	-100
12.2217	10	-100
12.3025	10	-100
12.3833	10	-100
12.4641	10	-100
12.5449	10	-100
12.6257	10	-100
12.7065	10	-100
12.7873	10	-100
12.8681	10	-100
12.949	10	-100
13.0298	10	-100
13.1106	10	-100
13.1914	10	-100
13.2722	10	-100
13.353	10	-100
13.4338	10	-100
13.5146	10	-100
13.5954	10	-100
13.6762	10	-100
13.757	10	-100
13.8378	10	-100
13.9186	10	-100
13.9995	10	-100
5.99946	11	-100
6.08027	11	-100
6.16107	11	-100
6.24188	11	-100
6.32269	11	-100
6.4035	11	-100
6.48431	11	-100
6.56511	11	-100
6.64592	11	-100
6.72673	11	-100
6.80754	11	-100
6.88835	11	-100
6.96915	11	-100
7.04996	11	-100
7.13077	11	-100
7.21158	11	-100
7.29239	11	-100
7.37319	11	-100
7.454	11	-100
7.53481	11	-100
7.61562	11	-100
7.69643	11	-100
7.77724	11	-100
7.85804	11	-100
7.93885	11	-100
8.01966	11	-100
8.10047	11	-100
8.18128	11	-100
8.26208	11	-100
8.34289	11	-100
8.4237	11	-100
8.50451	11	-100
8.58532	11	-100
8.66612	11	-100
8.74693	11	-100
8.82774	11	-100
8.90855	11	-100
8.98936	11	-100
9.07016	11	-100
9.15097	11	-100
9.23178	11	-100
9.31259	11	-100
9.3934	11	-100
9.4742	11	-100
9.55501	11	-100
9.63582	11	-100
9.71663	11	-100
9.79744	11	-100
9.87825	11	-100
9.95905	11	-100
10.0399	11	-100
10.1207	11	-100
10.2015	11	-100
10.2823	11	-100
10.3631	11	-100
10.4439	11	-100
10.5247	11	-100
10.6055	11	-100
10.6863	11	-100
10.7671	11	-100
10.8479	11	-100
10.9288	11	-100
11.0096	11	-100
11.0904	11	-100
11.1712	11	-100
11.252	11	-100
11.3328	11	-100
11.4136	11	-100
11.4944	11	-100
11.5752	11	-100
11.656	11	-100
11.7368	11	-100
11.8176	11	-100
11.8984	11	-100
11.9793	11	-100
12.0601	11	-100
12.1409	11	-100
12.2217	11	-100
12.3025	11	-100
12.3833	11	-100
12.4641	11	-100
12.5449	11	-100
12.6257	11	-100
12.7065	11	-100
12.7873	11	-100
12.8681	11	-100
12.949	11	-100
13.0298	11	-100
13.1106	11	-100
13.1914	11	-100
13.2722	11	-100
13.353	11	-100
13.4338	11	-100
13.5146	11	-100
13.5954	11	-100
13.6762	11	-100
13.757	11	-100
13.8378	11	-100
13.9186	11	-100
13.9995	11	-100
5.99946	12	-100
6.08027	12	-100
6.16107	12	-100
6.24188	12	-100
6.32269	12	-100
6.4035	12	-100
6.48431	12	-100
6.56511	12	-100
6.64592	12	-100
6.72673	12	-100
6.80754	12	-100
6.88835	12	-100
6.96915	12	-100
7.04996	12	-100
7.13077	12	-100
7.21158	12	-100
7.29239	12	-100
7.37319	12	-100
7.454	12	-100
7.53481	12	-100
7.61562	12	-100
7.69643	12	-100
7.77724	12	-100
7.85804	12	-100
7.93885	12	-100
8.01966	12	-100
8.10047	12	-100
8.18128	12	-100
8.26208	12	-100
8.34289	12	-100
8.4237	12	-100
8.50451	12	-100
8.58532	12	-100
8.66612	12	-100
8.74693	12	-100
8.82774	12	-100
8.90855	12	-100
8.98936	12	-100
9.07016	12	-100
9.15097	12	-100
9.23178	12	-100
9.31259	12	-100
9.3934	12	-100
9.4742	12	-100
9.55501	12	-100
9.63582	12	-100
9.71663	12	-100
9.79744	12	-100
9.87825	12	-100
9.95905	12	-100
10.0399	12	-100
10.1207	12	-100
10.2015	12	-100
10.2823	12	-100
10.3631	12	-100
10.4439	12	-100
10.5247	12	-100
10.6055	12	-100
10.6863	12	-100
10.7671	12	-100
10.8479	12	-100
10.9288	12	-100
11.0096	12	-100
11.0904	12	-100
11.1712	12	-100
11.252	12	-100
11.3328	12	-100
11.4136	12	-100
11.4944	12	-100
11.5752	12	-100
11.656	12	-100
11.7368	12	-100
11.8176	12	-100
11.8984	12	-100
11.9793	12	-100
12.0601	12	-100
12.1409	12	-100
12.2217	12	-100
12.3025	12	-100
12.3833	12	-100
12.4641	12	-100
12.5449	12	-100
12.6257	12	-100
12.7065	12	-100
12.7873	12	-100
12.8681	12	-100
12.949	12	-100
13.0298	12	-100
13.1106	12	-100
13.1914	12	-100
13.2722	12	-100
13.353	12	-100
13.4338	12	-100
13.5146	12	-100
13.5954	12	-100
13.6762	12	-100
13.757	12	-100
13.8378	12	-100
13.9186	12	-100
13.9995	12	-100
5.99946	13	-100
6.08027	13	-100
6.16107	13	-100
6.24188	13	-100
6.32269	13	-100
6.4035	13	-100
6.48431	13	-100
6.56511	13	-100
6.64592	13	-100
6.72673	13	-100
6.80754	13	-100
6.88835	13	-100
6.96915	13	-100
7.04996	13	-100
7.13077	13	-100
7.21158	13	-100
7.29239	13	-100
7.37319	13	-100
7.454	13	-100
7.53481	13	-100
7.61562	13	-100
7.69643	13	-100
7.77724	13	-100
7.85804	13	-100
7.93885	13	-100
8.01966	13	-100
8.10047	13	-100
8.18128	13	-100
8.26208	13	-100
8.34289	13	-100
8.4237	13	-100
8.50451	13	-100
8.58532	13	-100
8.66612	13	-100
8.74693	13	-100
8.82774	13	-100
8.90855	13	-100
8.98936	13	-100
9.07016	13	-100
9.15097	13	-100
9.23178	13	-100
9.31259	13	-100
9.3934	13	-100
9.4742	13	-100
9.55501	13	-100
9.63582	13	-100
9.71663	13	-100
9.79744	13	-100
9.87825	13	-100
9.95905	13	-100
10.0399	13	-100
10.1207	13	-100
10.2015	13	-100
10.2823	13	-100
10.3631	13	-100
10.4439	13	-100
10.5247	13	-100
10.6055	13	-100
10.6863	13	-100
10.7671	13	-100
10.8479	13	-100
10.9288	13	-100
11.0096	13	-100
11.0904	13	-100
11.1712	13	-100
11.252	13	-100
11.3328	13	-100
11.4136	13	-100
11.4944	13	-100
11.5752	13	-100
11.656	13	-100
11.7368	13	-100
11.8176	13	-100
11.8984	13	-100
11.9793	13	-100
12.0601	13	-100
12.1409	13	-100
12.2217	13	-100
12.3025	13	-100
12.3833	13	-100
12.4641	13	-100
12.5449	13	-100
12.6257	13	-100
12.7065	13	-100
12.7873	13	-100
12.8681	13	-100
12.949	13	-100
13.0298	13	-100
13.1106	13	-100
13.1914	13	-100
13.2722	13	-100
13.353	13	-100
13.4338	13	-100
13.5146	13	-100
13.5954	13	-100
13.6762	13	-100
13.757	13	-100
13.8378	13	-100
13.9186	13	-100
13.9995	13	-100
5.99946	14	-100
6.08027	14	-100
6.16107	14	-100
6.24188	14	-100
6.32269	14	-100
6.4035	14	-100
6.48431	14	-100
6.56511	14	-100
6.64592	14	-100
6.72673	14	-100
6.80754	14	-100
6.88835	14	-100
6.96915	14	-100
7.04996	14	-100
7.13077	14	-100
7.21158	14	-100
7.29239	14	-100
7.37319	14	-100
7.454	14	-100
7.53481	14	-100
7.61562	14	-100
7.69643	14	-100
7.77724	14	-100
7.85804	14	-100
7.93885	14	-100
8.01966	14	-100
8.10047	14	-100
8.18128	14	-100
8.26208	14	-100
8.34289	14	-100
8.4237	14	-100
8.50451	14	-100
8.58532	14	-100
8.66612	14	-100
8.74693	14	-100
8.82774	14	-100
8.90855	14	-100
8.98936	14	-100
9.07016	14	-100
9.15097	14	-100
9.23178	14	-100
9.31259	14	-100
9.3934	14	-100
9.4742	14	-100
9.55501	14	-100
9.63582	14	-100
9.71663	14	-100
9.79744	14	-100
9.87825	14	-100
9.95905	14	-100
10.0399	14	-100
10.1207	14	-100
10.2015	14	-100
10.2823	14	-100
10.3631	14	-100
10.4439	14	-100
10.5247	14	-100
10.6055	14	-100
10.6863	14	-100
10.7671	14	-100
10.8479	14	-100
10.9288	14	-100
11.0096	14	-100
11.0904	14	-100
11.1712	14	-100
11.252	14	-100
11.3328	14	-100
11.4136	14	-100
11.4944	14	-100
11.5752	14	-100
11.656	14	-100
11.7368	14	-100
11.8176	14	-100
11.8984	14	-100
11.9793	14	-100
12.0601	14	-100
12.1409	14	-100
12.2217	14	-100
12.3025	14	-100
12.3833	14	-100
12.4641	14	-100
12.5449	14	-100
12.6257	14	-100
12.7065	14	-100
12.7873	14	-100
12.8681	14	-100
12.949	14	-100
13.0298	14	-100
13.1106	14	-100
13.1914	14	-100
13.2722	14	-100
13.353	14	-100
13.4338	14	-100
13.5146	14	-100
13.5954	14	-100
13.6762	14	-100
13.757	14	-100
13.8378	14	-100
13.9186	14	-100
13.9995	14	-100
5.99946	15	-100
6.08027	15	-100
6.16107	15	-100
6.24188	15	-100
6.32269	15	-100
6.4035	15	-100
6.48431	15	-100
6.56511	15	-100
6.64592	15	-100
6.72673	15	-100
6.80754	15	-100
6.88835	15	-100
6.96915	15	-100
7.04996	15	-100
7.13077	15	-100
7.21158	15	-100
7.29239	15	-100
7.37319	15	-100
7.454	15	-100
7.53481	15	-100
7.61562	15	-100
7.69643	15	-100
7.77724	15	-100
7.85804	15	-100
7.93885	15	-100
8.01966	15	-100
8.10047	15	-100
8.18128	15	-100
8.26208	15	-100
8.34289	15	-100
8.4237	15	-100
8.50451	15	-100
8.58532	15	-100
8.66612	15	-100
8.74693	15	-100
8.82774	15	-100
8.90855	15	-100
8.98936	15	-100
9.07016	15	-100
9.15097	15	-100
9.23178	15	-100
9.31259	15	-100
9.3934	15	-100
9.4742	15	-100
9.55501	15	-100
9.63582	15	-100
9.71663	15	-100
9.79744	15	-100
9.87825	15	-100
9.95905	15	-100
10.0399	15	-100
10.1207	15	-100
10.2015	15	-100
10.2823	15	-100
10.3631	15	-100
10.4439	15	-100
10.5247	15	-100
10.6055	15	-100
10.6863	15	-100
10.7671	15	-100
10.8479	15	-100
10.9288	15	-100
11.0096	15	-100
11.0904	15	-100
11.1712	15	-100
11.252	15	-100
11.3328	15	-100
11.4136	15	-100
11.4944	15	-100
11.5752	15	-100
11.656	15	-100
11.7368	15	-100
11.8176	15	-100
11.8984	15	-100
11.9793	15	-100
12.0601	15	-100
12.1409	15	-100
12.2217	15	-100
12.3025	15	-100
12.3833	15	-100
12.4641	15	-100
12.5449	15	-100
12.6257	15	-100
12.7065	15	-100
12.7873	15	-100
12.8681	15	-100
12.949	15	-100
13.0298	15	-100
13.1106	15	-100
13.1914	15	-100
13.2722	15	-100
13.353	15	-100
13.4338	15	-100
13.5146	15	-100
13.5954	15	-100
13.6762	15	-100
13.757	15	-100
13.8378	15	-100
13.9186	15	-100
13.9995	15	-100
5.99946	16	-100
6.08027	16	-100
6.16107	16	-100
6.24188	16	-100
6.32269	16	-100
6.4035	16	-100
6.48431	16	-100
6.56511	16	-100
6.64592	16	-100
6.72673	16	-100
6.80754	16	-100
6.88835	16	-100
6.96915	16	-100
7.04996	16	-100
7.13077	16	-100
7.21158	16	-100
7.29239	16	-100
7.37319	16	-100
7.454	16	-100
7.53481	16	-100
7.61562	16	-100
7.69643	16	-100
7.77724	16	-100
7.85804	16	-100
7.93885	16	-100
8.01966	16	-100
8.10047	16	-100
8.18128	16	-100
8.26208	16	-100
8.34289	16	-100
8.4237	16	-100
8.50451	16	-100
8.58532	16	-100
8.66612	16	-100
8.74693	16	-100
8.82774	16	-100
8.90855	16	-100
8.98936	16	-100
9.07016	16	-100
9.15097	16	-100
9.23178	16	-100
9.31259	16	-100
9.3934	16	-100
9.4742	16	-100
9.55501	16	-100
9.63582	16	-100
9.71663	16	-100
9.79744	16	-100
9.87825	16	-100
9.95905	16	-100
10.0399	16	-100
10.1207	16	-100
10.2015	16	-100
10.2823	16	-100
10.3631	16	-100
10.4439	16	-100
10.5247	16	-100
10.6055	16	-100
10.6863	16	-100
10.7671	16	-100
10.8479	16	-100
10.9288	16	-100
11.0096	16	-100
11.0904	16	-100
11.1712	16	-100
11.252	16	-100
11.3328	16	-100
11.4136	16	-100
11.4944	16	-100
11.5752	16	-100
11.656	16	-100
11.7368	16	-100
11.8176	16	-100
11.8984	16	-100
11.9793	16	-100
12.0601	16	-100
12.1409	16	-100
12.2217	16	-100
12.3025	16	-100
12.3833	16	-100
12.4641	16	-100
12.5449	16	-100
12.6257	16	-100
12.7065	16	-100
12.7873	16	-100
12.8681	16	-100
12.949	16	-100
13.0298	16	-100
13.1106	16	-100
13.1914	16	-100
13.2722	16	-100
13.353	16	-100
13.4338	16	-100
13.5146	16	-100
13.5954	16	-100
13.6762	16	-100
13.757	16	-100
13.8378	16	-100
13.9186	16	-100
13.9995	16	-100
5.99946	17	-100
6.08027	17	-100
6.16107	17	-100
6.24188	17	-100
6.32269	17	-100
6.4035	17	-100
6.48431	17	-100
6.56511	17	-100
6.64592	17	-100
6.72673	17	-100
6.80754	17	-100
6.88835	17	-100
6.96915	17	-100
7.04996	17	-100
7.13077	17	-100
7.21158	17	-100
7.29239	17	-100
7.37319	17	-100
7.454	17	-100
7.53481	17	-100
7.61562	17	-100
7.69643	17	-100
7.77724	17	-100
7.85804	17	-100
7.93885	17	-100
8.01966	17	-100
8.10047	17	-100
8.18128	17	-100
8.26208	17	-100
8.34289	17	-100
8.4237	17	-100
8.50451	17	-100
8.58532	17	-100
8.66612	17	-100
8.74693	17	-100
8.82774	17	-100
8.90855	17	-100
8.98936	17	-100
9.07016	17	-100
9.15097	17	-100
9.23178	17	-100
9.31259	17	-100
9.3934	17	-100
9.4742	17	-100
9.55501	17	-100
9.63582	17	-100
9.71663	17	-100
9.79744	17	-100
9.87825	17	-100
9.95905	17	-100
10.0399	17	-100
10.1207	17	-100
10.2015	17	-100
10.2823	17	-100
10.3631	17	-100
10.4439	17	-100
10.5247	17	-100
10.6055	17	-100
10.6863	17	-100
10.7671	17	-100
10.8479	17	-100
10.9288	17	-100
11.0096	17	-100
11.0904	17	-100
11.1712	17	-100
11.252	17	-100
11.3328	17	-100
11.4136	17	-100
11.4944	17	-100
11.5752	17	-100
11.656	17	-100
11.7368	17	-100
11.8176	17	-100
11.8984	17	-100
11.9793	17	-100
12.0601	17	-100
12.1409	17	-100
12.2217	17	-100
12.3025	17	-100
12.3833	17	-100
12.4641	17	-100
12.5449	17	-100
12.6257	17	-100
12.7065	17	-100
12.7873	17	-100
12.8681	17	-100
12.949	17	-100
13.0298	17	-100
13.1106	17	-100
13.1914	17	-100
13.2722	17	-100
13.353	17	-100
13.4338	17	-100
13.5146	17	-100
13.5954	17	-100
13.6762	17	-100
13.757	17	-100
13.8378	17	-100
13.9186	17	-100
13.9995	17	-100
5.99946	18	-100
6.08027	18	-100
6.16107	18	-100
6.24188	18	-100
6.32269	18	-100
6.4035	18	-100
6.48431	18	-100
6.56511	18	-100
6.64592	18	-100
6.72673	18	-100
6.80754	18	-100
6.88835	18	-100
6.96915	18	-100
7.04996	18	-100
7.13077	18	-100
7.21158	18	-100
7.29239	18	-100
7.37319	18	-100
7.454	18	-100
7.53481	18	-100
7.61562	18	-100
7.69643	18	-100
7.77724	18	-100
7.85804	18	-100
7.93885	18	-100
8.01966	18	-100
8.10047	18	-100
8.18128	18	-100
8.26208	18	-100
8.34289	18	-100
8.4237	18	-100
8.50451	18	-100
8.58532	18	-100
8.66612	18	-100
8.74693	18	-100
8.82774	18	-100
8.90855	18	-100
8.98936	18	-100
9.07016	18	-100
9.15097	18	-100
9.23178	18	-100
9.31259	18	-100
9.3934	18	-100
9.4742	18	-100
9.55501	18	-100
9.63582	18	-100
9.71663	18	-100
9.79744	18	-100
9.87825	18	-100
9.95905	18	-100
10.0399	18	-100
10.1207	18	-100
10.2015	18	-100
10.2823	18	-100
10.3631	18	-100
10.4439	18	-100
10.5247	18	-100
10.6055	18	-100
10.6863	18	-100
10.7671	18	-100
10.8479	18	-100
10.9288	18	-100
11.0096	18	-100
11.0904	18	-100
11.1712	18	-100
11.252	18	-100
11.3328	18	-100
11.4136	18	-100
11.4944	18	-100
11.5752	18	-100
11.656	18	-100
11.7368	18	-100
11.8176	18	-100
11.8984	18	-100
11.9793	18	-100
12.0601	18	-100
12.1409	18	-100
12.2217	18	-100
12.3025	18	-100
12.3833	18	-100
12.4641	18	-100
12.5449	18	-100
12.6257	18	-100
12.7065	18	-100
12.7873	18	-100
12.8681	18	-100
12.949	18	-100
13.0298	18	-100
13.1106	18	-100
13.1914	18	-100
13.2722	18	-100
13.353	18	-100
13.4338	18	-100
13.5146	18	-100
13.5954	18	-100
13.6762	18	-100
13.757	18	-100
13.8378	18	-100
13.9186	18	-100
13.9995	18	-100
5.99946	19	-100
6.08027	19	-100
6.16107	19	-100
6.24188	19	-100
6.32269	19	-100
6.4035	19	-100
6.48431	19	-100
6.56511	19	-100
6.64592	19	-100
6.72673	19	-100
6.80754	19	-100
6.88835	19	-100
6.96915	19	-100
7.04996	19	-100
7.13077	19	-100
7.21158	19	-100
7.29239	19	-100
7.37319	19	-100
7.454	19	-100
7.53481	19	-100
7.61562	19	-100
7.69643	19	-100
7.77724	19	-100
7.85804	19	-100
7.93885	19	-100
8.01966	19	-100
8.10047	19	-100
8.18128	19	-100
8.26208	19	-100
8.34289	19	-100
8.4237	19	-100
8.50451	19	-100
8.58532	19	-100
8.66612	19	-100
8.74693	19	-100
8.82774	19	-100
8.90855	19	-100
8.98936	19	-100
9.07016	19	-100
9.15097	19	-100
9.23178	19	-100
9.31259	19	-100
9.3934	19	-100
9.4742	19	-100
9.55501	19	-100
9.63582	19	-100
9.71663	19	-100
9.79744	19	-100
9.87825	19	-100
9.95905	19	-100
10.0399	19	-100
10.1207	19	-100
10.2015	19	-100
10.2823	19	-100
10.3631	19	-100
10.4439	19	-100
10.5247	19	-100
10.6055	19	-100
10.6863	19	-100
10.7671	19	-100
10.8479	19	-100
10.9288	19	-100
11.0096	19	-100
11.0904	19	-100
11.1712	19	-100
11.252	19	-100
11.3328	19	-100
11.4136	19	-100
11.4944	19	-100
11.5752	19	-100
11.656	19	-100
11.7368	19	-100
11.8176	19	-100
11.8984	19	-100
11.9793	19	-100
12.0601	19	-100
12.1409	19	-100
12.2217	19	-100
12.3025	19	-100
12.3833	19	-100
12.4641	19	-100
12.5449	19	-100
12.6257	19	-100
12.7065	19	-100
12.7873	19	-100
12.8681	19	-100
12.949	19	-100
13.0298	19	-100
13.1106	19	-100
13.1914	19	-100
13.2722	19	-100
13.353	19	-100
13.4338	19	-100
13.5146	19	-100
13.5954	19	-100
13.6762	19	-100
13.757	19	-100
13.8378	19	-100
13.9186	19	-100
13.9995	19	-100
5.99946	20	-100
6.08027	20	-100
6.16107	20	-100
6.24188	20	-100
6.32269	20	-100
6.4035	20	-100
6.48431	20	-100
6.56511	20	-100
6.64592	20	-100
6.72673	20	-100
6.80754	20	-100
6.88835	20	-100
6.96915	20	-100
7.04996	20	-100
7.13077	20	-100
7.21158	20	-100
7.29239	20	-100
7.37319	20	-100
7.454	20	-100
7.53481	20	-100
7.61562	20	-100
7.69643	20	-100
7.77724	20	-100
7.85804	20	-100
7.93885	20	-100
8.01966	20	-100
8.10047	20	-100
8.18128	20	-100
8.26208	20	-100
8.34289	20	-100
8.4237	20	-100
8.50451	20	-100
8.58532	20	-100
8.66612	20	-100
8.74693	20	-100
8.82774	20	-100
8.90855	20	-100
8.98936	20	-100
9.07016	20	-100
9.15097	20	-100
9.23178	20	-100
9.31259	20	-100
9.3934	20	-100
9.4742	20	-100
9.55501	20	-100
9.63582	20	-100
9.71663	20	-100
9.79744	20	-100
9.87825	20	-100
9.95905	20	-100
10.0399	20	-100
10.1207	20	-100
10.2015	20	-100
10.2823	20	-100
10.3631	20	-100
10.4439	20	-100
10.5247	20	-100
10.6055	20	-100
10.6863	20	-100
10.7671	20	-100
10.8479	20	-100
10.9288	20	-100
11.0096	20	-100
11.0904	20	-100
11.1712	20	-100
11.252	20	-100
11.3328	20	-100
11.4136	20	-100
11.4944	20	-100
11.5752	20	-100
11.656	20	-100
11.7368	20	-100
11.8176	20	-100
11.8984	20	-100
11.9793	20	-100
12.0601	20	-100
12.1409	20	-100
12.2217	20	-100
12.3025	20	-100
12.3833	20	-100
12.4641	20	-100
12.5449	20	-100
12.6257	20	-100
12.7065	20	-100
12.7873	20	-100
12.8681	20	-100
12.949	20	-100
13.0298	20	-100
13.1106	20	-100
13.1914	20	-100
13.2722	20	-100
13.353	20	-100
13.4338	20	-100
13.5146	20	-100
13.5954	20	-100
13.6762	20	-100
13.757	20	-100
13.8378	20	-100
13.9186	20	-100
13.9995	20	-100
5.99946	21	-100
6.08027	21	-100
6.16107	21	-100
6.24188	21	-100
6.32269	21	-100
6.4035	21	-100
6.48431	21	-100
6.56511	21	-100
6.64592	21	-100
6.72673	21	-100
6.80754	21	-100
6.88835	21	-100
6.96915	21	-100
7.04996	21	-100
7.13077	21	-100
7.21158	21	-100
7.29239	21	-100
7.37319	21	-100
7.454	21	-100
7.53481	21	-100
7.61562	21	-100
7.69643	21	-100
7.77724	21	-100
7.85804	21	-100
7.93885	21	-100
8.01966	21	-100
8.10047	21	-100
8.18128	21	-100
8.26208	21	-100
8.34289	21	-100
8.4237	21	-100
8.50451	21	-100
8.58532	21	-100
8.66612	21	-100
8.74693	21	-100
8.82774	21	-100
8.90855	21	-100
8.98936	21	-100
9.07016	21	-100
9.15097	21	-100
9.23178	21	-100
9.31259	21	-100
9.3934	21	-100
9.4742	21	-100
9.55501	21	-100
9.63582	21	-100
9.71663	21	-100
9.79744	21	-100
9.87825	21	-100
9.95905	21	-100
10.0399	21	-100
10.1207	21	-100
10.2015	21	-100
10.2823	21	-100
10.3631	21	-100
10.4439	21	-100
10.5247	21	-100
10.6055	21	-100
10.6863	21	-100
10.7671	21	-100
10.8479	21	-100
10.9288	21	-100
11.0096	21	-100
11.0904	21	-100
11.1712	21	-100
11.252	21	-100
11.3328	21	-100
11.4136	21	-100
11.4944	21	-100
11.5752	21	-100
11.656	21	-100
11.7368	21	-100
11.8176	21	-100
11.8984	21	-100
11.9793	21	-100
12.0601	21	-100
12.1409	21	-100
12.2217	21	-100
12.3025	21	-100
12.3833	21	-100
12.4641	21	-100
12.5449	21	-100
12.6257	21	-100
12.7065	21	-100
12.7873	21	-100
12.8681	21	-100
12.949	21	-100
13.0298	21	-100
13.1106	21	-100
13.1914	21	-100
13.2722	21	-100
13.353	21	-100
13.4338	21	-100
13.5146	21	-100
13.5954	21	-100
13.6762	21	-100
13.757	21	-100
13.8378	21	-100
13.9186	21	-100
13.9995	21	-100
5.99946	22	-100
6.08027	22	-100
6.16107	22	-100
6.24188	22	-100
6.32269	22	-100
6.4035	22	-100
6.48431	22	-100
6.56511	22	-100
6.64592	22	-100
6.72673	22	-100
6.80754	22	-100
6.88835	22	-100
6.96915	22	-100
7.04996	22	-100
7.13077	22	-100
7.21158	22	-100
7.29239	22	-100
7.37319	22	-100
7.454	22	-100
7.53481	22	-100
7.61562	22	-100
7.69643	22	-100
7.77724	22	-100
7.85804	22	-100
7.93885	22	-100
8.01966	22	-100
8.10047	22	-100
8.18128	22	-100
8.26208	22	-100
8.34289	22	-100
8.4237	22	-100
8.50451	22	-100
8.58532	22	-100
8.66612	22	-100
8.74693	22	-100
8.82774	22	-100
8.90855	22	-100
8.98936	22	-100
9.07016	22	-100
9.15097	22	-100
9.23178	22	-100
9.31259	22	-100
9.3934	22	-100
9.4742	22	-100
9.55501	22	-100
9.63582	22	-100
9.71663	22	-100
9.79744	22	-100
9.87825	22	-100
9.95905	22	-100
10.0399	22	-100
10.1207	22	-100
10.2015	22	-100
10.2823	22	-100
10.3631	22	-100
10.4439	22	-100
10.5247	22	-100
10.6055	22	-100
10.6863	22	-100
10.7671	22	-100
10.8479	22	-100
10.9288	22	-100
11.0096	22	-100
11.0904	22	-100
11.1712	22	-100
11.252	22	-100
11.3328	22	-100
11.4136	22	-100
11.4944	22	-100
11.5752	22	-100
11.656	22	-100
11.7368	22	-100
11.8176	22	-100
11.8984	22	-100
11.9793	22	-100
12.0601	22	-100
12.1409	22	-100
12.2217	22	-100
12.3025	22	-100
12.3833	22	-100
12.4641	22	-100
12.5449	22	-100
12.6257	22	-100
12.7065	22	-100
12.7873	22	-100
12.8681	22	-100
12.949	22	-100
13.0298	22	-100
13.1106	22	-100
13.1914	22	-100
13.2722	22	-100
13.353	22	-100
13.4338	22	-100
13.5146	22	-100
13.5954	22	-100
13.6762	22	-100
13.757	22	-100
13.8378	22	-100
13.9186	22	-100
13.9995	22	-100
5.99946	23	-100
6.08027	23	-100
6.16107	23	-100
6.24188	23	-100
6.32269	23	-100
6.4035	23	-100
6.48431	23	-100
6.56511	23	-100
6.64592	23	-100
6.72673	23	-100
6.80754	23	-100
6.88835	23	-100
6.96915	23	-100
7.04996	23	-100
7.13077	23	-100
7.21158	23	-100
7.29239	23	-100
7.37319	23	-100
7.454	23	-100
7.53481	23	-100
7.61562	23	-100
7.69643	23	-100
7.77724	23	-100
7.85804	23	-100
7.93885	23	-100
8.01966	23	-100
8.10047	23	-100
8.18128	23	-100
8.26208	23	-100
8.34289	23	-100
8.4237	23	-100
8.50451	23	-100
8.58532	23	-100
8.66612	23	-100
8.74693	23	-100
8.82774	23	-100
8.90855	23	-100
8.98936	23	-100
9.07016	23	-100
9.15097	23	-100
9.23178	23	-100
9.31259	23	-100
9.3934	23	-100
9.4742	23	-100
9.55501	23	-100
9.63582	23	-100
9.71663	23	-100
9.79744	23	-100
9.87825	23	-100
9.95905	23	-100
10.0399	23	-100
10.1207	23	-100
10.2015	23	-100
10.2823	23	-100
10.3631	23	-100
10.4439	23	-100
10.5247	23	-100
10.6055	23	-100
10.6863	23	-100
10.7671	23	-100
10.8479	23	-100
10.9288	23	-100
11.0096	23	-100
11.0904	23	-100
11.1712	23	-100
11.252	23	-100
11.3328	23	-100
11.4136	23	-100
11.4944	23	-100
11.5752	23	-100
11.656	23	-100
11.7368	23	-100
11.8176	23	-100
11.8984	23	-100
11.9793	23	-100
12.0601	23	-100
12.1409	23	-100
12.2217	23	-100
12.3025	23	-100
12.3833	23	-100
12.4641	23	-100
12.5449	23	-100
12.6257	23	-100
12.7065	23	-100
12.7873	23	-100
12.8681	23	-100
12.949	23	-100
13.0298	23	-100
13.1106	23	-100
13.1914	23	-100
13.2722	23	-100
13.353	23	-100
13.4338	23	-100
13.5146	23	-100
13.5954	23	-100
13.6762	23	-100
13.757	23	-100
13.8378	23	-100
13.9186	23	-100
13.9995	23	-100
5.99946	24	-100
6.08027	24	-100
6.16107	24	-100
6.24188	24	-100
6.32269	24	-100
6.4035	24	-100
6.48431	24	-100
6.56511	24	-100
6.64592	24	-100
6.72673	24	-100
6.80754	24	-100
6.88835	24	-100
6.96915	24	-100
7.04996	24	-100
7.13077	24	-100
7.21158	24	-100
7.29239	24	-100
7.37319	24	-100
7.454	24	-100
7.53481	24	-100
7.61562	24	-100
7.69643	24	-100
7.77724	24	-100
7.85804	24	-100
7.93885	24	-100
8.01966	24	-100
8.10047	24	-100
8.18128	24	-100
8.26208	24	-100
8.34289	24	-100
8.4237	24	-100
8.50451	24	-100
8.58532	24	-100
8.66612	24	-100
8.74693	24	-100
8.82774	24	-100
8.90855	24	-100
8.98936	24	-100
9.07016	24	-100
9.15097	24	-100
9.23178	24	-100
9.31259	24	-100
9.3934	24	-100
9.4742	24	-100
9.55501	24	-100
9.63582	24	-100
9.71663	24	-100
9.79744	24	-100
9.87825	24	-100
9.95905	24	-100
10.0399	24	-100
10.1207	24	-100
10.2015	24	-100
10.2823	24	-100
10.3631	24	-100
10.4439	24	-100
10.5247	24	-100
10.6055	24	-100
10.6863	24	-100
10.7671	24	-100
10.8479	24	-100
10.9288	24	-100
11.0096	24	-100
11.0904	24	-100
11.1712	24	-100
11.252	24	-100
11.3328	24	-100
11.4136	24	-100
11.4944	24	-100
11.5752	24	-100
11.656	24	-100
11.7368	24	-100
11.8176	24	-100
11.8984	24	-100
11.9793	24	-100
12.0601	24	-100
12.1409	24	-100
12.2217	24	-100
12.3025	24	-100
12.3833	24	-100
12.4641	24	-100
12.5449	24	-100
12.6257	24	-100
12.7065	24	-100
12.7873	24	-100
12.8681	24	-100
12.949	24	-100
13.0298	24	-100
13.1106	24	-100
13.1914	24	-100
13.2722	24	-100
13.353	24	-100
13.4338	24	-100
13.5146	24	-100
13.5954	24	-100
13.6762	24	-100
13.757	24	-100
13.8378	24	-100
13.9186	24	-100
13.9995	24	-100
5.99946	25	-100
6.08027	25	-100
6.16107	25	-100
6.24188	25	-100
6.32269	25	-100
6.4035	25	-100
6.48431	25	-100
6.56511	25	-100
6.64592	25	-100
6.72673	25	-100
6.80754	25	-100
6.88835	25	-100
6.96915	25	-100
7.04996	25	-100
7.13077	25	-100
7.21158	25	-100
7.29239	25	-100
7.37319	25	-100
7.454	25	-100
7.53481	25	-100
7.61562	25	-100
7.69643	25	-100
7.77724	25	-100
7.85804	25	-100
7.93885	25	-100
8.01966	25	-100
8.10047	25	-100
8.18128	25	-100
8.26208	25	-100
8.34289	25	-100
8.4237	25	-100
8.50451	25	-100
8.58532	25	-100
8.66612	25	-100
8.74693	25	-100
8.82774	25	-100
8.90855	25	-100
8.98936	25	-100
9.07016	25	-100
9.15097	25	-100
9.23178	25	-100
9.31259	25	-100
9.3934	25	-100
9.4742	25	-100
9.55501	25	-100
9.63582	25	-100
9.71663	25	-100
9.79744	25	-100
9.87825	25	-100
9.95905	25	-100
10.0399	25	-100
10.1207	25	-100
10.2015	25	-100
10.2823	25	-100
10.3631	25	-100
10.4439	25	-100
10.5247	25	-100
10.6055	25	-100
10.6863	25	-100
10.7671	25	-100
10.8479	25	-100
10.9288	25	-100
11.0096	25	-100
11.0904	25	-100
11.1712	25	-100
11.252	25	-100
11.3328	25	-100
11.4136	25	-100
11.4944	25	-100
11.5752	25	-100
11.656	25	-100
11.7368	25	-100
11.8176	25	-100
11.8984	25	-100
11.9793	25	-100
12.0601	25	-100
12.1409	25	-100
12.2217	25	-100
12.3025	25	-100
12.3833	25	-100
12.4641	25	-100
12.5449	25	-100
12.6257	25	-100
12.7065	25	-100
12.7873	25	-100
12.8681	25	-100
12.949	25	-100
13.0298	25	-100
13.1106	25	-100
13.1914	25	-100
13.2722	25	-100
13.353	25	-100
13.4338	25	-100
13.5146	25	-100
13.5954	25	-100
13.6762	25	-100
13.757	25	-100
13.8378	25	-100
13.9186	25	-100
13.9995	25	-100
5.99946	26	-100
6.08027	26	-100
6.16107	26	-100
6.24188	26	-100
6.32269	26	-100
6.4035	26	-100
6.48431	26	-100
6.56511	26	-100
6.64592	26	-100
6.72673	26	-100
6.80754	26	-100
6.88835	26	-100
6.96915	26	-100
7.04996	26	-100
7.13077	26	-100
7.21158	26	-100
7.29239	26	-100
7.37319	26	-100
7.454	26	-100
7.53481	26	-100
7.61562	26	-100
7.69643	26	-100
7.77724	26	-100
7.85804	26	-100
7.93885	26	-100
8.01966	26	-100
8.10047	26	-100
8.18128	26	-100
8.26208	26	-100
8.34289	26	-100
8.4237	26	-100
8.50451	26	-100
8.58532	26	-100
8.66612	26	-100
8.74693	26	-100
8.82774	26	-100
8.90855	26	-100
8.98936	26	-100
9.07016	26	-100
9.15097	26	-100
9.23178	26	-100
9.31259	26	-100
9.3934	26	-100
9.4742	26	-100
9.55501	26	-100
9.63582	26	-100
9.71663	26	-100
9.79744	26	-100
9.87825	26	-100
9.95905	26	-100
10.0399	26	-100
10.1207	26	-100
10.2015	26	-100
10.2823	26	-100
10.3631	26	-100
10.4439	26	-100
10.5247	26	-100
10.6055	26	-100
10.6863	26	-100
10.7671	26	-100
10.8479	26	-100
10.9288	26	-100
11.0096	26	-100
11.0904	26	-100
11.1712	26	-100
11.252	26	-100
11.3328	26	-100
11.4136	26	-100
11.4944	26	-100
11.5752	26	-100
11.656	26	-100
11.7368	26	-100
11.8176	26	-100
11.8984	26	-100
11.9793	26	-100
12.0601	26	-100
12.1409	26	-100
12.2217	26	-100
12.3025	26	-100
12.3833	26	-100
12.4641	26	-100
12.5449	26	-100
12.6257	26	-100
12.7065	26	-100
12.7873	26	-100
12.8681	26	-100
12.949	26	-100
13.0298	26	-100
13.1106	26	-100
13.1914	26	-100
13.2722	26	-100
13.353	26	-100
13.4338	26	-100
13.5146	26	-100
13.5954	26	-100
13.6762	26	-100
13.757	26	-100
13.8378	26	-100
13.9186	26	-100
13.9995	26	-100
5.99946	27	-100
6.08027	27	-100
6.16107	27	-100
6.24188	27	-100
6.32269	27	-100
6.4035	27	-100
6.48431	27	-100
6.56511	27	-100
6.64592	27	-100
6.72673	27	-100
6.80754	27	-100
6.88835	27	-100
6.96915	27	-100
7.04996	27	-100
7.13077	27	-100
7.21158	27	-100
7.29239	27	-100
7.37319	27	-100
7.454	27	-100
7.53481	27	-100
7.61562	27	-100
7.69643	27	-100
7.77724	27	-100
7.85804	27	-100
7.93885	27	-100
8.01966	27	-100
8.10047	27	-100
8.18128	27	-100
8.26208	27	-100
8.34289	27	-100
8.4237	27	-100
8.50451	27	-100
8.58532	27	-100
8.66612	27	-100
8.74693	27	-100
8.82774	27	-100
8.90855	27	-100
8.98936	27	-100
9.07016	27	-100
9.15097	27	-100
9.23178	27	-100
9.31259	27	-100
9.3934	27	-100
9.4742	27	-100
9.55501	27	-100
9.63582	27	-100
9.71663	27	-100
9.79744	27	-100
9.87825	27	-100
9.95905	27	-100
10.0399	27	-100
10.1207	27	-100
10.2015	27	-100
10.2823	27	-100
10.3631	27	-100
10.4439	27	-100
10.5247	27	-100
10.6055	27	-100
10.6863	27	-100
10.7671	27	-100
10.8479	27	-100
10.9288	27	-100
11.0096	27	-100
11.0904	27	-100
11.1712	27	-100
11.252	27	-100
11.3328	27	-100
11.4136	27	-100
11.4944	27	-100
11.5752	27	-100
11.656	27	-100
11.7368	27	-100
11.8176	27	-100
11.8984	27	-100
11.9793	27	-100
12.0601	27	-100
12.1409	27	-100
12.2217	27	-100
12.3025	27	-100
12.3833	27	-100
12.4641	27	-100
12.5449	27	-100
12.6257	27	-100
12.7065	27	-100
12.7873	27	-100
12.8681	27	-100
12.949	27	-100
13.0298	27	-100
13.1106	27	-100
13.1914	27	-100
13.2722	27	-100
13.353	27	-100
13.4338	27	-100
13.5146	27	-100
13.5954	27	-100
13.6762	27	-100
13.757	27	-100
13.8378	27	-100
13.9186	27	-100
13.9995	27	-100
5.99946	28	-100
6.08027	28	-100
6.16107	28	-100
6.24188	28	-100
6.32269	28	-100
6.4035	28	-100
6.48431	28	-100
6.56511	28	-100
6.64592	28	-100
6.72673	28	-100
6.80754	28	-100
6.88835	28	-100
6.96915	28	-100
7.04996	28	-100
7.13077	28	-100
7.21158	28	-100
7.29239	28	-100
7.37319	28	-100
7.454	28	-100
7.53481	28	-100
7.61562	28	-100
7.69643	28	-100
7.77724	28	-100
7.85804	28	-100
7.93885	28	-100
8.01966	28	-100
8.10047	28	-100
8.18128	28	-100
8.26208	28	-100
8.34289	28	-100
8.4237	28	-100
8.50451	28	-100
8.58532	28	-100
8.66612	28	-100
8.74693	28	-100
8.82774	28	-100
8.90855	28	-100
8.98936	28	-100
9.07016	28	-100
9.15097	28	-100
9.23178	28	-100
9.31259	28	-100
9.3934	28	-100
9.4742	28	-100
9.55501	28	-100
9.63582	28	-100
9.71663	28	-100
9.79744	28	-100
9.87825	28	-100
9.95905	28	-100
10.0399	28	-100
10.1207	28	-100
10.2015	28	-100
10.2823	28	-100
10.3631	28	-100
10.4439	28	-100
10.5247	28	-100
10.6055	28	-100
10.6863	28	-100
10.7671	28	-100
10.8479	28	-100
10.9288	28	-100
11.0096	28	-100
11.0904	28	-100
11.1712	28	-100
11.252	28	-100
11.3328	28	-100
11.4136	28	-100
11.4944	28	-100
11.5752	28	-100
11.656	28	-100
11.7368	28	-100
11.8176	28	-100
11.8984	28	-100
11.9793	28	-100
12.0601	28	-100
12.1409	28	-100
12.2217	28	-100
12.3025	28	-100
12.3833	28	-100
12.4641	28	-100
12.5449	28	-100
12.6257	28	-100
12.7065	28	-100
12.7873	28	-100
12.8681	28	-100
12.949	28	-100
13.0298	28	-100
13.1106	28	-100
13.1914	28	-100
13.2722	28	-100
13.353	28	-100
13.4338	28	-100
13.5146	28	-100
13.5954	28	-100
13.6762	28	-100
13.757	28	-100
13.8378	28	-100
13.9186	28	-100
13.9995	28	-100
5.99946	29	-100
6.08027	29	-100
6.16107	29	-100
6.24188	29	-100
6.32269	29	-100
6.4035	29	-100
6.48431	29	-100
6.56511	29	-100
6.64592	29	-100
6.72673	29	-100
6.80754	29	-100
6.88835	29	-100
6.96915	29	-100
7.04996	29	-100
7.13077	29	-100
7.21158	29	-100
7.29239	29	-100
7.37319	29	-100
7.454	29	-100
7.53481	29	-100
7.61562	29	-100
7.69643	29	-100
7.77724	29	-100
7.85804	29	-100
7.93885	29	-100
8.01966	29	-100
8.10047	29	-100
8.18128	29	-100
8.26208	29	-100
8.34289	29	-100
8.4237	29	-100
8.50451	29	-100
8.58532	29	-100
8.66612	29	-100
8.74693	29	-100
8.82774	29	-100
8.90855	29	-100
8.98936	29	-100
9.07016	29	-100
9.15097	29	-100
9.23178	29	-100
9.31259	29	-100
9.3934	29	-100
9.4742	29	-100
9.55501	29	-100
9.63582	29	-100
9.71663	29	-100
9.79744	29	-100
9.87825	29	-100
9.95905	29	-100
10.0399	29	-100
10.1207	29	-100
10.2015	29	-100
10.2823	29	-100
10.3631	29	-100
10.4439	29	-100
10.5247	29	-100
10.6055	29	-100
10.6863	29	-100
10.7671	29	-100
10.8479	29	-100
10.9288	29	-100
11.0096	29	-100
11.0904	29	-100
11.1712	29	-100
11.252	29	-100
11.3328	29	-100
11.4136	29	-100
11.4944	29	-100
11.5752	29	-100
11.656	29	-100
11.7368	29	-100
11.8176	29	-100
11.8984	29	-100
11.9793	29	-100
12.0601	29	-100
12.1409	29	-100
12.2217	29	-100
12.3025	29	-100
12.3833	29	-100
12.4641	29	-100
12.5449	29	-100
12.6257	29	-100
12.7065	29	-100
12.7873	29	-100
12.8681	29	-100
12.949	29	-100
13.0298	29	-100
13.1106	29	-100
13.1914	29	-100
13.2722	29	-100
13.353	29	-100
13.4338	29	-100
13.5146	29	-100
13.5954	29	-100
13.6762	29	-100
13.757	29	-100
13.8378	29	-100
13.9186	29	-100
13.9995	29	-100
5.99946	30	-100
6.08027	30	-100
6.16107	30	-100
6.24188	30	-100
6.32269	30	-100
6.4035	30	-100
6.48431	30	-100
6.56511	30	-100
6.64592	30	-100
6.72673	30	-100
6.80754	30	-100
6.88835	30	-100
6.96915	30	-100
7.04996	30	-100
7.13077	30	-100
7.21158	30	-100
7.29239	30	-100
7.37319	30	-100
7.454	30	-100
7.53481	30	-100
7.61562	30	-100
7.69643	30	-100
7.77724	30	-100
7.85804	30	-100
7.93885	30	-100
8.01966	30	-100
8.10047	30	-100
8.18128	30	-100
8.26208	30	-100
8.34289	30	-100
8.4237	30	-100
8.50451	30	-100
8.58532	30	-100
8.66612	30	-100
8.74693	30	-100
8.82774	30	-100
8.90855	30	-100
8.98936	30	-100
9.07016	30	-100
9.15097	30	-100
9.23178	30	-100
9.31259	30	-100
9.3934	30	-100
9.4742	30	-100
9.55501	30	-100
9.63582	30	-100
9.71663	30	-100
9.79744	30	-100
9.87825	30	-100
9.95905	30	-100
10.0399	30	-100
10.1207	30	-100
10.2015	30	-100
10.2823	30	-100
10.3631	30	-100
10.4439	30	-100
10.5247	30	-100
10.6055	30	-100
10.6863	30	-100
10.7671	30	-100
10.8479	30	-100
10.9288	30	-100
11.0096	30	-100
11.0904	30	-100
11.1712	30	-100
11.252	30	-100
11.3328	30	-100
11.4136	30	-100
11.4944	30	-100
11.5752	30	-100
11.656	30	-100
11.7368	30	-100
11.8176	30	-100
11.8984	30	-100
11.9793	30	-100
12.0601	30	-100
12.1409	30	-100
12.2217	30	-100
12.3025	30	-100
12.3833	30	-100
12.4641	30	-100
12.5449	30	-100
12.6257	30	-100
12.7065	30	-100
12.7873	30	-100
12.8681	30	-100
12.949	30	-100
13.0298	30	-100
13.1106	30	-100
13.1914	30	-100
13.2722	30	-100
13.353	30	-100
13.4338	30	-100
13.5146	30	-100
13.5954	30	-100
13.6762	30	-100
13.757	30	-100
13.8378	30	-100
13.9186	30	-100
13.9995	30	-100
5.99946	31	-100
6.08027	31	-100
6.16107	31	-100
6.24188	31	-100
6.32269	31	-100
6.4035	31	-100
6.48431	31	-100
6.56511	31	-100
6.64592	31	-100
6.72673	31	-100
6.80754	31	-100
6.88835	31	-100
6.96915	31	-100
7.04996	31	-100
7.13077	31	-100
7.21158	31	-100
7.29239	31	-100
7.37319	31	-100
7.454	31	-100
7.53481	31	-100
7.61562	31	-100
7.69643	31	-100
7.77724	31	-100
7.85804	31	-100
7.93885	31	-100
8.01966	31	-100
8.10047	31	-100
8.18128	31	-100
8.26208	31	-100
8.34289	31	-100
8.4237	31	-100
8.50451	31	-100
8.58532	31	-100
8.66612	31	-100
8.74693	31	-100
8.82774	31	-100
8.90855	31	-100
8.98936	31	-100
9.07016	31	-100
9.15097	31	-100
9.23178	31	-100
9.31259	31	-100
9.3934	31	-100
9.4742	31	-100
9.55501	31	-100
9.63582	31	-100
9.71663	31	-100
9.79744	31	-100
9.87825	31	-100
9.95905	31	-100
10.0399	31	-100
10.1207	31	-100
10.2015	31	-100
10.2823	31	-100
10.3631	31	-100
10.4439	31	-100
10.5247	31	-100
10.6055	31	-100
10.6863	31	-100
10.7671	31	-100
10.8479	31	-100
10.9288	31	-100
11.0096	31	-100
11.0904	31	-100
11.1712	31	-100
11.252	31	-100
11.3328	31	-100
11.4136	31	-100
11.4944	31	-100
11.5752	31	-100
11.656	31	-100
11.7368	31	-100
11.8176	31	-100
11.8984	31	-100
11.9793	31	-100
12.0601	31	-100
12.1409	31	-100
12.2217	31	-100
12.3025	31	-100
12.3833	31	-100
12.4641	31	-100
12.5449	31	-100
12.6257	31	-100
12.7065	31	-100
12.7873	31	-100
12.8681	31	-100
12.949	31	-100
13.0298	31	-100
13.1106	31	-100
13.1914	31	-100
13.2722	31	-100
13.353	31	-100
13.4338	31	-100
13.5146	31	-100
13.5954	31	-100
13.6762	31	-100
13.757	31	-100
13.8378	31	-100
13.9186	31	-100
13.9995	31	-100
5.99946	32	-100
6.08027	32	-100
6.16107	32	-100
6.24188	32	-100
6.32269	32	-100
6.4035	32	-100
6.48431	32	-100
6.56511	32	-100
6.64592	32	-100
6.72673	32	-100
6.80754	32	-100
6.88835	32	-100
6.96915	32	-100
7.04996	32	-100
7.13077	32	-100
7.21158	32	-100
7.29239	32	-100
7.37319	32	-100
7.454	32	-100
7.53481	32	-100
7.61562	32	-100
7.69643	32	-100
7.77724	32	-100
7.85804	32	-100
7.93885	32	-100
8.01966	32	-100
8.10047	32	-100
8.18128	32	-100
8.26208	32	-100
8.34289	32	-100
8.4237	32	-100
8.50451	32	-100
8.58532	32	-100
8.66612	32	-100
8.74693	32	-100
8.82774	32	-100
8.90855	32	-100
8.98936	32	-100
9.07016	32	-100
9.15097	32	-100
9.23178	32	-100
9.31259	32	-100
9.3934	32	-100
9.4742	32	-100
9.55501	32	-100
9.63582	32	-100
9.71663	32	-100
9.79744	32	-100
9.87825	32	-100
9.95905	32	-100
10.0399	32	-100
10.1207	32	-100
10.2015	32	-100
10.2823	32	-100
10.3631	32	-100
10.4439	32	-100
10.5247	32	-100
10.6055	32	-100
10.6863	32	-100
10.7671	32	-100
10.8479	32	-100
10.9288	32	-100
11.0096	32	-100
11.0904	32	-100
11.1712	32	-100
11.252	32	-100
11.3328	32	-100
11.4136	32	-100
11.4944	32	-100
11.5752	32	-100
11.656	32	-100
11.7368	32	-100
11.8176	32	-100
11.8984	32	-100
11.9793	32	-100
12.0601	32	-100
12.1409	32	-100
12.2217	32	-100
12.3025	32	-100
12.3833	32	-100
12.4641	32	-100
12.5449	32	-100
12.6257	32	-100
12.7065	32	-100
12.7873	32	-100
12.8681	32	-100
12.949	32	-100
13.0298	32	-100
13.1106	32	-100
13.1914	32	-100
13.2722	32	-100
13.353	32	-100
13.4338	32	-100
13.5146	32	-100
13.5954	32	-100
13.6762	32	-100
13.757	32	-100
13.8378	32	-100
13.9186	32	-100
13.9995	32	-100
5.99946	33	-100
6.08027	33	-100
6.16107	33	-100
6.24188	33	-100
6.32269	33	-100
6.4035	33	-100
6.48431	33	-100
6.56511	33	-100
6.64592	33	-100
6.72673	33	-100
6.80754	33	-100
6.88835	33	-100
6.96915	33	-100
7.04996	33	-100
7.13077	33	-100
7.21158	33	-100
7.29239	33	-100
7.37319	33	-100
7.454	33	-100
7.53481	33	-100
7.61562	33	-100
7.69643	33	-100
7.77724	33	-100
7.85804	33	-100
7.93885	33	-100
8.01966	33	-100
8.10047	33	-100
8.18128	33	-100
8.26208	33	-100
8.34289	33	-100
8.4237	33	-100
8.50451	33	-100
8.58532	33	-100
8.66612	33	-100
8.74693	33	-100
8.82774	33	-100
8.90855	33	-100
8.98936	33	-100
9.07016	33	-100
9.15097	33	-100
9.23178	33	-100
9.31259	33	-100
9.3934	33	-100
9.4742	33	-100
9.55501	33	-100
9.63582	33	-100
9.71663	33	-100
9.79744	33	-100
9.87825	33	-100
9.95905	33	-100
10.0399	33	-100
10.1207	33	-100
10.2015	33	-100
10.2823	33	-100
10.3631	33	-100
10.4439	33	-100
10.5247	33	-100
10.6055	33	-100
10.6863	33	-100
10.7671	33	-100
10.8479	33	-100
10.9288	33	-100
11.0096	33	-100
11.0904	33	-100
11.1712	33	-100
11.252	33	-100
11.3328	33	-100
11.4136	33	-100
11.4944	33	-100
11.5752	33	-100
11.656	33	-100
11.7368	33	-100
11.8176	33	-100
11.8984	33	-100
11.9793	33	-100
12.0601	33	-100
12.1409	33	-100
12.2217	33	-100
12.3025	33	-100
12.3833	33	-100
12.4641	33	-100
12.5449	33	-100
12.6257	33	-100
12.7065	33	-100
12.7873	33	-100
12.8681	33	-100
12.949	33	-100
13.0298	33	-100
13.1106	33	-100
13.1914	33	-100
13.2722	33	-100
13.353	33	-100
13.4338	33	-100
13.5146	33	-100
13.5954	33	-100
13.6762	33	-100
13.757	33	-100
13.8378	33	-100
13.9186	33	-100
13.9995	33	-100
5.99946	34	-100
6.08027	34	-100
6.16107	34	-100
6.24188	34	-100
6.32269	34	-100
6.4035	34	-100
6.48431	34	-100
6.56511	34	-100
6.64592	34	-100
6.72673	34	-100
6.80754	34	-100
6.88835	34	-100
6.96915	34	-100
7.04996	34	-100
7.13077	34	-100
7.21158	34	-100
7.29239	34	-100
7.37319	34	-100
7.454	34	-100
7.53481	34	-100
7.61562	34	-100
7.69643	34	-100
7.77724	34	-100
7.85804	34	-100
7.93885	34	-100
8.01966	34	-100
8.10047	34	-100
8.18128	34	-100
8.26208	34	-100
8.34289	34	-100
8.4237	34	-100
8.50451	34	-100
8.58532	34	-100
8.66612	34	-100
8.74693	34	-100
8.82774	34	-100
8.90855	34	-100
8.98936	34	-100
9.07016	34	-100
9.15097	34	-100
9.23178	34	-100
9.31259	34	-100
9.3934	34	-100
9.4742	34	-100
9.55501	34	-100
9.63582	34	-100
9.71663	34	-100
9.79744	34	-100
9.87825	34	-100
9.95905	34	-100
10.0399	34	-100
10.1207	34	-100
10.2015	34	-100
10.2823	34	-100
10.3631	34	-100
10.4439	34	-100
10.5247	34	-100
10.6055	34	-100
10.6863	34	-100
10.7671	34	-100
10.8479	34	-100
10.9288	34	-100
11.0096	34	-100
11.0904	34	-100
11.1712	34	-100
11.252	34	-100
11.3328	34	-100
11.4136	34	-100
11.4944	34	-100
11.5752	34	-100
11.656	34	-100
11.7368	34	-100
11.8176	34	-100
11.8984	34	-100
11.9793	34	-100
12.0601	34	-100
12.1409	34	-100
12.2217	34	-100
12.3025	34	-100
12.3833	34	-100
12.4641	34	-100
12.5449	34	-100
12.6257	34	-100
12.7065	34	-100
12.7873	34	-100
12.8681	34	-100
12.949	34	-100
13.0298	34	-100
13.1106	34	-100
13.1914	34	-100
13.2722	34	-100
13.353	34	-100
13.4338	34	-100
13.5146	34	-100
13.5954	34	-100
13.6762	34	-100
13.757	34	-100
13.8378	34	-100
13.9186	34	-100
13.9995	34	-100
5.99946	35	-100
6.08027	35	-100
6.16107	35	-100
6.24188	35	-100
6.32269	35	-100
6.4035	35	-100
6.48431	35	-100
6.56511	35	-100
6.64592	35	-100
6.72673	35	-100
6.80754	35	-100
6.88835	35	-100
6.96915	35	-100
7.04996	35	-100
7.13077	35	-100
7.21158	35	-100
7.29239	35	-100
7.37319	35	-100
7.454	35	-100
7.53481	35	-100
7.61562	35	-100
7.69643	35	-100
7.77724	35	-100
7.85804	35	-100
7.93885	35	-100
8.01966	35	-100
8.10047	35	-100
8.18128	35	-100
8.26208	35	-100
8.34289	35	-100
8.4237	35	-100
8.50451	35	-100
8.58532	35	-100
8.66612	35	-100
8.74693	35	-100
8.82774	35	-100
8.90855	35	-100
8.98936	35	-100
9.07016	35	-100
9.15097	35	-100
9.23178	35	-100
9.31259	35	-100
9.3934	35	-100
9.4742	35	-100
9.55501	35	-100
9.63582	35	-100
9.71663	35	-100
9.79744	35	-100
9.87825	35	-100
9.95905	35	-100
10.0399	35	-100
10.1207	35	-100
10.2015	35	-100
10.2823	35	-100
10.3631	35	-100
10.4439	35	-100
10.5247	35	-100
10.6055	35	-100
10.6863	35	-100
10.7671	35	-100
10.8479	35	-100
10.9288	35	-100
11.0096	35	-100
11.0904	35	-100
11.1712	35	-100
11.252	35	-100
11.3328	35	-100
11.4136	35	-100
11.4944	35	-100
11.5752	35	-100
11.656	35	-100
11.7368	35	-100
11.8176	35	-100
11.8984	35	-100
11.9793	35	-100
12.0601	35	-100
12.1409	35	-100
12.2217	35	-100
12.3025	35	-100
12.3833	35	-100
12.4641	35	-100
12.5449	35	-100
12.6257	35	-100
12.7065	35	-100
12.7873	35	-100
12.8681	35	-100
12.949	35	-100
13.0298	35	-100
13.1106	35	-100
13.1914	35	-100
13.2722	35	-100
13.353	35	-100
13.4338	35	-100
13.5146	35	-100
13.5954	35	-100
13.6762	35	-100
13.757	35	-100
13.8378	35	-100
13.9186	35	-100
13.9995	35	-100
5.99946	36	-100
6.08027	36	-100
6.16107	36	-100
6.24188	36	-100
6.32269	36	-100
6.4035	36	-100
6.48431	36	-100
6.56511	36	-100
6.64592	36	-100
6.72673	36	-100
6.80754	36	-100
6.88835	36	-100
6.96915	36	-100
7.04996	36	-100
7.13077	36	-100
7.21158	36	-100
7.29239	36	-100
7.37319	36	-100
7.454	36	-100
7.53481	36	-100
7.61562	36	-100
7.69643	36	-100
7.77724	36	-100
7.85804	36	-100
7.93885	36	-100
8.01966	36	-100
8.10047	36	-100
8.18128	36	-100
8.26208	36	-100
8.34289	36	-100
8.4237	36	-100
8.50451	36	-100
8.58532	36	-100
8.66612	36	-100
8.74693	36	-100
8.82774	36	-100
8.90855	36	-100
8.98936	36	-100
9.07016	36	-100
9.15097	36	-100
9.23178	36	-100
9.31259	36	-100
9.3934	36	-100
9.4742	36	-100
9.55501	36	-100
9.63582	36	-100
9.71663	36	-100
9.79744	36	-100
9.87825	36	-100
9.95905	36	-100
10.0399	36	-100
10.1207	36	-100
10.2015	36	-100
10.2823	36	-100
10.3631	36	-100
10.4439	36	-100
10.5247	36	-100
10.6055	36	-100
10.6863	36	-100
10.7671	36	-100
10.8479	36	-100
10.9288	36	-100
11.0096	36	-100
11.0904	36	-100
11.1712	36	-100
11.252	36	-100
11.3328	36	-100
11.4136	36	-100
11.4944	36	-100
11.5752	36	-100
11.656	36	-100
11.7368	36	-100
11.8176	36	-100
11.8984	36	-100
11.9793	36	-100
12.0601	36	-100
12.1409	36	-100
12.2217	36	-100
12.3025	36	-100
12.3833	36	-100
12.4641	36	-100
12.5449	36	-100
12.6257	36	-100
12.7065	36	-100
12.7873	36	-100
12.8681	36	-100
12.949	36	-100
13.0298	36	-100
13.1106	36	-100
13.1914	36	-100
13.2722	36	-100
13.353	36	-100
13.4338	36	-100
13.5146	36	-100
13.5954	36	-100
13.6762	36	-100
13.757	36	-100
13.8378	36	-100
13.9186	36	-100
13.9995	36	-100
5.99946	37	-100
6.08027	37	-100
6.16107	37	-100
6.24188	37	-100
6.32269	37	-100
6.4035	37	-100
6.48431	37	-100
6.56511	37	-100
6.64592	37	-100
6.72673	37	-100
6.80754	37	-100
6.88835	37	-100
6.96915	37	-100
7.04996	37	-100
7.13077	37	-100
7.21158	37	-100
7.29239	37	-100
7.37319	37	-100
7.454	37	-100
7.53481	37	-100
7.61562	37	-100
7.69643	37	-100
7.77724	37	-100
7.85804	37	-100
7.93885	37	-100
8.01966	37	-100
8.10047	37	-100
8.18128	37	-100
8.26208	37	-100
8.34289	37	-100
8.4237	37	-100
8.50451	37	-100
8.58532	37	-100
8.66612	37	-100
8.74693	37	-100
8.82774	37	-100
8.90855	37	-100
8.98936	37	-100
9.07016	37	-100
9.15097	37	-100
9.23178	37	-100
9.31259	37	-100
9.3934	37	-100
9.4742	37	-100
9.55501	37	-100
9.63582	37	-100
9.71663	37	-100
9.79744	37	-100
9.87825	37	-100
9.95905	37	-100
10.0399	37	-100
10.1207	37	-100
10.2015	37	-100
10.2823	37	-100
10.3631	37	-100
10.4439	37	-100
10.5247	37	-100
10.6055	37	-100
10.6863	37	-100
10.7671	37	-100
10.8479	37	-100
10.9288	37	-100
11.0096	37	-100
11.0904	37	-100
11.1712	37	-100
11.252	37	-100
11.3328	37	-100
11.4136	37	-100
11.4944	37	-100
11.5752	37	-100
11.656	37	-100
11.7368	37	-100
11.8176	37	-100
11.8984	37	-100
11.9793	37	-100
12.0601	37	-100
12.1409	37	-100
12.2217	37	-100
12.3025	37	-100
12.3833	37	-100
12.4641	37	-100
12.5449	37	-100
12.6257	37	-100
12.7065	37	-100
12.7873	37	-100
12.8681	37	-100
12.949	37	-100
13.0298	37	-100
13.1106	37	-100
13.1914	37	-100
13.2722	37	-100
13.353	37	-100
13.4338	37	-100
13.5146	37	-100
13.5954	37	-100
13.6762	37	-100
13.757	37	-100
13.8378	37	-100
13.9186	37	-100
13.9995	37	-100
5.99946	38	-100
6.08027	38	-100
6.16107	38	-100
6.24188	38	-100
6.32269	38	-100
6.4035	38	-100
6.48431	38	-100
6.56511	38	-100
6.64592	38	-100
6.72673	38	-100
6.80754	38	-100
6.88835	38	-100
6.96915	38	-100
7.04996	38	-100
7.13077	38	-100
7.21158	38	-100
7.29239	38	-100
7.37319	38	-100
7.454	38	-100
7.53481	38	-100
7.61562	38	-100
7.69643	38	-100
7.77724	38	-100
7.85804	38	-100
7.93885	38	-100
8.01966	38	-100
8.10047	38	-100
8.18128	38	-100
8.26208	38	-100
8.34289	38	-100
8.4237	38	-100
8.50451	38	-100
8.58532	38	-100
8.66612	38	-100
8.74693	38	-100
8.82774	38	-100
8.90855	38	-100
8.98936	38	-100
9.07016	38	-100
9.15097	38	-100
9.23178	38	-100
9.31259	38	-100
9.3934	38	-100
9.4742	38	-100
9.55501	38	-100
9.63582	38	-100
9.71663	38	-100
9.79744	38	-100
9.87825	38	-100
9.95905	38	-100
10.0399	38	-100
10.1207	38	-100
10.2015	38	-100
10.2823	38	-100
10.3631	38	-100
10.4439	38	-100
10.5247	38	-100
10.6055	38	-100
10.6863	38	-100
10.7671	38	-100
10.8479	38	-100
10.9288	38	-100
11.0096	38	-100
11.0904	38	-100
11.1712	38	-100
11.252	38	-100
11.3328	38	-100
11.4136	38	-100
11.4944	38	-100
11.5752	38	-100
11.656	38	-100
11.7368	38	-100
11.8176	38	-100
11.8984	38	-100
11.9793	38	-100
12.0601	38	-100
12.1409	38	-100
12.2217	38	-100
12.3025	38	-100
12.3833	38	-100
12.4641	38	-100
12.5449	38	-100
12.6257	38	-100
12.7065	38	-100
12.7873	38	-100
12.8681	38	-100
12.949	38	-100
13.0298	38	-100
13.1106	38	-100
13.1914	38	-100
13.2722	38	-100
13.353	38	-100
13.4338	38	-100
13.5146	38	-100
13.5954	38	-100
13.6762	38	-100
13.757	38	-100
13.8378	38	-100
13.9186	38	-100
13.9995	38	-100
5.99946	39	52.9988
6.08027	39	52.8266
6.16107	39	52.6494
6.24188	39	52.4666
6.32269	39	52.2776
6.4035	39	52.0825
6.48431	39	51.8815
6.56511	39	51.675
6.64592	39	51.4634
6.72673	39	51.2474
6.80754	39	51.0273
6.88835	39	50.8038
6.96915	39	50.5774
7.04996	39	50.3484
7.13077	39	50.1172
7.21158	39	49.8842
7.29239	39	49.6496
7.37319	39	49.4138
7.454	39	49.1768
7.53481	39	48.9389
7.61562	39	48.7002
7.69643	39	48.4609
7.77724	39	48.221
7.85804	39	47.9806
7.93885	39	47.7399
8.01966	39	47.4988
8.10047	39	47.2574
8.18128	39	47.0158
8.26208	39	46.774
8.34289	39	46.5319
8.4237	39	46.2897
8.50451	39	46.0473
8.58532	39	45.8047
8.66612	39	45.562
8.74693	39	45.3191
8.82774	39	45.076
8.90855	39	44.8328
8.98936	39	44.5893
9.07016	39	44.3456
9.15097	39	44.1016
9.23178	39	43.8574
9.31259	39	43.6128
9.3934	39	43.3678
9.4742	39	43.1225
9.55501	39	42.8766
9.63582	39	42.6301
9.71663	39	42.383
9.79744	39	42.1352
9.87825	39	41.8865
9.95905	39	41.6369
10.0399	39	41.386
10.1207	39	41.134
10.2015	39	40.8804
10.2823	39	40.6251
10.3631	39	40.3678
10.4439	39	40.1083
10.5247	39	39.8462
10.6055	39	39.5812
10.6863	39	39.3127
10.7671	39	39.0403
10.8479	39	38.7634
10.9288	39	38.4812
11.0096	39	38.1931
11.0904	39	37.8979
11.1712	39	37.5947
11.252	39	37.2821
11.3328	39	36.9586
11.4136	39	36.6223
11.4944	39	36.2711
11.5752	39	35.9026
11.656	39	35.5135
11.7368	39	35.1003
11.8176	39	34.6586
11.8984	39	34.1832
11.9793	39	33.668
12.0601	39	33.105
12.1409	39	32.4857
12.2217	39	31.7989
12.3025	39	31.0314
12.3833	39	30.1676
12.4641	39	29.1877
12.5449	39	28.0692
12.6257	39	26.7844
12.7065	39	25.2996
12.7873	39	23.5747
12.8681	39	21.561
12.949	39	19.1998
13.0298	39	16.4207
13.1106	39	13.1384
13.1914	39	9.25017
13.2722	39	4.6323
13.353	39	-0.864418
13.4338	39	-7.41978
13.5146	39	-15.2504
13.5954	39	-24.6171
13.6762	39	-35.8343
13.757	39	-49.2801
13.8378	39	-65.4098
13.9186	39	-84.7711
13.9995	39	-100
