8.99946	0	56.1648
9.08027	0	55.8248
9.16107	0	44.0356
9.24188	0	43.478
9.32269	0	43.2183
9.4035	0	43.0285
9.48431	0	42.8632
9.56511	0	42.7082
9.64592	0	42.5582
9.72673	0	42.4105
9.80754	0	42.2642
9.88835	0	42.1185
9.96915	0	41.9731
10.05	0	41.8278
10.1308	0	41.6826
10.2116	0	41.5373
10.2924	0	41.392
10.3732	0	41.2466
10.454	0	41.101
10.5348	0	40.9554
10.6156	0	40.8096
10.6964	0	40.6636
10.7772	0	40.5175
10.858	0	40.3711
10.9389	0	40.2245
11.0197	0	40.0773
11.1005	0	39.9297
11.1813	0	39.7815
11.2621	0	39.6326
11.3429	0	39.4831
11.4237	0	39.333
11.5045	0	39.1827
11.5853	0	39.032
11.6661	0	38.8812
11.7469	0	38.7302
11.8277	0	38.5789
11.9085	0	38.4274
11.9894	0	38.2756
12.0702	0	38.1235
12.151	0	37.9712
12.2318	0	37.8185
12.3126	0	37.6657
12.3934	0	37.5127
12.4742	0	37.3596
12.555	0	37.2065
12.6358	0	37.0534
12.7166	0	36.9001
12.7974	0	36.7463
12.8782	0	36.592
12.9591	0	36.4367
13.0399	0	36.2804
13.1207	0	36.1228
13.2015	0	35.964
13.2823	0	35.8043
13.3631	0	35.6438
13.4439	0	35.4824
13.5247	0	35.3201
13.6055	0	35.1565
13.6863	0	34.9915
13.7671	0	34.8248
13.8479	0	34.6564
13.9288	0	34.4859
14.0096	0	34.3128
14.0904	0	34.1364
14.1712	0	33.956
14.252	0	33.77
14.3328	0	33.5352
14.4136	0	33.2795
14.4944	0	33.0375
14.5752	0	32.8147
14.656	0	32.6077
14.7368	0	32.3951
14.8176	0	32.1689
14.8984	0	31.9261
14.9793	0	31.6623
15.0601	0	31.3723
15.1409	0	31.0444
15.2217	0	30.5854
15.3025	0	30.04
15.3833	0	29.4685
15.4641	0	28.8765
15.5449	0	28.2112
15.6257	0	27.3013
15.7065	0	26.3992
15.7873	0	25.4314
15.8681	0	24.5438
15.949	0	23.7476
16.0298	0	23.1499
16.1106	0	22.7394
16.1914	0	22.4823
16.2722	0	22.2998
16.353	0	22.1564
16.4338	0	22.0218
16.5146	0	21.8865
16.5954	0	21.7486
16.6762	0	-263.663
16.757	0	-241.036
16.8378	0	-116.894
16.9186	0	-100
16.9995	0	21.0167
8.99946	1	56.5129
9.08027	1	56.1812
9.16107	1	44.2448
9.24188	1	43.6872
9.32269	1	43.4274
9.4035	1	43.2374
9.48431	1	43.0719
9.56511	1	42.9167
9.64592	1	42.7664
9.72673	1	42.6185
9.80754	1	42.4719
9.88835	1	42.3259
9.96915	1	42.1803
10.05	1	42.0347
10.1308	1	41.8892
10.2116	1	41.7436
10.2924	1	41.5979
10.3732	1	41.4521
10.454	1	41.3063
10.5348	1	41.1603
10.6156	1	41.0142
10.6964	1	40.8679
10.7772	1	40.7215
10.858	1	40.5749
10.9389	1	40.428
11.0197	1	40.2807
11.1005	1	40.1329
11.1813	1	39.9845
11.2621	1	39.8354
11.3429	1	39.6858
11.4237	1	39.5355
11.5045	1	39.3849
11.5853	1	39.2339
11.6661	1	39.0828
11.7469	1	38.9314
11.8277	1	38.7799
11.9085	1	38.6281
11.9894	1	38.4761
12.0702	1	38.3237
12.151	1	38.171
12.2318	1	38.0181
12.3126	1	37.8649
12.3934	1	37.7116
12.4742	1	37.5582
12.555	1	37.4048
12.6358	1	37.2513
12.7166	1	37.0977
12.7974	1	36.9438
12.8782	1	36.7893
12.9591	1	36.634
13.0399	1	36.4776
13.1207	1	36.3199
13.2015	1	36.161
13.2823	1	36.0012
13.3631	1	35.8405
13.4439	1	35.679
13.5247	1	35.5165
13.6055	1	35.3529
13.6863	1	35.1879
13.7671	1	35.0212
13.8479	1	34.8528
13.9288	1	34.6825
14.0096	1	34.5097
14.0904	1	34.3336
14.1712	1	34.1537
14.252	1	33.9693
14.3328	1	33.7736
14.4136	1	33.5124
14.4944	1	33.2635
14.5752	1	33.0324
14.656	1	32.8253
14.7368	1	32.6155
14.8176	1	32.3929
14.8984	1	32.1543
14.9793	1	31.8958
15.0601	1	31.6125
15.1409	1	31.2969
15.2217	1	30.922
15.3025	1	30.3804
15.3833	1	29.8091
15.4641	1	29.2179
15.5449	1	28.6033
15.6257	1	27.7785
15.7065	1	26.8574
15.7873	1	25.9509
15.8681	1	25.0033
15.949	1	24.1736
16.0298	1	23.5091
16.1106	1	23.0482
16.1914	1	22.7452
16.2722	1	22.5399
16.353	1	22.3883
16.4338	1	22.2539
16.5146	1	22.1212
16.5954	1	21.9863
16.6762	1	21.8484
16.757	1	-270.449
16.8378	1	-213.21
16.9186	1	-100
16.9995	1	21.2679
8.99946	2	56.798
9.08027	2	56.4708
9.16107	2	44.4112
9.24188	2	43.8536
9.32269	2	43.5936
9.4035	2	43.4035
9.48431	2	43.2378
9.56511	2	43.0825
9.64592	2	42.9319
9.72673	2	42.7838
9.80754	2	42.6369
9.88835	2	42.4906
9.96915	2	42.3446
10.05	2	42.1988
10.1308	2	42.0529
10.2116	2	41.907
10.2924	2	41.761
10.3732	2	41.615
10.454	2	41.4688
10.5348	2	41.3224
10.6156	2	41.176
10.6964	2	41.0294
10.7772	2	40.8827
10.858	2	40.7358
10.9389	2	40.5887
11.0197	2	40.4412
11.1005	2	40.2932
11.1813	2	40.1447
11.2621	2	39.9955
11.3429	2	39.8456
11.4237	2	39.6952
11.5045	2	39.5443
11.5853	2	39.393
11.6661	2	39.2415
11.7469	2	39.0899
11.8277	2	38.9381
11.9085	2	38.786
11.9894	2	38.6337
12.0702	2	38.4811
12.151	2	38.3281
12.2318	2	38.1749
12.3126	2	38.0214
12.3934	2	37.8677
12.4742	2	37.714
12.555	2	37.5602
12.6358	2	37.4064
12.7166	2	37.2525
12.7974	2	37.0984
12.8782	2	36.9437
12.9591	2	36.7883
13.0399	2	36.6318
13.1207	2	36.4741
13.2015	2	36.3152
13.2823	2	36.1551
13.3631	2	35.9942
13.4439	2	35.8325
13.5247	2	35.67
13.6055	2	35.5063
13.6863	2	35.3412
13.7671	2	35.1745
13.8479	2	35.0061
13.9288	2	34.8359
14.0096	2	34.6633
14.0904	2	34.4876
14.1712	2	34.308
14.252	2	34.1242
14.3328	2	33.9351
14.4136	2	33.7033
14.4944	2	33.4496
14.5752	2	33.2067
14.656	2	32.9984
14.7368	2	32.7911
14.8176	2	32.5716
14.8984	2	32.3368
14.9793	2	32.0831
15.0601	2	31.8057
15.1409	2	31.498
15.2217	2	31.1492
15.3025	2	30.6736
15.3833	2	30.1055
15.4641	2	29.5058
15.5449	2	28.9129
15.6257	2	28.2163
15.7065	2	27.2689
15.7873	2	26.3546
15.8681	2	25.4172
15.949	2	24.5735
16.0298	2	23.8446
16.1106	2	23.3161
16.1914	2	22.9633
16.2722	2	22.7295
16.353	2	22.5662
16.4338	2	22.4301
16.5146	2	22.2989
16.5954	2	22.1663
16.6762	2	22.0309
16.757	2	21.8924
16.8378	2	-267.845
16.9186	2	-100
16.9995	2	21.4593
8.99946	3	57.0583
9.08027	3	56.7331
9.16107	3	44.5621
9.24188	3	44.0044
9.32269	3	43.7444
9.4035	3	43.5542
9.48431	3	43.3884
9.56511	3	43.2328
9.64592	3	43.082
9.72673	3	42.9336
9.80754	3	42.7865
9.88835	3	42.6399
9.96915	3	42.4937
10.05	3	42.3475
10.1308	3	42.2014
10.2116	3	42.0551
10.2924	3	41.9088
10.3732	3	41.7624
10.454	3	41.6159
10.5348	3	41.4692
10.6156	3	41.3225
10.6964	3	41.1756
10.7772	3	41.0286
10.858	3	40.8814
10.9389	3	40.7339
11.0197	3	40.5862
11.1005	3	40.4381
11.1813	3	40.2894
11.2621	3	40.1401
11.3429	3	39.9901
11.4237	3	39.8395
11.5045	3	39.6883
11.5853	3	39.5367
11.6661	3	39.3849
11.7469	3	39.233
11.8277	3	39.0809
11.9085	3	38.9285
11.9894	3	38.7759
12.0702	3	38.623
12.151	3	38.4698
12.2318	3	38.3163
12.3126	3	38.1625
12.3934	3	38.0085
12.4742	3	37.8544
12.555	3	37.7002
12.6358	3	37.5461
12.7166	3	37.3919
12.7974	3	37.2375
12.8782	3	37.0827
12.9591	3	36.9272
13.0399	3	36.7706
13.1207	3	36.6129
13.2015	3	36.4538
13.2823	3	36.2936
13.3631	3	36.1325
13.4439	3	35.9706
13.5247	3	35.808
13.6055	3	35.6442
13.6863	3	35.4791
13.7671	3	35.3123
13.8479	3	35.1439
13.9288	3	34.9737
14.0096	3	34.8013
14.0904	3	34.6259
14.1712	3	34.4466
14.252	3	34.2632
14.3328	3	34.0751
14.4136	3	33.8785
14.4944	3	33.6247
14.5752	3	33.3661
14.656	3	33.1549
14.7368	3	32.9499
14.8176	3	32.7333
14.8984	3	32.5021
14.9793	3	32.2528
15.0601	3	31.9807
15.1409	3	31.6801
15.2217	3	31.3419
15.3025	3	30.9463
15.3833	3	30.3899
15.4641	3	29.7733
15.5449	3	29.1912
15.6257	3	28.5451
15.7065	3	27.6724
15.7873	3	26.7259
15.8681	3	25.834
15.949	3	24.9275
16.0298	3	24.1564
16.1106	3	23.5704
16.1914	3	23.1676
16.2722	3	22.9035
16.353	3	22.7251
16.4338	3	22.585
16.5146	3	22.4543
16.5954	3	22.3237
16.6762	3	22.1905
16.757	3	22.0542
16.8378	3	21.9148
16.9186	3	-100
16.9995	3	21.6272
8.99946	4	57.3069
9.08027	4	56.9834
9.16107	4	44.7078
9.24188	4	44.1501
9.32269	4	43.89
9.4035	4	43.6997
9.48431	4	43.5337
9.56511	4	43.3779
9.64592	4	43.227
9.72673	4	43.0783
9.80754	4	42.9309
9.88835	4	42.7841
9.96915	4	42.6376
10.05	4	42.4911
10.1308	4	42.3447
10.2116	4	42.1981
10.2924	4	42.0515
10.3732	4	41.9048
10.454	4	41.7579
10.5348	4	41.6109
10.6156	4	41.4638
10.6964	4	41.3166
10.7772	4	41.1693
10.858	4	41.0218
10.9389	4	40.8741
11.0197	4	40.7261
11.1005	4	40.5778
11.1813	4	40.429
11.2621	4	40.2795
11.3429	4	40.1294
11.4237	4	39.9786
11.5045	4	39.8271
11.5853	4	39.6753
11.6661	4	39.5232
11.7469	4	39.3709
11.8277	4	39.2185
11.9085	4	39.0659
11.9894	4	38.913
12.0702	4	38.7598
12.151	4	38.6063
12.2318	4	38.4525
12.3126	4	38.2984
12.3934	4	38.1441
12.4742	4	37.9896
12.555	4	37.8351
12.6358	4	37.6806
12.7166	4	37.5261
12.7974	4	37.3714
12.8782	4	37.2164
12.9591	4	37.0608
13.0399	4	36.9042
13.1207	4	36.7464
13.2015	4	36.5872
13.2823	4	36.4269
13.3631	4	36.2656
13.4439	4	36.1035
13.5247	4	35.9407
13.6055	4	35.7768
13.6863	4	35.6116
13.7671	4	35.4448
13.8479	4	35.2764
13.9288	4	35.1062
14.0096	4	34.9339
14.0904	4	34.7587
14.1712	4	34.5799
14.252	4	34.3967
14.3328	4	34.2092
14.4136	4	34.0156
14.4944	4	33.8009
14.5752	4	33.5216
14.656	4	33.3052
14.7368	4	33.1024
14.8176	4	32.8884
14.8984	4	32.6606
14.9793	4	32.4154
15.0601	4	32.1484
15.1409	4	31.8541
15.2217	4	31.5249
15.3025	4	31.1461
15.3833	4	30.6759
15.4641	4	30.033
15.5449	4	29.4552
15.6257	4	28.837
15.7065	4	28.0818
15.7873	4	27.0951
15.8681	4	26.1861
15.949	4	25.2842
16.0298	4	24.4812
16.1106	4	23.8371
16.1914	4	23.3808
16.2722	4	23.0733
16.353	4	22.8777
16.4338	4	22.7313
16.5146	4	22.6
16.5954	4	22.4709
16.6762	4	22.3397
16.757	4	22.2055
16.8378	4	22.068
16.9186	4	21.9276
16.9995	4	21.7843
8.99946	5	57.5418
9.08027	5	57.2196
9.16107	5	44.8416
9.24188	5	44.284
9.32269	5	44.0239
9.4035	5	43.8335
9.48431	5	43.6674
9.56511	5	43.5114
9.64592	5	43.3603
9.72673	5	43.2114
9.80754	5	43.0638
9.88835	5	42.9167
9.96915	5	42.7699
10.05	5	42.6231
10.1308	5	42.4763
10.2116	5	42.3295
10.2924	5	42.1825
10.3732	5	42.0355
10.454	5	41.8883
10.5348	5	41.741
10.6156	5	41.5936
10.6964	5	41.446
10.7772	5	41.2983
10.858	5	41.1505
10.9389	5	41.0025
11.0197	5	40.8543
11.1005	5	40.7058
11.1813	5	40.5568
11.2621	5	40.4072
11.3429	5	40.2569
11.4237	5	40.106
11.5045	5	39.9543
11.5853	5	39.8022
11.6661	5	39.6498
11.7469	5	39.4972
11.8277	5	39.3445
11.9085	5	39.1915
11.9894	5	39.0384
12.0702	5	38.8849
12.151	5	38.7311
12.2318	5	38.577
12.3126	5	38.4226
12.3934	5	38.268
12.4742	5	38.1132
12.555	5	37.9583
12.6358	5	37.8035
12.7166	5	37.6486
12.7974	5	37.4936
12.8782	5	37.3384
12.9591	5	37.1827
13.0399	5	37.026
13.1207	5	36.8681
13.2015	5	36.7089
13.2823	5	36.5484
13.3631	5	36.3869
13.4439	5	36.2246
13.5247	5	36.0616
13.6055	5	35.8977
13.6863	5	35.7324
13.7671	5	35.5655
13.8479	5	35.397
13.9288	5	35.2268
14.0096	5	35.0546
14.0904	5	34.8797
14.1712	5	34.7012
14.252	5	34.5183
14.3328	5	34.3313
14.4136	5	34.1394
14.4944	5	33.9335
14.5752	5	33.6676
14.656	5	33.4431
14.7368	5	33.2423
14.8176	5	33.0308
14.8984	5	32.8061
14.9793	5	32.5648
15.0601	5	32.3027
15.1409	5	32.0143
15.2217	5	31.6929
15.3025	5	31.3274
15.3833	5	30.8874
15.4641	5	30.2812
15.5449	5	29.7008
15.6257	5	29.1052
15.7065	5	28.3941
15.7873	5	27.464
15.8681	5	26.5139
15.949	5	25.653
16.0298	5	24.7737
16.1106	5	24.0874
16.1914	5	23.5846
16.2722	5	23.2398
16.353	5	23.0204
16.4338	5	22.8649
16.5146	5	22.7322
16.5954	5	22.6044
16.6762	5	22.4751
16.757	5	22.3429
16.8378	5	22.2075
16.9186	5	22.0689
16.9995	5	21.9274
8.99946	6	57.7674
9.08027	6	57.446
9.16107	6	44.9674
9.24188	6	44.4099
9.32269	6	44.1498
9.4035	6	43.9593
9.48431	6	43.7931
9.56511	6	43.637
9.64592	6	43.4856
9.72673	6	43.3366
9.80754	6	43.1887
9.88835	6	43.0413
9.96915	6	42.8942
10.05	6	42.7472
10.1308	6	42.6001
10.2116	6	42.4529
10.2924	6	42.3057
10.3732	6	42.1583
10.454	6	42.0108
10.5348	6	41.8631
10.6156	6	41.7154
10.6964	6	41.5675
10.7772	6	41.4195
10.858	6	41.2713
10.9389	6	41.123
11.0197	6	40.9746
11.1005	6	40.8258
11.1813	6	40.6766
11.2621	6	40.5269
11.3429	6	40.3765
11.4237	6	40.2254
11.5045	6	40.0736
11.5853	6	39.9212
11.6661	6	39.7685
11.7469	6	39.6155
11.8277	6	39.4625
11.9085	6	39.3092
11.9894	6	39.1558
12.0702	6	39.002
12.151	6	38.848
12.2318	6	38.6936
12.3126	6	38.5389
12.3934	6	38.384
12.4742	6	38.2288
12.555	6	38.0736
12.6358	6	37.9183
12.7166	6	37.7631
12.7974	6	37.6079
12.8782	6	37.4524
12.9591	6	37.2965
13.0399	6	37.1398
13.1207	6	36.9818
13.2015	6	36.8226
13.2823	6	36.6619
13.3631	6	36.5002
13.4439	6	36.3377
13.5247	6	36.1745
13.6055	6	36.0104
13.6863	6	35.8451
13.7671	6	35.6782
13.8479	6	35.5096
13.9288	6	35.3394
14.0096	6	35.1673
14.0904	6	34.9926
14.1712	6	34.8144
14.252	6	34.6319
14.3328	6	34.445
14.4136	6	34.254
14.4944	6	34.0548
14.5752	6	33.8092
14.656	6	33.5724
14.7368	6	33.3734
14.8176	6	33.1642
14.8984	6	32.9424
14.9793	6	32.7048
15.0601	6	32.4473
15.1409	6	32.1646
15.2217	6	31.8502
15.3025	6	31.4948
15.3833	6	31.0804
15.4641	6	30.5242
15.5449	6	29.9321
15.6257	6	29.3576
15.7065	6	28.6745
15.7873	6	27.8411
15.8681	6	26.8347
15.949	6	25.9674
16.0298	6	25.0693
16.1106	6	24.3428
16.1914	6	23.797
16.2722	6	23.4017
16.353	6	23.1573
16.4338	6	22.9903
16.5146	6	22.855
16.5954	6	22.728
16.6762	6	22.6005
16.757	6	22.4703
16.8378	6	22.337
16.9186	6	22.2004
16.9995	6	22.0608
8.99946	7	57.9883
9.08027	7	57.6675
9.16107	7	45.0901
9.24188	7	44.5327
9.32269	7	44.2726
9.4035	7	44.0821
9.48431	7	43.9158
9.56511	7	43.7595
9.64592	7	43.608
9.72673	7	43.4587
9.80754	7	43.3106
9.88835	7	43.163
9.96915	7	43.0156
10.05	7	42.8683
10.1308	7	42.7209
10.2116	7	42.5735
10.2924	7	42.4259
10.3732	7	42.2782
10.454	7	42.1303
10.5348	7	41.9823
10.6156	7	41.8342
10.6964	7	41.686
10.7772	7	41.5377
10.858	7	41.3892
10.9389	7	41.2406
11.0197	7	41.0918
11.1005	7	40.9428
11.1813	7	40.7934
11.2621	7	40.6435
11.3429	7	40.493
11.4237	7	40.3418
11.5045	7	40.1898
11.5853	7	40.0372
11.6661	7	39.8842
11.7469	7	39.7309
11.8277	7	39.5775
11.9085	7	39.424
11.9894	7	39.2702
12.0702	7	39.1162
12.151	7	38.9618
12.2318	7	38.8072
12.3126	7	38.6522
12.3934	7	38.497
12.4742	7	38.3415
12.555	7	38.1859
12.6358	7	38.0303
12.7166	7	37.8747
12.7974	7	37.7191
12.8782	7	37.5634
12.9591	7	37.4073
13.0399	7	37.2504
13.1207	7	37.0925
13.2015	7	36.9332
13.2823	7	36.7724
13.3631	7	36.6105
13.4439	7	36.4478
13.5247	7	36.2844
13.6055	7	36.1202
13.6863	7	35.9548
13.7671	7	35.7878
13.8479	7	35.6192
13.9288	7	35.4489
14.0096	7	35.2768
14.0904	7	35.1023
14.1712	7	34.9245
14.252	7	34.7422
14.3328	7	34.5556
14.4136	7	34.3651
14.4944	7	34.1683
14.5752	7	33.9532
14.656	7	33.698
14.7368	7	33.5007
14.8176	7	33.2937
14.8984	7	33.0746
14.9793	7	32.8405
15.0601	7	32.5874
15.1409	7	32.31
15.2217	7	32.0022
15.3025	7	31.6559
15.3833	7	31.2558
15.4641	7	30.7706
15.5449	7	30.1546
15.6257	7	29.5996
15.7065	7	28.9433
15.7873	7	28.1427
15.8681	7	27.1526
15.949	7	26.2819
16.0298	7	25.3681
16.1106	7	24.6174
16.1914	7	24.0014
16.2722	7	23.5717
16.353	7	23.2929
16.4338	7	23.1124
16.5146	7	22.9734
16.5954	7	22.8467
16.6762	7	22.7209
16.757	7	22.5927
16.8378	7	22.4613
16.9186	7	22.3267
16.9995	7	22.189
8.99946	8	58.2058
9.08027	8	57.8857
9.16107	8	45.2104
9.24188	8	44.6531
9.32269	8	44.393
9.4035	8	44.2026
9.48431	8	44.0362
9.56511	8	43.8798
9.64592	8	43.7281
9.72673	8	43.5786
9.80754	8	43.4303
9.88835	8	43.2824
9.96915	8	43.1348
10.05	8	42.9872
10.1308	8	42.8395
10.2116	8	42.6918
10.2924	8	42.5439
10.3732	8	42.3958
10.454	8	42.2477
10.5348	8	42.0994
10.6156	8	41.9509
10.6964	8	41.8023
10.7772	8	41.6537
10.858	8	41.5049
10.9389	8	41.3559
11.0197	8	41.2068
11.1005	8	41.0575
11.1813	8	40.9079
11.2621	8	40.7579
11.3429	8	40.6073
11.4237	8	40.4559
11.5045	8	40.3038
11.5853	8	40.151
11.6661	8	39.9977
11.7469	8	39.844
11.8277	8	39.6903
11.9085	8	39.5364
11.9894	8	39.3824
12.0702	8	39.2281
12.151	8	39.0735
12.2318	8	38.9185
12.3126	8	38.7633
12.3934	8	38.6077
12.4742	8	38.4519
12.555	8	38.2959
12.6358	8	38.1399
12.7166	8	37.984
12.7974	8	37.8281
12.8782	8	37.672
12.9591	8	37.5157
13.0399	8	37.3588
13.1207	8	37.2008
13.2015	8	37.0415
13.2823	8	36.8806
13.3631	8	36.7186
13.4439	8	36.5556
13.5247	8	36.3919
13.6055	8	36.2276
13.6863	8	36.0621
13.7671	8	35.8951
13.8479	8	35.7264
13.9288	8	35.556
14.0096	8	35.3839
14.0904	8	35.2096
14.1712	8	35.0321
14.252	8	34.8502
14.3328	8	34.6637
14.4136	8	34.4735
14.4944	8	34.2786
14.5752	8	34.0686
14.656	8	33.8207
14.7368	8	33.6251
14.8176	8	33.4201
14.8984	8	33.2036
14.9793	8	32.9727
15.0601	8	32.7237
15.1409	8	32.4515
15.2217	8	32.1498
15.3025	8	31.8116
15.3833	8	31.4244
15.4641	8	30.9598
15.5449	8	30.3696
15.6257	8	29.8326
15.7065	8	29.2006
15.7873	8	28.4362
15.8681	8	27.4692
15.949	8	26.5926
16.0298	8	25.6817
16.1106	8	24.8717
16.1914	8	24.2164
16.2722	8	23.7406
16.353	8	23.4318
16.4338	8	23.2335
16.5146	8	23.0888
16.5954	8	22.9617
16.6762	8	22.8374
16.757	8	22.711
16.8378	8	22.5817
16.9186	8	22.4491
16.9995	8	22.3133
8.99946	9	58.4187
9.08027	9	58.0995
9.16107	9	45.3265
9.24188	9	44.7694
9.32269	9	44.5095
9.4035	9	44.319
9.48431	9	44.1526
9.56511	9	43.9961
9.64592	9	43.8443
9.72673	9	43.6946
9.80754	9	43.5461
9.88835	9	43.398
9.96915	9	43.2501
10.05	9	43.1022
10.1308	9	42.9542
10.2116	9	42.8062
10.2924	9	42.6579
10.3732	9	42.5096
10.454	9	42.3611
10.5348	9	42.2124
10.6156	9	42.0637
10.6964	9	41.9148
10.7772	9	41.7657
10.858	9	41.6166
10.9389	9	41.4673
11.0197	9	41.3179
11.1005	9	41.1683
11.1813	9	41.0185
11.2621	9	40.8683
11.3429	9	40.7175
11.4237	9	40.5661
11.5045	9	40.4138
11.5853	9	40.2608
11.6661	9	40.1072
11.7469	9	39.9533
11.8277	9	39.7991
11.9085	9	39.645
11.9894	9	39.4906
12.0702	9	39.336
12.151	9	39.1811
12.2318	9	39.0259
12.3126	9	38.8704
12.3934	9	38.7145
12.4742	9	38.5584
12.555	9	38.4021
12.6358	9	38.2457
12.7166	9	38.0893
12.7974	9	37.933
12.8782	9	37.7767
12.9591	9	37.6202
13.0399	9	37.4631
13.1207	9	37.3051
13.2015	9	37.1457
13.2823	9	36.9848
13.3631	9	36.8226
13.4439	9	36.6594
13.5247	9	36.4955
13.6055	9	36.3309
13.6863	9	36.1654
13.7671	9	35.9983
13.8479	9	35.8295
13.9288	9	35.659
14.0096	9	35.4869
14.0904	9	35.3127
14.1712	9	35.1356
14.252	9	34.9541
14.3328	9	34.7677
14.4136	9	34.5777
14.4944	9	34.384
14.5752	9	34.1788
14.656	9	33.9388
14.7368	9	33.7448
14.8176	9	33.5417
14.8984	9	33.3276
14.9793	9	33.0998
15.0601	9	32.8547
15.1409	9	32.5874
15.2217	9	32.2917
15.3025	9	31.9607
15.3833	9	31.5849
15.4641	9	31.1397
15.5449	9	30.5755
15.6257	9	30.056
15.7065	9	29.4446
15.7873	9	28.7168
15.8681	9	27.7869
15.949	9	26.8903
16.0298	9	26.0123
16.1106	9	25.1307
16.1914	9	24.4412
16.2722	9	23.9174
16.353	9	23.5686
16.4338	9	23.3513
16.5146	9	23.1998
16.5954	9	23.0715
16.6762	9	22.9485
16.757	9	22.824
16.8378	9	22.6967
16.9186	9	22.5661
16.9995	9	22.4323
8.99946	10	58.6282
9.08027	10	58.3101
9.16107	10	45.4396
9.24188	10	44.8828
9.32269	10	44.623
9.4035	10	44.4326
9.48431	10	44.2661
9.56511	10	44.1096
9.64592	10	43.9576
9.72673	10	43.8078
9.80754	10	43.6591
9.88835	10	43.5108
9.96915	10	43.3626
10.05	10	43.2144
10.1308	10	43.0662
10.2116	10	42.9178
10.2924	10	42.7693
10.3732	10	42.6206
10.454	10	42.4718
10.5348	10	42.3228
10.6156	10	42.1737
10.6964	10	42.0245
10.7772	10	41.8751
10.858	10	41.7256
10.9389	10	41.576
11.0197	10	41.4263
11.1005	10	41.2764
11.1813	10	41.1263
11.2621	10	40.9758
11.3429	10	40.8249
11.4237	10	40.6734
11.5045	10	40.521
11.5853	10	40.3678
11.6661	10	40.214
11.7469	10	40.0597
11.8277	10	39.9053
11.9085	10	39.7507
11.9894	10	39.5961
12.0702	10	39.4412
12.151	10	39.286
12.2318	10	39.1305
12.3126	10	38.9747
12.3934	10	38.8186
12.4742	10	38.6621
12.555	10	38.5054
12.6358	10	38.3487
12.7166	10	38.1919
12.7974	10	38.0353
12.8782	10	37.8786
12.9591	10	37.7218
13.0399	10	37.5646
13.1207	10	37.4065
13.2015	10	37.2471
13.2823	10	37.0862
13.3631	10	36.9238
13.4439	10	36.7603
13.5247	10	36.5962
13.6055	10	36.4314
13.6863	10	36.2658
13.7671	10	36.0987
13.8479	10	35.9298
13.9288	10	35.7592
14.0096	10	35.5871
14.0904	10	35.413
14.1712	10	35.2361
14.252	10	35.0551
14.3328	10	34.8688
14.4136	10	34.6788
14.4944	10	34.4859
14.5752	10	34.2847
14.656	10	34.0537
14.7368	10	33.8611
14.8176	10	33.6598
14.8984	10	33.4479
14.9793	10	33.223
15.0601	10	32.9816
15.1409	10	32.719
15.2217	10	32.4291
15.3025	10	32.1048
15.3833	10	31.7387
15.4641	10	31.3115
15.5449	10	30.7735
15.6257	10	30.2718
15.7065	10	29.678
15.7873	10	28.9815
15.8681	10	28.1081
15.949	10	27.1876
16.0298	10	26.298
16.1106	10	25.3939
16.1914	10	24.6767
16.2722	10	24.1059
16.353	10	23.7092
16.4338	10	23.4691
16.5146	10	23.3078
16.5954	10	23.1775
16.6762	10	23.0554
16.757	10	22.9329
16.8378	10	22.8075
16.9186	10	22.679
16.9995	10	22.5472
8.99946	11	58.8346
9.08027	11	58.5177
9.16107	11	45.5501
9.24188	11	44.9936
9.32269	11	44.734
9.4035	11	44.5437
9.48431	11	44.3773
9.56511	11	44.2207
9.64592	11	44.0686
9.72673	11	43.9187
9.80754	11	43.7697
9.88835	11	43.6212
9.96915	11	43.4728
10.05	11	43.3244
10.1308	11	43.1758
10.2116	11	43.0271
10.2924	11	42.8783
10.3732	11	42.7293
10.454	11	42.5802
10.5348	11	42.4309
10.6156	11	42.2814
10.6964	11	42.1318
10.7772	11	41.9821
10.858	11	41.8323
10.9389	11	41.6823
11.0197	11	41.5322
11.1005	11	41.382
11.1813	11	41.2317
11.2621	11	41.081
11.3429	11	40.9299
11.4237	11	40.7782
11.5045	11	40.6258
11.5853	11	40.4725
11.6661	11	40.3184
11.7469	11	40.1638
11.8277	11	40.009
11.9085	11	39.8541
11.9894	11	39.6991
12.0702	11	39.544
12.151	11	39.3885
12.2318	11	39.2327
12.3126	11	39.0766
12.3934	11	38.9202
12.4742	11	38.7635
12.555	11	38.6064
12.6358	11	38.4493
12.7166	11	38.2922
12.7974	11	38.1351
12.8782	11	37.9781
12.9591	11	37.821
13.0399	11	37.6636
13.1207	11	37.5055
13.2015	11	37.3461
13.2823	11	37.1851
13.3631	11	37.0226
13.4439	11	36.8589
13.5247	11	36.6945
13.6055	11	36.5295
13.6863	11	36.3638
13.7671	11	36.1966
13.8479	11	36.0277
13.9288	11	35.857
14.0096	11	35.6847
14.0904	11	35.5107
14.1712	11	35.3341
14.252	11	35.1535
14.3328	11	34.9675
14.4136	11	34.7773
14.4944	11	34.585
14.5752	11	34.3866
14.656	11	34.1657
14.7368	11	33.9744
14.8176	11	33.7748
14.8984	11	33.565
14.9793	11	33.3428
15.0601	11	33.1049
15.1409	11	32.8468
15.2217	11	32.5624
15.3025	11	32.2445
15.3833	11	31.8866
15.4641	11	31.4756
15.5449	11	30.964
15.6257	11	30.4802
15.7065	11	29.9047
15.7873	11	29.2245
15.8681	11	28.4351
15.949	11	27.4839
16.0298	11	26.5872
16.1106	11	25.6564
16.1914	11	24.9311
16.2722	11	24.2873
16.353	11	23.8569
16.4338	11	23.5853
16.5146	11	23.4141
16.5954	11	23.2802
16.6762	11	23.1588
16.757	11	23.038
16.8378	11	22.9146
16.9186	11	22.7881
16.9995	11	22.6584
8.99946	12	59.038
9.08027	12	58.7222
9.16107	12	45.6583
9.24188	12	45.1021
9.32269	12	44.8428
9.4035	12	44.6526
9.48431	12	44.4862
9.56511	12	44.3297
9.64592	12	44.1775
9.72673	12	44.0274
9.80754	12	43.8783
9.88835	12	43.7295
9.96915	12	43.5809
10.05	12	43.4322
10.1308	12	43.2834
10.2116	12	43.1344
10.2924	12	42.9853
10.3732	12	42.836
10.454	12	42.6865
10.5348	12	42.5369
10.6156	12	42.3871
10.6964	12	42.2371
10.7772	12	42.0871
10.858	12	41.9369
10.9389	12	41.7866
11.0197	12	41.6362
11.1005	12	41.4857
11.1813	12	41.335
11.2621	12	41.1841
11.3429	12	41.0328
11.4237	12	40.881
11.5045	12	40.7284
11.5853	12	40.575
11.6661	12	40.4208
11.7469	12	40.2659
11.8277	12	40.1107
11.9085	12	39.9555
11.9894	12	39.8001
12.0702	12	39.6447
12.151	12	39.4889
12.2318	12	39.3329
12.3126	12	39.1765
12.3934	12	39.0198
12.4742	12	38.8627
12.555	12	38.7054
12.6358	12	38.5479
12.7166	12	38.3903
12.7974	12	38.2329
12.8782	12	38.0755
12.9591	12	37.9181
13.0399	12	37.7605
13.1207	12	37.6023
13.2015	12	37.4429
13.2823	12	37.2819
13.3631	12	37.1193
13.4439	12	36.9554
13.5247	12	36.7907
13.6055	12	36.6255
13.6863	12	36.4596
13.7671	12	36.2924
13.8479	12	36.1234
13.9288	12	35.9526
14.0096	12	35.7802
14.0904	12	35.6062
14.1712	12	35.4298
14.252	12	35.2497
14.3328	12	35.064
14.4136	12	34.8736
14.4944	12	34.6815
14.5752	12	34.4845
14.656	12	34.275
14.7368	12	34.0851
14.8176	12	33.887
14.8984	12	33.6793
14.9793	12	33.4596
15.0601	12	33.2249
15.1409	12	32.9711
15.2217	12	32.6922
15.3025	12	32.3805
15.3833	12	32.0294
15.4641	12	31.6323
15.5449	12	31.1475
15.6257	12	30.6811
15.7065	12	30.1253
15.7873	12	29.4602
15.8681	12	28.6917
15.949	12	27.7781
16.0298	12	26.8793
16.1106	12	25.9254
16.1914	12	25.167
16.2722	12	24.4779
16.353	12	24.0033
16.4338	12	23.7028
16.5146	12	23.5184
16.5954	12	23.3798
16.6762	12	23.2587
16.757	12	23.1395
16.8378	12	23.0181
16.9186	12	22.8937
16.9995	12	22.7659
8.99946	13	59.2388
9.08027	13	58.9241
9.16107	13	45.7644
9.24188	13	45.2088
9.32269	13	44.9498
9.4035	13	44.7598
9.48431	13	44.5935
9.56511	13	44.4369
9.64592	13	44.2847
9.72673	13	44.1345
9.80754	13	43.9852
9.88835	13	43.8363
9.96915	13	43.6874
10.05	13	43.5385
10.1308	13	43.3894
10.2116	13	43.2401
10.2924	13	43.0907
10.3732	13	42.941
10.454	13	42.7912
10.5348	13	42.6413
10.6156	13	42.4911
10.6964	13	42.3409
10.7772	13	42.1905
10.858	13	42.0399
10.9389	13	41.8893
11.0197	13	41.7385
11.1005	13	41.5877
11.1813	13	41.4366
11.2621	13	41.2854
11.3429	13	41.134
11.4237	13	40.982
11.5045	13	40.8293
11.5853	13	40.6758
11.6661	13	40.5215
11.7469	13	40.3664
11.8277	13	40.2108
11.9085	13	40.0552
11.9894	13	39.8995
12.0702	13	39.7437
12.151	13	39.5877
12.2318	13	39.4314
12.3126	13	39.2747
12.3934	13	39.1177
12.4742	13	38.9603
12.555	13	38.8027
12.6358	13	38.6448
12.7166	13	38.4869
12.7974	13	38.329
12.8782	13	38.1713
12.9591	13	38.0136
13.0399	13	37.8557
13.1207	13	37.6973
13.2015	13	37.5379
13.2823	13	37.3769
13.3631	13	37.2143
13.4439	13	37.0502
13.5247	13	36.8852
13.6055	13	36.7197
13.6863	13	36.5536
13.7671	13	36.3864
13.8479	13	36.2174
13.9288	13	36.0465
14.0096	13	35.8739
14.0904	13	35.6999
14.1712	13	35.5236
14.252	13	35.3441
14.3328	13	35.1588
14.4136	13	34.9681
14.4944	13	34.7765
14.5752	13	34.5787
14.656	13	34.3823
14.7368	13	34.1935
14.8176	13	33.997
14.8984	13	33.7911
14.9793	13	33.5738
15.0601	13	33.3422
15.1409	13	33.0923
15.2217	13	32.8186
15.3025	13	32.5133
15.3833	13	32.1681
15.4641	13	31.7817
15.5449	13	31.3245
15.6257	13	30.8746
15.7065	13	30.3401
15.7873	13	29.6907
15.8681	13	28.9364
15.949	13	28.0694
16.0298	13	27.1738
16.1106	13	26.2005
16.1914	13	25.4114
16.2722	13	24.6791
16.353	13	24.1566
16.4338	13	23.8229
16.5146	13	23.6226
16.5954	13	23.4772
16.6762	13	23.3556
16.757	13	23.2379
16.8378	13	23.1184
16.9186	13	22.996
16.9995	13	22.8703
8.99946	14	59.4372
9.08027	14	59.1237
9.16107	14	45.8689
9.24188	14	45.3137
9.32269	14	45.0551
9.4035	14	44.8654
9.48431	14	44.6992
9.56511	14	44.5427
9.64592	14	44.3904
9.72673	14	44.2401
9.80754	14	44.0907
9.88835	14	43.9416
9.96915	14	43.7925
10.05	14	43.6433
10.1308	14	43.494
10.2116	14	43.3444
10.2924	14	43.1947
10.3732	14	43.0447
10.454	14	42.8946
10.5348	14	42.7443
10.6156	14	42.5938
10.6964	14	42.4432
10.7772	14	42.2925
10.858	14	42.1416
10.9389	14	41.9906
11.0197	14	41.8395
11.1005	14	41.6883
11.1813	14	41.5369
11.2621	14	41.3854
11.3429	14	41.2337
11.4237	14	41.0815
11.5045	14	40.9288
11.5853	14	40.7752
11.6661	14	40.6207
11.7469	14	40.4654
11.8277	14	40.3096
11.9085	14	40.1535
11.9894	14	39.9975
12.0702	14	39.8414
12.151	14	39.6851
12.2318	14	39.5284
12.3126	14	39.3715
12.3934	14	39.2142
12.4742	14	39.0566
12.555	14	38.8986
12.6358	14	38.7403
12.7166	14	38.582
12.7974	14	38.4237
12.8782	14	38.2656
12.9591	14	38.1075
13.0399	14	37.9494
13.1207	14	37.7909
13.2015	14	37.6314
13.2823	14	37.4705
13.3631	14	37.3078
13.4439	14	37.1435
13.5247	14	36.9782
13.6055	14	36.8124
13.6863	14	36.6462
13.7671	14	36.4789
13.8479	14	36.3099
13.9288	14	36.1388
14.0096	14	35.9662
14.0904	14	35.792
14.1712	14	35.6159
14.252	14	35.4369
14.3328	14	35.2522
14.4136	14	35.0609
14.4944	14	34.8704
14.5752	14	34.6692
14.656	14	34.4877
14.7368	14	34.3001
14.8176	14	34.1049
14.8984	14	33.9008
14.9793	14	33.6857
15.0601	14	33.4569
15.1409	14	33.2108
15.2217	14	32.942
15.3025	14	32.6434
15.3833	14	32.3039
15.4641	14	31.924
15.5449	14	31.4959
15.6257	14	31.0608
15.7065	14	30.5485
15.7873	14	29.9187
15.8681	14	29.1676
15.949	14	28.3564
16.0298	14	27.47
16.1106	14	26.4816
16.1914	14	25.6636
16.2722	14	24.8919
16.353	14	24.3185
16.4338	14	23.9468
16.5146	14	23.7278
16.5954	14	23.573
16.6762	14	23.45
16.757	14	23.3335
16.8378	14	23.2158
16.9186	14	23.0954
16.9995	14	22.9718
8.99946	15	59.6328
9.08027	15	59.3204
9.16107	15	45.9709
9.24188	15	45.4164
9.32269	15	45.1582
9.4035	15	44.9688
9.48431	15	44.8028
9.56511	15	44.6463
9.64592	15	44.4941
9.72673	15	44.3437
9.80754	15	44.1941
9.88835	15	44.0449
9.96915	15	43.8956
10.05	15	43.7462
10.1308	15	43.5966
10.2116	15	43.4467
10.2924	15	43.2967
10.3732	15	43.1465
10.454	15	42.996
10.5348	15	42.8454
10.6156	15	42.6946
10.6964	15	42.5436
10.7772	15	42.3925
10.858	15	42.2413
10.9389	15	42.0899
11.0197	15	41.9385
11.1005	15	41.7869
11.1813	15	41.6352
11.2621	15	41.4834
11.3429	15	41.3314
11.4237	15	41.179
11.5045	15	41.0262
11.5853	15	40.8725
11.6661	15	40.718
11.7469	15	40.5625
11.8277	15	40.4063
11.9085	15	40.2498
11.9894	15	40.0934
12.0702	15	39.937
12.151	15	39.7804
12.2318	15	39.6235
12.3126	15	39.4662
12.3934	15	39.3086
12.4742	15	39.1507
12.555	15	38.9925
12.6358	15	38.8339
12.7166	15	38.6752
12.7974	15	38.5165
12.8782	15	38.3579
12.9591	15	38.1995
13.0399	15	38.0411
13.1207	15	37.8823
13.2015	15	37.7228
13.2823	15	37.5619
13.3631	15	37.3993
13.4439	15	37.2348
13.5247	15	37.0692
13.6055	15	36.9031
13.6863	15	36.7367
13.7671	15	36.5693
13.8479	15	36.4003
13.9288	15	36.2292
14.0096	15	36.0563
14.0904	15	35.8821
14.1712	15	35.7059
14.252	15	35.5273
14.3328	15	35.3436
14.4136	15	35.1516
14.4944	15	34.9603
14.5752	15	34.7713
14.656	15	34.5907
14.7368	15	34.4041
14.8176	15	34.2103
14.8984	15	34.0078
14.9793	15	33.7948
15.0601	15	33.5687
15.1409	15	33.326
15.2217	15	33.0618
15.3025	15	32.7697
15.3833	15	32.4373
15.4641	15	32.058
15.5449	15	31.6616
15.6257	15	31.2395
15.7065	15	30.7475
15.7873	15	30.1473
15.8681	15	29.3826
15.949	15	28.637
16.0298	15	27.766
16.1106	15	26.7681
16.1914	15	25.9216
16.2722	15	25.1167
16.353	15	24.4894
16.4338	15	24.0758
16.5146	15	23.8322
16.5954	15	23.6665
16.6762	15	23.5413
16.757	15	23.4257
16.8378	15	23.3099
16.9186	15	23.1914
16.9995	15	23.0698
8.99946	16	59.8276
9.08027	16	59.5162
9.16107	16	46.0726
9.24188	16	45.5188
9.32269	16	45.2611
9.4035	16	45.0721
9.48431	16	44.9063
9.56511	16	44.75
9.64592	16	44.5977
9.72673	16	44.4473
9.80754	16	44.2977
9.88835	16	44.1483
9.96915	16	43.9988
10.05	16	43.8492
10.1308	16	43.6993
10.2116	16	43.5492
10.2924	16	43.3989
10.3732	16	43.2483
10.454	16	43.0976
10.5348	16	42.9466
10.6156	16	42.7955
10.6964	16	42.6442
10.7772	16	42.4927
10.858	16	42.3411
10.9389	16	42.1894
11.0197	16	42.0376
11.1005	16	41.8857
11.1813	16	41.7337
11.2621	16	41.5815
11.3429	16	41.4292
11.4237	16	41.2766
11.5045	16	41.1236
11.5853	16	40.9699
11.6661	16	40.8152
11.7469	16	40.6596
11.8277	16	40.5032
11.9085	16	40.3463
11.9894	16	40.1895
12.0702	16	40.0327
12.151	16	39.8758
12.2318	16	39.7186
12.3126	16	39.5611
12.3934	16	39.4032
12.4742	16	39.245
12.555	16	39.0865
12.6358	16	38.9276
12.7166	16	38.7684
12.7974	16	38.6093
12.8782	16	38.4504
12.9591	16	38.2916
13.0399	16	38.1328
13.1207	16	37.9738
13.2015	16	37.8142
13.2823	16	37.6534
13.3631	16	37.4907
13.4439	16	37.3262
13.5247	16	37.1604
13.6055	16	36.9939
13.6863	16	36.8272
13.7671	16	36.6597
13.8479	16	36.4907
13.9288	16	36.3195
14.0096	16	36.1465
14.0904	16	35.9722
14.1712	16	35.7959
14.252	16	35.6177
14.3328	16	35.435
14.4136	16	35.243
14.4944	16	35.0481
14.5752	16	34.8732
14.656	16	34.6934
14.7368	16	34.5078
14.8176	16	34.3152
14.8984	16	34.1143
14.9793	16	33.9032
15.0601	16	33.6796
15.1409	16	33.4403
15.2217	16	33.1803
15.3025	16	32.8936
15.3833	16	32.5722
15.4641	16	32.1852
15.5449	16	31.8239
15.6257	16	31.4136
15.7065	16	30.9392
15.7873	16	30.3682
15.8681	16	29.6374
15.949	16	28.9118
16.0298	16	28.0621
16.1106	16	27.0629
16.1914	16	26.1851
16.2722	16	25.3563
16.353	16	24.6725
16.4338	16	24.2138
16.5146	16	23.9401
16.5954	16	23.7605
16.6762	16	23.6319
16.757	16	23.5168
16.8378	16	23.4025
16.9186	16	23.286
16.9995	16	23.1664
8.99946	17	60.0207
9.08027	17	59.71
9.16107	17	46.1726
9.24188	17	45.6197
9.32269	17	45.3627
9.4035	17	45.174
9.48431	17	45.0086
9.56511	17	44.8524
9.64592	17	44.7002
9.72673	17	44.5498
9.80754	17	44.4001
9.88835	17	44.2506
9.96915	17	44.1009
10.05	17	43.9511
10.1308	17	43.801
10.2116	17	43.6506
10.2924	17	43.5
10.3732	17	43.3491
10.454	17	43.1981
10.5348	17	43.0468
10.6156	17	42.8953
10.6964	17	42.7437
10.7772	17	42.5919
10.858	17	42.4399
10.9389	17	42.2879
11.0197	17	42.1357
11.1005	17	41.9834
11.1813	17	41.831
11.2621	17	41.6785
11.3429	17	41.5259
11.4237	17	41.3731
11.5045	17	41.2199
11.5853	17	41.0661
11.6661	17	40.9114
11.7469	17	40.7556
11.8277	17	40.599
11.9085	17	40.4418
11.9894	17	40.2845
12.0702	17	40.1273
12.151	17	39.9702
12.2318	17	39.8127
12.3126	17	39.6548
12.3934	17	39.4966
12.4742	17	39.3382
12.555	17	39.1794
12.6358	17	39.0201
12.7166	17	38.8606
12.7974	17	38.7011
12.8782	17	38.5417
12.9591	17	38.3825
13.0399	17	38.2234
13.1207	17	38.0642
13.2015	17	37.9045
13.2823	17	37.7436
13.3631	17	37.5811
13.4439	17	37.4165
13.5247	17	37.2503
13.6055	17	37.0835
13.6863	17	36.9165
13.7671	17	36.7489
13.8479	17	36.58
13.9288	17	36.4087
14.0096	17	36.2355
14.0904	17	36.0611
14.1712	17	35.8847
14.252	17	35.7065
14.3328	17	35.5256
14.4136	17	35.3313
14.4944	17	35.148
14.5752	17	34.9737
14.656	17	34.7946
14.7368	17	34.6099
14.8176	17	34.4186
14.8984	17	34.2191
14.9793	17	34.0098
15.0601	17	33.7885
15.1409	17	33.5524
15.2217	17	33.2965
15.3025	17	33.0144
15.3833	17	32.7019
15.4641	17	32.3344
15.5449	17	31.982
15.6257	17	31.5825
15.7065	17	31.1231
15.7873	17	30.5793
15.8681	17	29.8855
15.949	17	29.1788
16.0298	17	28.3536
16.1106	17	27.3668
16.1914	17	26.4501
16.2722	17	25.6089
16.353	17	24.8711
16.4338	17	24.3514
16.5146	17	24.0517
16.5954	17	23.8545
16.6762	17	23.7207
16.757	17	23.6055
16.8378	17	23.4928
16.9186	17	23.3781
16.9995	17	23.2604
8.99946	18	60.2111
9.08027	18	59.9022
9.16107	18	46.2714
9.24188	18	45.7195
9.32269	18	45.4632
9.4035	18	45.275
9.48431	18	45.1099
9.56511	18	44.954
9.64592	18	44.8019
9.72673	18	44.6515
9.80754	18	44.5018
9.88835	18	44.3521
9.96915	18	44.2023
10.05	18	44.0522
10.1308	18	43.9019
10.2116	18	43.7513
10.2924	18	43.6004
10.3732	18	43.4493
10.454	18	43.2979
10.5348	18	43.1462
10.6156	18	42.9944
10.6964	18	42.8425
10.7772	18	42.6903
10.858	18	42.538
10.9389	18	42.3856
11.0197	18	42.2331
11.1005	18	42.0804
11.1813	18	41.9277
11.2621	18	41.7748
11.3429	18	41.6219
11.4237	18	41.4688
11.5045	18	41.3153
11.5853	18	41.1614
11.6661	18	41.0067
11.7469	18	40.8509
11.8277	18	40.6941
11.9085	18	40.5365
11.9894	18	40.3788
12.0702	18	40.2212
12.151	18	40.0637
12.2318	18	39.906
12.3126	18	39.7479
12.3934	18	39.5894
12.4742	18	39.4306
12.555	18	39.2715
12.6358	18	39.112
12.7166	18	38.9521
12.7974	18	38.7922
12.8782	18	38.6324
12.9591	18	38.4727
13.0399	18	38.3132
13.1207	18	38.1537
13.2015	18	37.9938
13.2823	18	37.833
13.3631	18	37.6705
13.4439	18	37.5059
13.5247	18	37.3396
13.6055	18	37.1724
13.6863	18	37.005
13.7671	18	36.8373
13.8479	18	36.6684
13.9288	18	36.4972
14.0096	18	36.3237
14.0904	18	36.1492
14.1712	18	35.9728
14.252	18	35.7939
14.3328	18	35.6162
14.4136	18	35.4165
14.4944	18	35.2468
14.5752	18	35.0732
14.656	18	34.8948
14.7368	18	34.7109
14.8176	18	34.5206
14.8984	18	34.3226
14.9793	18	34.1151
15.0601	18	33.8959
15.1409	18	33.6626
15.2217	18	33.411
15.3025	18	33.1331
15.3833	18	32.8264
15.4641	18	32.4802
15.5449	18	32.1363
15.6257	18	31.7473
15.7065	18	31.3003
15.7873	18	30.7801
15.8681	18	30.1274
15.949	18	29.4391
16.0298	18	28.6353
16.1106	18	27.6845
16.1914	18	26.7133
16.2722	18	25.8742
16.353	18	25.0844
16.4338	18	24.5068
16.5146	18	24.1682
16.5954	18	23.9493
16.6762	18	23.8082
16.757	18	23.6923
16.8378	18	23.5808
16.9186	18	23.4678
16.9995	18	23.352
8.99946	19	60.4031
9.08027	19	60.0965
9.16107	19	46.3705
9.24188	19	45.8198
9.32269	19	45.5643
9.4035	19	45.3767
9.48431	19	45.212
9.56511	19	45.0563
9.64592	19	44.9045
9.72673	19	44.7541
9.80754	19	44.6043
9.88835	19	44.4546
9.96915	19	44.3046
10.05	19	44.1544
10.1308	19	44.0039
10.2116	19	43.853
10.2924	19	43.7018
10.3732	19	43.5504
10.454	19	43.3987
10.5348	19	43.2467
10.6156	19	43.0946
10.6964	19	42.9423
10.7772	19	42.7898
10.858	19	42.6372
10.9389	19	42.4844
11.0197	19	42.3315
11.1005	19	42.1785
11.1813	19	42.0254
11.2621	19	41.8722
11.3429	19	41.7189
11.4237	19	41.5654
11.5045	19	41.4118
11.5853	19	41.2577
11.6661	19	41.1029
11.7469	19	40.9471
11.8277	19	40.7902
11.9085	19	40.6323
11.9894	19	40.4742
12.0702	19	40.3162
12.151	19	40.1583
12.2318	19	40.0003
12.3126	19	39.8419
12.3934	19	39.6831
12.4742	19	39.524
12.555	19	39.3646
12.6358	19	39.2048
12.7166	19	39.0446
12.7974	19	38.8843
12.8782	19	38.724
12.9591	19	38.564
13.0399	19	38.4041
13.1207	19	38.2442
13.2015	19	38.0841
13.2823	19	37.9233
13.3631	19	37.7609
13.4439	19	37.5964
13.5247	19	37.4298
13.6055	19	37.2623
13.6863	19	37.0945
13.7671	19	36.9266
13.8479	19	36.7577
13.9288	19	36.5865
14.0096	19	36.4128
14.0904	19	36.2382
14.1712	19	36.062
14.252	19	35.8819
14.3328	19	35.7062
14.4136	19	35.5158
14.4944	19	35.3464
14.5752	19	35.1733
14.656	19	34.9956
14.7368	19	34.8125
14.8176	19	34.6233
14.8984	19	34.4265
14.9793	19	34.2207
15.0601	19	34.0036
15.1409	19	33.7727
15.2217	19	33.5251
15.3025	19	33.2523
15.3833	19	32.9471
15.4641	19	32.6246
15.5449	19	32.2887
15.6257	19	31.9101
15.7065	19	31.4742
15.7873	19	30.9715
15.8681	19	30.3642
15.949	19	29.697
16.0298	19	28.9056
16.1106	19	28.006
16.1914	19	27.0241
16.2722	19	26.1533
16.353	19	25.3156
16.4338	19	24.6773
16.5146	19	24.2934
16.5954	19	24.0484
16.6762	19	23.8972
16.757	19	23.7796
16.8378	19	23.6692
16.9186	19	23.558
16.9995	19	23.4441
8.99946	20	60.5923
9.08027	20	60.2886
9.16107	20	46.4677
9.24188	20	45.9183
9.32269	20	45.6638
9.4035	20	45.4769
9.48431	20	45.3127
9.56511	20	45.1574
9.64592	20	45.0057
9.72673	20	44.8555
9.80754	20	44.7057
9.88835	20	44.5559
9.96915	20	44.4058
10.05	20	44.2554
10.1308	20	44.1047
10.2116	20	43.9536
10.2924	20	43.8021
10.3732	20	43.6504
10.454	20	43.4984
10.5348	20	43.3461
10.6156	20	43.1937
10.6964	20	43.041
10.7772	20	42.8882
10.858	20	42.7352
10.9389	20	42.582
11.0197	20	42.4288
11.1005	20	42.2754
11.1813	20	42.122
11.2621	20	41.9684
11.3429	20	41.8147
11.4237	20	41.661
11.5045	20	41.507
11.5853	20	41.3528
11.6661	20	41.1979
11.7469	20	41.0421
11.8277	20	40.8851
11.9085	20	40.727
11.9894	20	40.5684
12.0702	20	40.4099
12.151	20	40.2517
12.2318	20	40.0934
12.3126	20	39.9347
12.3934	20	39.7756
12.4742	20	39.6162
12.555	20	39.4566
12.6358	20	39.2965
12.7166	20	39.136
12.7974	20	38.9752
12.8782	20	38.8145
12.9591	20	38.654
13.0399	20	38.4937
13.1207	20	38.3335
13.2015	20	38.1732
13.2823	20	38.0123
13.3631	20	37.85
13.4439	20	37.6856
13.5247	20	37.5189
13.6055	20	37.351
13.6863	20	37.1828
13.7671	20	37.0146
13.8479	20	36.8457
13.9288	20	36.6747
14.0096	20	36.5007
14.0904	20	36.3258
14.1712	20	36.1502
14.252	20	35.9686
14.3328	20	35.7931
14.4136	20	35.6137
14.4944	20	35.4446
14.5752	20	35.272
14.656	20	35.0949
14.7368	20	34.9126
14.8176	20	34.7243
14.8984	20	34.5288
14.9793	20	34.3245
15.0601	20	34.1094
15.1409	20	33.8809
15.2217	20	33.6363
15.3025	20	33.3713
15.3833	20	33.0609
15.4641	20	32.7657
15.5449	20	32.437
15.6257	20	32.0686
15.7065	20	31.6445
15.7873	20	31.1509
15.8681	20	30.5909
15.949	20	29.955
16.0298	20	29.1579
16.1106	20	28.3267
16.1914	20	27.3421
16.2722	20	26.4421
16.353	20	25.5624
16.4338	20	24.8627
16.5146	20	24.4264
16.5954	20	24.15
16.6762	20	23.9854
16.757	20	23.865
16.8378	20	23.7553
16.9186	20	23.6457
16.9995	20	23.5336
8.99946	21	60.7782
9.08027	21	60.4788
9.16107	21	46.5631
9.24188	21	46.0152
9.32269	21	45.7618
9.4035	21	45.5758
9.48431	21	45.4122
9.56511	21	45.2572
9.64592	21	45.1058
9.72673	21	44.9557
9.80754	21	44.806
9.88835	21	44.6561
9.96915	21	44.506
10.05	21	44.3554
10.1308	21	44.2045
10.2116	21	44.0532
10.2924	21	43.9015
10.3732	21	43.7495
10.454	21	43.5971
10.5348	21	43.4446
10.6156	21	43.2918
10.6964	21	43.1388
10.7772	21	42.9856
10.858	21	42.8322
10.9389	21	42.6788
11.0197	21	42.5251
11.1005	21	42.3714
11.1813	21	42.2176
11.2621	21	42.0636
11.3429	21	41.9096
11.4237	21	41.7555
11.5045	21	41.6013
11.5853	21	41.4468
11.6661	21	41.2918
11.7469	21	41.136
11.8277	21	40.9789
11.9085	21	40.8207
11.9894	21	40.6618
12.0702	21	40.5028
12.151	21	40.3441
12.2318	21	40.1855
12.3126	21	40.0266
12.3934	21	39.8672
12.4742	21	39.7074
12.555	21	39.5475
12.6358	21	39.3872
12.7166	21	39.2263
12.7974	21	39.0652
12.8782	21	38.9041
12.9591	21	38.7431
13.0399	21	38.5824
13.1207	21	38.4218
13.2015	21	38.2612
13.2823	21	38.1002
13.3631	21	37.938
13.4439	21	37.7737
13.5247	21	37.6069
13.6055	21	37.4387
13.6863	21	37.2701
13.7671	21	37.1016
13.8479	21	36.9326
13.9288	21	36.7619
14.0096	21	36.5876
14.0904	21	36.4121
14.1712	21	36.2375
14.252	21	36.0546
14.3328	21	35.8768
14.4136	21	35.7104
14.4944	21	35.5416
14.5752	21	35.3694
14.656	21	35.1929
14.7368	21	35.0113
14.8176	21	34.8239
14.8984	21	34.6296
14.9793	21	34.4268
15.0601	21	34.2136
15.1409	21	33.9874
15.2217	21	33.7451
15.3025	21	33.4856
15.3833	21	33.1923
15.4641	21	32.9037
15.5449	21	32.5819
15.6257	21	32.2216
15.7065	21	31.8143
15.7873	21	31.3177
15.8681	21	30.8082
15.949	21	30.2013
16.0298	21	29.444
16.1106	21	28.644
16.1914	21	27.6673
16.2722	21	26.739
16.353	21	25.8242
16.4338	21	25.0657
16.5146	21	24.5689
16.5954	21	24.256
16.6762	21	24.0737
16.757	21	23.9487
16.8378	21	23.8393
16.9186	21	23.7312
16.9995	21	23.6209
8.99946	22	60.9622
9.08027	22	60.6686
9.16107	22	46.658
9.24188	22	46.1119
9.32269	22	45.8598
9.4035	22	45.6747
9.48431	22	45.5118
9.56511	22	45.3573
9.64592	22	45.2062
9.72673	22	45.0563
9.80754	22	44.9066
9.88835	22	44.7568
9.96915	22	44.6066
10.05	22	44.4559
10.1308	22	44.3048
10.2116	22	44.1532
10.2924	22	44.0013
10.3732	22	43.849
10.454	22	43.6964
10.5348	22	43.5435
10.6156	22	43.3904
10.6964	22	43.2371
10.7772	22	43.0835
10.858	22	42.9298
10.9389	22	42.776
11.0197	22	42.622
11.1005	22	42.4679
11.1813	22	42.3137
11.2621	22	42.1594
11.3429	22	42.005
11.4237	22	41.8506
11.5045	22	41.696
11.5853	22	41.5412
11.6661	22	41.3861
11.7469	22	41.2302
11.8277	22	41.0732
11.9085	22	40.9149
11.9894	22	40.7556
12.0702	22	40.5961
12.151	22	40.437
12.2318	22	40.2781
12.3126	22	40.119
12.3934	22	39.9592
12.4742	22	39.7991
12.555	22	39.6389
12.6358	22	39.4784
12.7166	22	39.3172
12.7974	22	39.1556
12.8782	22	38.9941
12.9591	22	38.8327
13.0399	22	38.6716
13.1207	22	38.5106
13.2015	22	38.3496
13.2823	22	38.1885
13.3631	22	38.0264
13.4439	22	37.8622
13.5247	22	37.6954
13.6055	22	37.5268
13.6863	22	37.3578
13.7671	22	37.1889
13.8479	22	37.0198
13.9288	22	36.8494
14.0096	22	36.6751
14.0904	22	36.4984
14.1712	22	36.326
14.252	22	36.1388
14.3328	22	35.9739
14.4136	22	35.8074
14.4944	22	35.6388
14.5752	22	35.4671
14.656	22	35.2911
14.7368	22	35.1101
14.8176	22	34.9236
14.8984	22	34.7303
14.9793	22	34.5289
15.0601	22	34.3175
15.1409	22	34.0937
15.2217	22	33.8539
15.3025	22	33.5962
15.3833	22	33.3222
15.4641	22	33.0398
15.5449	22	32.7254
15.6257	22	32.3717
15.7065	22	31.977
15.7873	22	31.5112
15.8681	22	31.0185
15.949	22	30.4377
16.0298	22	29.7197
16.1106	22	28.9551
16.1914	22	28.0014
16.2722	22	27.0438
16.353	22	26.1004
16.4338	22	25.2911
16.5146	22	24.7239
16.5954	22	24.3693
16.6762	22	24.1644
16.757	22	24.0326
16.8378	22	23.9228
16.9186	22	23.8161
16.9995	22	23.7075
8.99946	23	61.141
9.08027	23	60.8553
9.16107	23	46.7503
9.24188	23	46.2062
9.32269	23	45.9556
9.4035	23	45.7716
9.48431	23	45.6095
9.56511	23	45.4556
9.64592	23	45.3048
9.72673	23	45.1552
9.80754	23	45.0056
9.88835	23	44.8558
9.96915	23	44.7056
10.05	23	44.5548
10.1308	23	44.4035
10.2116	23	44.2518
10.2924	23	44.0996
10.3732	23	43.947
10.454	23	43.7941
10.5348	23	43.641
10.6156	23	43.4875
10.6964	23	43.3338
10.7772	23	43.18
10.858	23	43.0259
10.9389	23	42.8717
11.0197	23	42.7174
11.1005	23	42.5629
11.1813	23	42.4083
11.2621	23	42.2537
11.3429	23	42.0989
11.4237	23	41.9441
11.5045	23	41.7891
11.5853	23	41.6341
11.6661	23	41.4787
11.7469	23	41.3228
11.8277	23	41.1659
11.9085	23	41.0076
11.9894	23	40.848
12.0702	23	40.688
12.151	23	40.5283
12.2318	23	40.3691
12.3126	23	40.2097
12.3934	23	40.0497
12.4742	23	39.8892
12.555	23	39.7287
12.6358	23	39.5679
12.7166	23	39.4065
12.7974	23	39.2446
12.8782	23	39.0826
12.9591	23	38.9208
13.0399	23	38.7592
13.1207	23	38.5978
13.2015	23	38.4365
13.2823	23	38.2751
13.3631	23	38.113
13.4439	23	37.9491
13.5247	23	37.7823
13.6055	23	37.6134
13.6863	23	37.444
13.7671	23	37.2747
13.8479	23	37.1053
13.9288	23	36.9351
14.0096	23	36.7613
14.0904	23	36.5829
14.1712	23	36.411
14.252	23	36.2346
14.3328	23	36.0695
14.4136	23	35.9028
14.4944	23	35.7342
14.5752	23	35.5629
14.656	23	35.3874
14.7368	23	35.2071
14.8176	23	35.0213
14.8984	23	34.8291
14.9793	23	34.629
15.0601	23	34.4194
15.1409	23	34.1973
15.2217	23	33.9618
15.3025	23	33.7004
15.3833	23	33.4486
15.4641	23	33.1722
15.5449	23	32.8653
15.6257	23	32.5186
15.7065	23	32.1296
15.7873	23	31.6985
15.8681	23	31.2209
15.949	23	30.662
16.0298	23	29.9838
16.1106	23	29.252
16.1914	23	28.3434
16.2722	23	27.3538
16.353	23	26.3843
16.4338	23	25.5405
16.5146	23	24.8909
16.5954	23	24.4901
16.6762	23	24.2564
16.757	23	24.1149
16.8378	23	24.004
16.9186	23	23.8984
16.9995	23	23.7915
8.99946	24	61.3136
9.08027	24	61.0389
9.16107	24	46.8409
9.24188	24	46.2992
9.32269	24	46.0503
9.4035	24	45.8676
9.48431	24	45.7064
9.56511	24	45.5531
9.64592	24	45.4029
9.72673	24	45.2535
9.80754	24	45.1041
9.88835	24	44.9544
9.96915	24	44.8041
10.05	24	44.6532
10.1308	24	44.5018
10.2116	24	44.3499
10.2924	24	44.1975
10.3732	24	44.0447
10.454	24	43.8915
10.5348	24	43.738
10.6156	24	43.5843
10.6964	24	43.4303
10.7772	24	43.2761
10.858	24	43.1217
10.9389	24	42.9671
11.0197	24	42.8124
11.1005	24	42.6576
11.1813	24	42.5026
11.2621	24	42.3476
11.3429	24	42.1924
11.4237	24	42.0372
11.5045	24	41.8819
11.5853	24	41.7265
11.6661	24	41.5709
11.7469	24	41.4149
11.8277	24	41.258
11.9085	24	41.0998
11.9894	24	40.9401
12.0702	24	40.7796
12.151	24	40.6192
12.2318	24	40.4596
12.3126	24	40.3001
12.3934	24	40.1398
12.4742	24	39.979
12.555	24	39.8181
12.6358	24	39.6571
12.7166	24	39.4955
12.7974	24	39.3331
12.8782	24	39.1707
12.9591	24	39.0084
13.0399	24	38.8464
13.1207	24	38.6846
13.2015	24	38.5229
13.2823	24	38.3612
13.3631	24	38.1991
13.4439	24	38.0354
13.5247	24	37.8688
13.6055	24	37.6996
13.6863	24	37.5298
13.7671	24	37.36
13.8479	24	37.1903
13.9288	24	37.0203
14.0096	24	36.8472
14.0904	24	36.6675
14.1712	24	36.4931
14.252	24	36.33
14.3328	24	36.1647
14.4136	24	35.9977
14.4944	24	35.8291
14.5752	24	35.658
14.656	24	35.4831
14.7368	24	35.3034
14.8176	24	35.1183
14.8984	24	34.9271
14.9793	24	34.7281
15.0601	24	34.5202
15.1409	24	34.3002
15.2217	24	34.0657
15.3025	24	33.8199
15.3833	24	33.5727
15.4641	24	33.3022
15.5449	24	33.0015
15.6257	24	32.6663
15.7065	24	32.2723
15.7873	24	31.8804
15.8681	24	31.4186
15.949	24	30.8744
16.0298	24	30.2394
16.1106	24	29.5337
16.1914	24	28.6782
16.2722	24	27.71
16.353	24	26.7166
16.4338	24	25.813
16.5146	24	25.0876
16.5954	24	24.6216
16.6762	24	24.3522
16.757	24	24.197
16.8378	24	24.0838
16.9186	24	23.9792
16.9995	24	23.8738
8.99946	25	61.4784
9.08027	25	61.2193
9.16107	25	46.9303
9.24188	25	46.3914
9.32269	25	46.1445
9.4035	25	45.9632
9.48431	25	45.803
9.56511	25	45.6505
9.64592	25	45.5008
9.72673	25	45.3518
9.80754	25	45.2027
9.88835	25	45.0531
9.96915	25	44.9028
10.05	25	44.7519
10.1308	25	44.6003
10.2116	25	44.4482
10.2924	25	44.2956
10.3732	25	44.1426
10.454	25	43.9891
10.5348	25	43.8353
10.6156	25	43.6813
10.6964	25	43.5269
10.7772	25	43.3724
10.858	25	43.2176
10.9389	25	43.0627
11.0197	25	42.9076
11.1005	25	42.7524
11.1813	25	42.5971
11.2621	25	42.4417
11.3429	25	42.2862
11.4237	25	42.1306
11.5045	25	41.975
11.5853	25	41.8192
11.6661	25	41.6633
11.7469	25	41.5071
11.8277	25	41.3502
11.9085	25	41.1921
11.9894	25	41.0323
12.0702	25	40.8714
12.151	25	40.7105
12.2318	25	40.5503
12.3126	25	40.3906
12.3934	25	40.2302
12.4742	25	40.0689
12.555	25	39.9076
12.6358	25	39.7464
12.7166	25	39.5846
12.7974	25	39.4219
12.8782	25	39.259
12.9591	25	39.0963
13.0399	25	38.9338
13.1207	25	38.7716
13.2015	25	38.6095
13.2823	25	38.4475
13.3631	25	38.2853
13.4439	25	38.1218
13.5247	25	37.9555
13.6055	25	37.786
13.6863	25	37.6158
13.7671	25	37.4455
13.8479	25	37.2755
13.9288	25	37.1051
14.0096	25	36.9342
14.0904	25	36.7497
14.1712	25	36.5886
14.252	25	36.4255
14.3328	25	36.2601
14.4136	25	36.0927
14.4944	25	35.9239
14.5752	25	35.7531
14.656	25	35.5788
14.7368	25	35.3996
14.8176	25	35.2152
14.8984	25	35.0248
14.9793	25	34.827
15.0601	25	34.6202
15.1409	25	34.4041
15.2217	25	34.1658
15.3025	25	33.9382
15.3833	25	33.6949
15.4641	25	33.4308
15.5449	25	33.1356
15.6257	25	32.8087
15.7065	25	32.4353
15.7873	25	32.0557
15.8681	25	31.6159
15.949	25	31.0732
16.0298	25	30.4907
16.1106	25	29.799
16.1914	25	29.0025
16.2722	25	28.0692
16.353	25	27.066
16.4338	25	26.1086
16.5146	25	25.3093
16.5954	25	24.7672
16.6762	25	24.4538
16.757	25	24.2806
16.8378	25	24.1631
16.9186	25	24.059
16.9995	25	23.9551
8.99946	26	61.6314
9.08027	26	61.3956
9.16107	26	47.0184
9.24188	26	46.4828
9.32269	26	46.2381
9.4035	26	46.0585
9.48431	26	45.8995
9.56511	26	45.7479
9.64592	26	45.5989
9.72673	26	45.4503
9.80754	26	45.3015
9.88835	26	45.152
9.96915	26	45.0018
10.05	26	44.8508
10.1308	26	44.6992
10.2116	26	44.5469
10.2924	26	44.3941
10.3732	26	44.2408
10.454	26	44.0871
10.5348	26	43.9331
10.6156	26	43.7787
10.6964	26	43.624
10.7772	26	43.4691
10.858	26	43.314
10.9389	26	43.1588
11.0197	26	43.0033
11.1005	26	42.8478
11.1813	26	42.6921
11.2621	26	42.5363
11.3429	26	42.3804
11.4237	26	42.2244
11.5045	26	42.0684
11.5853	26	41.9123
11.6661	26	41.7561
11.7469	26	41.5996
11.8277	26	41.4427
11.9085	26	41.2847
11.9894	26	41.125
12.0702	26	40.9638
12.151	26	40.8022
12.2318	26	40.6414
12.3126	26	40.4814
12.3934	26	40.3209
12.4742	26	40.1593
12.555	26	39.9975
12.6358	26	39.836
12.7166	26	39.6741
12.7974	26	39.5112
12.8782	26	39.3478
12.9591	26	39.1846
13.0399	26	39.0217
13.1207	26	38.859
13.2015	26	38.6964
13.2823	26	38.5341
13.3631	26	38.3717
13.4439	26	38.2084
13.5247	26	38.0425
13.6055	26	37.8728
13.6863	26	37.7022
13.7671	26	37.5314
13.8479	26	37.361
13.9288	26	37.1903
14.0096	26	37.0194
14.0904	26	36.8456
14.1712	26	36.6844
14.252	26	36.5213
14.3328	26	36.3559
14.4136	26	36.1882
14.4944	26	36.019
14.5752	26	35.8484
14.656	26	35.6746
14.7368	26	35.4959
14.8176	26	35.3121
14.8984	26	35.1226
14.9793	26	34.926
15.0601	26	34.7203
15.1409	26	34.505
15.2217	26	34.2806
15.3025	26	34.0557
15.3833	26	33.8156
15.4641	26	33.5577
15.5449	26	33.269
15.6257	26	32.9454
15.7065	26	32.5953
15.7873	26	32.2257
15.8681	26	31.8045
15.949	26	31.2935
16.0298	26	30.7436
16.1106	26	30.0474
16.1914	26	29.3132
16.2722	26	28.4258
16.353	26	27.4311
16.4338	26	26.4249
16.5146	26	25.56
16.5954	26	24.93
16.6762	26	24.5635
16.757	26	24.3664
16.8378	26	24.2423
16.9186	26	24.1383
16.9995	26	24.0356
8.99946	27	61.7655
9.08027	27	61.5658
9.16107	27	47.1042
9.24188	27	46.5725
9.32269	27	46.3305
9.4035	27	46.1528
9.48431	27	45.9952
9.56511	27	45.8446
9.64592	27	45.6963
9.72673	27	45.5483
9.80754	27	45.3997
9.88835	27	45.2505
9.96915	27	45.1004
10.05	27	44.9494
10.1308	27	44.7977
10.2116	27	44.6453
10.2924	27	44.4923
10.3732	27	44.3388
10.454	27	44.1849
10.5348	27	44.0305
10.6156	27	43.8758
10.6964	27	43.7208
10.7772	27	43.5656
10.858	27	43.4102
10.9389	27	43.2545
11.0197	27	43.0988
11.1005	27	42.9428
11.1813	27	42.7868
11.2621	27	42.6306
11.3429	27	42.4743
11.4237	27	42.318
11.5045	27	42.1616
11.5853	27	42.0051
11.6661	27	41.8485
11.7469	27	41.6918
11.8277	27	41.5347
11.9085	27	41.3768
11.9894	27	41.2173
12.0702	27	41.056
12.151	27	40.8937
12.2318	27	40.7322
12.3126	27	40.5718
12.3934	27	40.4113
12.4742	27	40.2495
12.555	27	40.0871
12.6358	27	39.9252
12.7166	27	39.7633
12.7974	27	39.6001
12.8782	27	39.4362
12.9591	27	39.2726
13.0399	27	39.1093
13.1207	27	38.9461
13.2015	27	38.7831
13.2823	27	38.6203
13.3631	27	38.4577
13.4439	27	38.2944
13.5247	27	38.1291
13.6055	27	37.9592
13.6863	27	37.7882
13.7671	27	37.617
13.8479	27	37.4461
13.9288	27	37.2755
14.0096	27	37.1018
14.0904	27	36.9412
14.1712	27	36.7797
14.252	27	36.6167
14.3328	27	36.4514
14.4136	27	36.2834
14.4944	27	36.1137
14.5752	27	35.943
14.656	27	35.7698
14.7368	27	35.5917
14.8176	27	35.4083
14.8984	27	35.2197
14.9793	27	35.0238
15.0601	27	34.8209
15.1409	27	34.6017
15.2217	27	34.3939
15.3025	27	34.1721
15.3833	27	33.9345
15.4641	27	33.6811
15.5449	27	33.4033
15.6257	27	33.0745
15.7065	27	32.7523
15.7873	27	32.3908
15.8681	27	31.9844
15.949	27	31.5029
16.0298	27	30.9852
16.1106	27	30.325
16.1914	27	29.6081
16.2722	27	28.7712
16.353	27	27.8103
16.4338	27	26.7579
16.5146	27	25.8379
16.5954	27	25.1233
16.6762	27	24.6869
16.757	27	24.4551
16.8378	27	24.3209
16.9186	27	24.2162
16.9995	27	24.1146
8.99946	28	61.87
9.08027	28	61.7279
9.16107	28	47.1874
9.24188	28	46.6604
9.32269	28	46.4216
9.4035	28	46.246
9.48431	28	46.09
9.56511	28	45.9406
9.64592	28	45.7932
9.72673	28	45.6457
9.80754	28	45.4976
9.88835	28	45.3486
9.96915	28	45.1987
10.05	28	45.0478
10.1308	28	44.896
10.2116	28	44.7435
10.2924	28	44.5904
10.3732	28	44.4366
10.454	28	44.2824
10.5348	28	44.1278
10.6156	28	43.9728
10.6964	28	43.8175
10.7772	28	43.662
10.858	28	43.5062
10.9389	28	43.3502
11.0197	28	43.194
11.1005	28	43.0377
11.1813	28	42.8813
11.2621	28	42.7248
11.3429	28	42.5681
11.4237	28	42.4114
11.5045	28	42.2546
11.5853	28	42.0977
11.6661	28	41.9408
11.7469	28	41.7838
11.8277	28	41.6265
11.9085	28	41.4686
11.9894	28	41.3093
12.0702	28	41.148
12.151	28	40.9853
12.2318	28	40.8229
12.3126	28	40.662
12.3934	28	40.5015
12.4742	28	40.3396
12.555	28	40.1766
12.6358	28	40.0142
12.7166	28	39.8522
12.7974	28	39.6889
12.8782	28	39.5246
12.9591	28	39.3605
13.0399	28	39.1967
13.1207	28	39.033
13.2015	28	38.8696
13.2823	28	38.7064
13.3631	28	38.5434
13.4439	28	38.38
13.5247	28	38.2155
13.6055	28	38.0455
13.6863	28	37.8742
13.7671	28	37.7023
13.8479	28	37.5315
13.9288	28	37.358
14.0096	28	37.1977
14.0904	28	37.0367
14.1712	28	36.8748
14.252	28	36.7118
14.3328	28	36.5467
14.4136	28	36.3786
14.4944	28	36.2083
14.5752	28	36.0372
14.656	28	35.8645
14.7368	28	35.6871
14.8176	28	35.504
14.8984	28	35.3163
14.9793	28	35.1214
15.0601	28	34.9183
15.1409	28	34.711
15.2217	28	34.506
15.3025	28	34.2873
15.3833	28	34.0522
15.4641	28	33.8015
15.5449	28	33.533
15.6257	28	33.2205
15.7065	28	32.9064
15.7873	28	32.5529
15.8681	28	32.1556
15.949	28	31.7038
16.0298	28	31.2112
16.1106	28	30.6016
16.1914	28	29.8864
16.2722	28	29.1034
16.353	28	28.183
16.4338	28	27.1497
16.5146	28	26.1429
16.5954	28	25.3448
16.6762	28	24.8263
16.757	28	24.5485
16.8378	28	24.3997
16.9186	28	24.293
16.9995	28	24.1924
8.99946	29	61.926
9.08027	29	61.8779
9.16107	29	47.2666
9.24188	29	46.7455
9.32269	29	46.5103
9.4035	29	46.3373
9.48431	29	46.1831
9.56511	29	46.0351
9.64592	29	45.8886
9.72673	29	45.7419
9.80754	29	45.5943
9.88835	29	45.4456
9.96915	29	45.2958
10.05	29	45.145
10.1308	29	44.9932
10.2116	29	44.8406
10.2924	29	44.6873
10.3732	29	44.5334
10.454	29	44.379
10.5348	29	44.2241
10.6156	29	44.0688
10.6964	29	43.9132
10.7772	29	43.7573
10.858	29	43.6012
10.9389	29	43.4449
11.0197	29	43.2883
11.1005	29	43.1317
11.1813	29	42.9749
11.2621	29	42.8179
11.3429	29	42.6609
11.4237	29	42.5038
11.5045	29	42.3466
11.5853	29	42.1894
11.6661	29	42.0321
11.7469	29	41.8747
11.8277	29	41.7172
11.9085	29	41.5592
11.9894	29	41.4002
12.0702	29	41.2391
12.151	29	41.076
12.2318	29	40.9126
12.3126	29	40.751
12.3934	29	40.5905
12.4742	29	40.4286
12.555	29	40.2651
12.6358	29	40.1021
12.7166	29	39.94
12.7974	29	39.7767
12.8782	29	39.6119
12.9591	29	39.4473
13.0399	29	39.283
13.1207	29	39.1189
13.2015	29	38.9551
13.2823	29	38.7914
13.3631	29	38.6282
13.4439	29	38.4643
13.5247	29	38.3008
13.6055	29	38.1307
13.6863	29	37.959
13.7671	29	37.7871
13.8479	29	37.613
13.9288	29	37.4533
14.0096	29	37.2927
14.0904	29	37.1311
14.1712	29	36.9689
14.252	29	36.8057
14.3328	29	36.6407
14.4136	29	36.4728
14.4944	29	36.3019
14.5752	29	36.1302
14.656	29	35.9579
14.7368	29	35.7813
14.8176	29	35.5985
14.8984	29	35.411
14.9793	29	35.219
15.0601	29	35.0112
15.1409	29	34.8182
15.2217	29	34.6157
15.3025	29	34.4005
15.3833	29	34.1684
15.4641	29	33.9192
15.5449	29	33.6563
15.6257	29	33.363
15.7065	29	33.0556
15.7873	29	32.7139
15.8681	29	32.3159
15.949	29	31.8985
16.0298	29	31.4211
16.1106	29	30.8611
16.1914	29	30.1939
16.2722	29	29.4229
16.353	29	28.5388
16.4338	29	27.554
16.5146	29	26.5079
16.5954	29	25.598
16.6762	29	24.9851
16.757	29	24.6496
16.8378	29	24.4783
16.9186	29	24.3681
16.9995	29	24.2682
8.99946	30	61.9046
9.08027	30	62.0108
9.16107	30	47.342
9.24188	30	46.8281
9.32269	30	46.5973
9.4035	30	46.4272
9.48431	30	46.2752
9.56511	30	46.1287
9.64592	30	45.9833
9.72673	30	45.8374
9.80754	30	45.6904
9.88835	30	45.5421
9.96915	30	45.3925
10.05	30	45.2418
10.1308	30	45.0901
10.2116	30	44.9375
10.2924	30	44.784
10.3732	30	44.63
10.454	30	44.4753
10.5348	30	44.3202
10.6156	30	44.1646
10.6964	30	44.0087
10.7772	30	43.8525
10.858	30	43.696
10.9389	30	43.5393
11.0197	30	43.3824
11.1005	30	43.2254
11.1813	30	43.0682
11.2621	30	42.9109
11.3429	30	42.7535
11.4237	30	42.596
11.5045	30	42.4385
11.5853	30	42.2808
11.6661	30	42.1231
11.7469	30	41.9654
11.8277	30	41.8075
11.9085	30	41.6494
11.9894	30	41.4905
12.0702	30	41.3298
12.151	30	41.1666
12.2318	30	41.0023
12.3126	30	40.8398
12.3934	30	40.6791
12.4742	30	40.5175
12.555	30	40.3536
12.6358	30	40.1897
12.7166	30	40.0274
12.7974	30	39.8642
12.8782	30	39.699
12.9591	30	39.534
13.0399	30	39.3692
13.1207	30	39.2046
13.2015	30	39.0405
13.2823	30	38.876
13.3631	30	38.7128
13.4439	30	38.5479
13.5247	30	38.3858
13.6055	30	38.2155
13.6863	30	38.0442
13.7671	30	37.8688
13.8479	30	37.7086
13.9288	30	37.5485
14.0096	30	37.3876
14.0904	30	37.2255
14.1712	30	37.0627
14.252	30	36.8992
14.3328	30	36.7344
14.4136	30	36.5668
14.4944	30	36.3955
14.5752	30	36.2228
14.656	30	36.0506
14.7368	30	35.875
14.8176	30	35.6927
14.8984	30	35.5052
14.9793	30	35.3138
15.0601	30	35.1158
15.1409	30	34.9245
15.2217	30	34.724
15.3025	30	34.5122
15.3833	30	34.2835
15.4641	30	34.0368
15.5449	30	33.7729
15.6257	30	33.5029
15.7065	30	33.2021
15.7873	30	32.8676
15.8681	30	32.4929
15.949	30	32.0927
16.0298	30	31.6158
16.1106	30	31.1052
16.1914	30	30.4835
16.2722	30	29.7625
16.353	30	28.9204
16.4338	30	27.962
16.5146	30	26.904
16.5954	30	25.9066
16.6762	30	25.1791
16.757	30	24.762
16.8378	30	24.5589
16.9186	30	24.4424
16.9995	30	24.3428
8.99946	31	61.7555
9.08027	31	62.1153
9.16107	31	47.4116
9.24188	31	46.9068
9.32269	31	46.6812
9.4035	31	46.5146
9.48431	31	46.365
9.56511	31	46.2202
9.64592	31	46.0761
9.72673	31	45.9312
9.80754	31	45.7849
9.88835	31	45.6371
9.96915	31	45.4878
10.05	31	45.3373
10.1308	31	45.1856
10.2116	31	45.0329
10.2924	31	44.8794
10.3732	31	44.7252
10.454	31	44.5703
10.5348	31	44.4149
10.6156	31	44.2591
10.6964	31	44.1029
10.7772	31	43.9463
10.858	31	43.7895
10.9389	31	43.6325
11.0197	31	43.4753
11.1005	31	43.3179
11.1813	31	43.1603
11.2621	31	43.0026
11.3429	31	42.8448
11.4237	31	42.687
11.5045	31	42.529
11.5853	31	42.371
11.6661	31	42.2129
11.7469	31	42.0547
11.8277	31	41.8965
11.9085	31	41.7382
11.9894	31	41.5794
12.0702	31	41.419
12.151	31	41.256
12.2318	31	41.091
12.3126	31	40.9272
12.3934	31	40.7662
12.4742	31	40.605
12.555	31	40.4408
12.6358	31	40.276
12.7166	31	40.1134
12.7974	31	39.9505
12.8782	31	39.7848
12.9591	31	39.6192
13.0399	31	39.4541
13.1207	31	39.2889
13.2015	31	39.1247
13.2823	31	38.9591
13.3631	31	38.7964
13.4439	31	38.6297
13.5247	31	38.4693
13.6055	31	38.2995
13.6863	31	38.125
13.7671	31	37.9641
13.8479	31	37.803
13.9288	31	37.6423
14.0096	31	37.4811
14.0904	31	37.3186
14.1712	31	37.1552
14.252	31	36.9913
14.3328	31	36.8264
14.4136	31	36.6593
14.4944	31	36.4881
14.5752	31	36.3141
14.656	31	36.1415
14.7368	31	35.9673
14.8176	31	35.7852
14.8984	31	35.5989
14.9793	31	35.4041
15.0601	31	35.2185
15.1409	31	35.0286
15.2217	31	34.8301
15.3025	31	34.6205
15.3833	31	34.3983
15.4641	31	34.1475
15.5449	31	33.9027
15.6257	31	33.6378
15.7065	31	33.3476
15.7873	31	33.0115
15.8681	31	32.6643
15.949	31	32.2757
16.0298	31	31.8285
16.1106	31	31.334
16.1914	31	30.7539
16.2722	31	30.0834
16.353	31	29.289
16.4338	31	28.3624
16.5146	31	27.3216
16.5954	31	26.2597
16.6762	31	25.4092
16.757	31	24.893
16.8378	31	24.6422
16.9186	31	24.515
16.9995	31	24.4153
8.99946	32	61.3999
9.08027	32	62.1726
9.16107	32	47.474
9.24188	32	46.9811
9.32269	32	46.7618
9.4035	32	46.5992
9.48431	32	46.4524
9.56511	32	46.3097
9.64592	32	46.1671
9.72673	32	46.0233
9.80754	32	45.8777
9.88835	32	45.7305
9.96915	32	45.5816
10.05	32	45.4313
10.1308	32	45.2797
10.2116	32	45.127
10.2924	32	44.9734
10.3732	32	44.8191
10.454	32	44.664
10.5348	32	44.5084
10.6156	32	44.3523
10.6964	32	44.1958
10.7772	32	44.0389
10.858	32	43.8818
10.9389	32	43.7244
11.0197	32	43.5668
11.1005	32	43.4091
11.1813	32	43.2511
11.2621	32	43.0931
11.3429	32	42.9349
11.4237	32	42.7766
11.5045	32	42.6183
11.5853	32	42.4599
11.6661	32	42.3014
11.7469	32	42.1429
11.8277	32	41.9843
11.9085	32	41.8256
11.9894	32	41.6667
12.0702	32	41.5068
12.151	32	41.3442
12.2318	32	41.1787
12.3126	32	41.0134
12.3934	32	40.8517
12.4742	32	40.6911
12.555	32	40.527
12.6358	32	40.3611
12.7166	32	40.1977
12.7974	32	40.0355
12.8782	32	39.8693
12.9591	32	39.7032
13.0399	32	39.5379
13.1207	32	39.3716
13.2015	32	39.2079
13.2823	32	39.0405
13.3631	32	38.8794
13.4439	32	38.7095
13.5247	32	38.5521
13.6055	32	38.379
13.6863	32	38.2197
13.7671	32	38.0584
13.8479	32	37.8963
13.9288	32	37.7349
14.0096	32	37.5735
14.0904	32	37.4106
14.1712	32	37.2465
14.252	32	37.0821
14.3328	32	36.9169
14.4136	32	36.7503
14.4944	32	36.5797
14.5752	32	36.4044
14.656	32	36.2306
14.7368	32	36.0578
14.8176	32	35.8769
14.8984	32	35.688
14.9793	32	35.5055
15.0601	32	35.3194
15.1409	32	35.1305
15.2217	32	34.9343
15.3025	32	34.7262
15.3833	32	34.5078
15.4641	32	34.2701
15.5449	32	34.0296
15.6257	32	33.7688
15.7065	32	33.4858
15.7873	32	33.1683
15.8681	32	32.8349
15.949	32	32.4447
16.0298	32	32.0363
16.1106	32	31.5514
16.1914	32	31.0017
16.2722	32	30.3915
16.353	32	29.6288
16.4338	32	28.7784
16.5146	32	27.7796
16.5954	32	26.6851
16.6762	32	25.6974
16.757	32	25.0531
16.8378	32	24.7324
16.9186	32	24.5866
16.9995	32	24.4858
8.99946	33	60.7165
9.08027	33	62.1472
9.16107	33	47.5276
9.24188	33	47.0504
9.32269	33	46.8389
9.4035	33	46.6811
9.48431	33	46.5375
9.56511	33	46.3972
9.64592	33	46.2563
9.72673	33	46.1137
9.80754	33	45.969
9.88835	33	45.8224
9.96915	33	45.674
10.05	33	45.5239
10.1308	33	45.3725
10.2116	33	45.2199
10.2924	33	45.0662
10.3732	33	44.9117
10.454	33	44.7565
10.5348	33	44.6007
10.6156	33	44.4443
10.6964	33	44.2876
10.7772	33	44.1304
10.858	33	43.9729
10.9389	33	43.8152
11.0197	33	43.6573
11.1005	33	43.4991
11.1813	33	43.3408
11.2621	33	43.1824
11.3429	33	43.0238
11.4237	33	42.8652
11.5045	33	42.7064
11.5853	33	42.5476
11.6661	33	42.3888
11.7469	33	42.2298
11.8277	33	42.0708
11.9085	33	41.9118
11.9894	33	41.7527
12.0702	33	41.593
12.151	33	41.4312
12.2318	33	41.2656
12.3126	33	41.0987
12.3934	33	40.9358
12.4742	33	40.7758
12.555	33	40.6123
12.6358	33	40.4452
12.7166	33	40.2806
12.7974	33	40.1193
12.8782	33	39.9529
12.9591	33	39.7857
13.0399	33	39.6209
13.1207	33	39.4527
13.2015	33	39.2907
13.2823	33	39.1198
13.3631	33	38.9619
13.4439	33	38.7881
13.5247	33	38.6303
13.6055	33	38.4723
13.6863	33	38.3132
13.7671	33	38.1519
13.8479	33	37.9888
13.9288	33	37.8262
14.0096	33	37.6646
14.0904	33	37.5015
14.1712	33	37.3367
14.252	33	37.1719
14.3328	33	37.0061
14.4136	33	36.8395
14.4944	33	36.6703
14.5752	33	36.4942
14.656	33	36.3176
14.7368	33	36.1479
14.8176	33	35.9639
14.8984	33	35.7879
14.9793	33	35.606
15.0601	33	35.4189
15.1409	33	35.2304
15.2217	33	35.0363
15.3025	33	34.8311
15.3833	33	34.611
15.4641	33	34.3902
15.5449	33	34.1529
15.6257	33	33.8984
15.7065	33	33.6156
15.7873	33	33.3201
15.8681	33	32.9964
15.949	33	32.6284
16.0298	33	32.2324
16.1106	33	31.7763
16.1914	33	31.2693
16.2722	33	30.6717
16.353	33	29.9827
16.4338	33	29.1694
16.5146	33	28.2318
16.5954	33	27.1485
16.6762	33	26.0623
16.757	33	25.2582
16.8378	33	24.8351
16.9186	33	24.6581
16.9995	33	24.5543
8.99946	34	59.5299
9.08027	34	61.9726
9.16107	34	47.5692
9.24188	34	47.1136
9.32269	34	46.9118
9.4035	34	46.7597
9.48431	34	46.62
9.56511	34	46.4822
9.64592	34	46.3433
9.72673	34	46.2021
9.80754	34	46.0585
9.88835	34	45.9127
9.96915	34	45.7647
10.05	34	45.615
10.1308	34	45.4638
10.2116	34	45.3113
10.2924	34	45.1576
10.3732	34	45.003
10.454	34	44.8477
10.5348	34	44.6916
10.6156	34	44.535
10.6964	34	44.378
10.7772	34	44.2205
10.858	34	44.0627
10.9389	34	43.9047
11.0197	34	43.7464
11.1005	34	43.5879
11.1813	34	43.4292
11.2621	34	43.2704
11.3429	34	43.1114
11.4237	34	42.9524
11.5045	34	42.7933
11.5853	34	42.6341
11.6661	34	42.4748
11.7469	34	42.3155
11.8277	34	42.1561
11.9085	34	41.9967
11.9894	34	41.8372
12.0702	34	41.6776
12.151	34	41.5165
12.2318	34	41.3515
12.3126	34	41.1831
12.3934	34	41.0183
12.4742	34	40.8587
12.555	34	40.6962
12.6358	34	40.5285
12.7166	34	40.3617
12.7974	34	40.2015
12.8782	34	40.0355
12.9591	34	39.8664
13.0399	34	39.7034
13.1207	34	39.5314
13.2015	34	39.373
13.2823	34	39.1978
13.3631	34	39.0395
13.4439	34	38.8812
13.5247	34	38.7227
13.6055	34	38.5641
13.6863	34	38.4051
13.7671	34	38.2441
13.8479	34	38.0804
13.9288	34	37.9162
14.0096	34	37.7542
14.0904	34	37.5913
14.1712	34	37.4257
14.252	34	37.2603
14.3328	34	37.0941
14.4136	34	36.9268
14.4944	34	36.7592
14.5752	34	36.5838
14.656	34	36.4031
14.7368	34	36.2332
14.8176	34	36.061
14.8984	34	35.886
14.9793	34	35.7052
15.0601	34	35.5176
15.1409	34	35.3272
15.2217	34	35.1378
15.3025	34	34.9297
15.3833	34	34.7249
15.4641	34	34.5068
15.5449	34	34.275
15.6257	34	34.0199
15.7065	34	33.7567
15.7873	34	33.4708
15.8681	34	33.1463
15.949	34	32.8072
16.0298	34	32.4198
16.1106	34	31.9838
16.1914	34	31.5183
16.2722	34	30.9631
16.353	34	30.3091
16.4338	34	29.5607
16.5146	34	28.6895
16.5954	34	27.6603
16.6762	34	26.515
16.757	34	25.5403
16.8378	34	24.9644
16.9186	34	24.7314
16.9995	34	24.6209
8.99946	35	57.6168
9.08027	35	61.5222
9.16107	35	47.5948
9.24188	35	47.1693
9.32269	35	46.9799
9.4035	35	46.8348
9.48431	35	46.6995
9.56511	35	46.5649
9.64592	35	46.4282
9.72673	35	46.2886
9.80754	35	46.1462
9.88835	35	46.0012
9.96915	35	45.8539
10.05	35	45.7046
10.1308	35	45.5537
10.2116	35	45.4012
10.2924	35	45.2476
10.3732	35	45.093
10.454	35	44.9375
10.5348	35	44.7812
10.6156	35	44.6244
10.6964	35	44.4671
10.7772	35	44.3093
10.858	35	44.1512
10.9389	35	43.9928
11.0197	35	43.8342
11.1005	35	43.6753
11.1813	35	43.5163
11.2621	35	43.3571
11.3429	35	43.1978
11.4237	35	43.0383
11.5045	35	42.8788
11.5853	35	42.7192
11.6661	35	42.5595
11.7469	35	42.3998
11.8277	35	42.2401
11.9085	35	42.0802
11.9894	35	41.9204
12.0702	35	41.7605
12.151	35	41.6
12.2318	35	41.4362
12.3126	35	41.2669
12.3934	35	41.0994
12.4742	35	40.9398
12.555	35	40.7787
12.6358	35	40.6112
12.7166	35	40.4412
12.7974	35	40.2818
12.8782	35	40.1177
12.9591	35	39.9446
13.0399	35	39.7855
13.1207	35	39.6089
13.2015	35	39.45
13.2823	35	39.2912
13.3631	35	39.1322
13.4439	35	38.9731
13.5247	35	38.814
13.6055	35	38.6547
13.6863	35	38.4953
13.7671	35	38.3349
13.8479	35	38.1713
13.9288	35	38.0054
14.0096	35	37.842
14.0904	35	37.6801
14.1712	35	37.5136
14.252	35	37.3471
14.3328	35	37.1816
14.4136	35	37.0113
14.4944	35	36.848
14.5752	35	36.6685
14.656	35	36.4992
14.7368	35	36.3293
14.8176	35	36.1564
14.8984	35	35.9821
14.9793	35	35.8026
15.0601	35	35.616
15.1409	35	35.4225
15.2217	35	35.2334
15.3025	35	35.0385
15.3833	35	34.8355
15.4641	35	34.6222
15.5449	35	34.3896
15.6257	35	34.1512
15.7065	35	33.8967
15.7873	35	33.6099
15.8681	35	33.3124
15.949	35	32.9731
16.0298	35	32.6151
16.1106	35	32.2064
16.1914	35	31.7503
16.2722	35	31.2341
16.353	35	30.627
16.4338	35	29.9547
16.5146	35	29.1343
16.5954	35	28.193
16.6762	35	27.0566
16.757	35	25.9238
16.8378	35	25.1422
16.9186	35	24.8108
16.9995	35	24.6855
8.99946	36	54.7707
9.08027	36	60.5551
9.16107	36	47.5978
9.24188	36	47.2159
9.32269	36	47.0426
9.4035	36	46.906
9.48431	36	46.776
9.56511	36	46.6449
9.64592	36	46.5107
9.72673	36	46.373
9.80754	36	46.232
9.88835	36	46.088
9.96915	36	45.9414
10.05	36	45.7926
10.1308	36	45.642
10.2116	36	45.4897
10.2924	36	45.3362
10.3732	36	45.1815
10.454	36	45.0259
10.5348	36	44.8695
10.6156	36	44.7125
10.6964	36	44.5549
10.7772	36	44.3968
10.858	36	44.2384
10.9389	36	44.0797
11.0197	36	43.9207
11.1005	36	43.7615
11.1813	36	43.602
11.2621	36	43.4425
11.3429	36	43.2828
11.4237	36	43.1229
11.5045	36	42.963
11.5853	36	42.803
11.6661	36	42.643
11.7469	36	42.4829
11.8277	36	42.3227
11.9085	36	42.1625
11.9894	36	42.0022
12.0702	36	41.8419
12.151	36	41.6816
12.2318	36	41.5194
12.3126	36	41.3503
12.3934	36	41.1792
12.4742	36	41.0192
12.555	36	40.8591
12.6358	36	40.6937
12.7166	36	40.5193
12.7974	36	40.3595
12.8782	36	40.1998
12.9591	36	40.0215
13.0399	36	39.8621
13.1207	36	39.7026
13.2015	36	39.543
13.2823	36	39.3834
13.3631	36	39.2237
13.4439	36	39.0639
13.5247	36	38.9041
13.6055	36	38.7441
13.6863	36	38.584
13.7671	36	38.4238
13.8479	36	38.2613
13.9288	36	38.0941
14.0096	36	37.9279
14.0904	36	37.7671
14.1712	36	37.6012
14.252	36	37.4312
14.3328	36	37.2692
14.4136	36	37.0943
14.4944	36	36.9312
14.5752	36	36.7648
14.656	36	36.594
14.7368	36	36.4238
14.8176	36	36.2513
14.8984	36	36.0747
14.9793	36	35.9005
15.0601	36	35.7085
15.1409	36	35.5272
15.2217	36	35.3399
15.3025	36	35.1441
15.3833	36	34.9453
15.4641	36	34.7302
15.5449	36	34.5132
15.6257	36	34.2818
15.7065	36	34.0254
15.7873	36	33.7634
15.8681	36	33.4657
15.949	36	33.1534
16.0298	36	32.7991
16.1106	36	32.4138
16.1914	36	31.9888
16.2722	36	31.5022
16.353	36	30.9499
16.4338	36	30.3124
16.5146	36	29.5685
16.5954	36	28.6994
16.6762	36	27.6702
16.757	36	26.4734
16.8378	36	25.4237
16.9186	36	24.9081
16.9995	36	24.7481
8.99946	37	51.0362
9.08027	37	58.6077
9.16107	37	47.567
9.24188	37	47.2495
9.32269	37	47.0978
9.4035	37	46.9716
9.48431	37	46.8479
9.56511	37	46.721
9.64592	37	46.5898
9.72673	37	46.4542
9.80754	37	46.3147
9.88835	37	46.1719
9.96915	37	46.0261
10.05	37	45.8779
10.1308	37	45.7276
10.2116	37	45.5756
10.2924	37	45.4221
10.3732	37	45.2675
10.454	37	45.1118
10.5348	37	44.9552
10.6156	37	44.798
10.6964	37	44.6402
10.7772	37	44.4819
10.858	37	44.3232
10.9389	37	44.1641
11.0197	37	44.0047
11.1005	37	43.8452
11.1813	37	43.6854
11.2621	37	43.5254
11.3429	37	43.3653
11.4237	37	43.2051
11.5045	37	43.0448
11.5853	37	42.8844
11.6661	37	42.724
11.7469	37	42.5634
11.8277	37	42.4029
11.9085	37	42.2423
11.9894	37	42.0816
12.0702	37	41.9209
12.151	37	41.7602
12.2318	37	41.5995
12.3126	37	41.4325
12.3934	37	41.2565
12.4742	37	41.0961
12.555	37	40.9356
12.6358	37	40.7752
12.7166	37	40.5949
12.7974	37	40.4348
12.8782	37	40.2747
12.9591	37	40.1145
13.0399	37	39.9543
13.1207	37	39.794
13.2015	37	39.6337
13.2823	37	39.4734
13.3631	37	39.313
13.4439	37	39.1525
13.5247	37	38.9919
13.6055	37	38.8312
13.6863	37	38.6704
13.7671	37	38.5095
13.8479	37	38.3484
13.9288	37	38.1817
14.0096	37	38.0116
14.0904	37	37.8501
14.1712	37	37.6882
14.252	37	37.5129
14.3328	37	37.3504
14.4136	37	37.1872
14.4944	37	37.0234
14.5752	37	36.8586
14.656	37	36.6877
14.7368	37	36.5141
14.8176	37	36.3456
14.8984	37	36.1641
14.9793	37	35.9916
15.0601	37	35.8111
15.1409	37	35.627
15.2217	37	35.4448
15.3025	37	35.2468
15.3833	37	35.0486
15.4641	37	34.8435
15.5449	37	34.6359
15.6257	37	34.4008
15.7065	37	34.1657
15.7873	37	33.9031
15.8681	37	33.6301
15.949	37	33.3218
16.0298	37	32.988
16.1106	37	32.6242
16.1914	37	32.2254
16.2722	37	31.7773
16.353	37	31.2478
16.4338	37	30.6572
16.5146	37	29.981
16.5954	37	29.1951
16.6762	37	28.2706
16.757	37	27.1753
16.8378	37	25.8921
16.9186	37	25.055
16.9995	37	24.8078
8.99946	38	47.3779
9.08027	38	54.7876
9.16107	38	47.4846
9.24188	38	47.2654
9.32269	38	47.1427
9.4035	38	47.0299
9.48431	38	46.9137
9.56511	38	46.7917
9.64592	38	46.6638
9.72673	38	46.5307
9.80754	38	46.393
9.88835	38	46.2515
9.96915	38	46.1066
10.05	38	45.9591
10.1308	38	45.8093
10.2116	38	45.6576
10.2924	38	45.5042
10.3732	38	45.3496
10.454	38	45.1939
10.5348	38	45.0372
10.6156	38	44.8798
10.6964	38	44.7217
10.7772	38	44.5632
10.858	38	44.4041
10.9389	38	44.2448
11.0197	38	44.0851
11.1005	38	43.9251
11.1813	38	43.765
11.2621	38	43.6046
11.3429	38	43.4442
11.4237	38	43.2836
11.5045	38	43.1229
11.5853	38	42.9621
11.6661	38	42.8012
11.7469	38	42.6403
11.8277	38	42.4793
11.9085	38	42.3183
11.9894	38	42.1573
12.0702	38	41.9962
12.151	38	41.8351
12.2318	38	41.6739
12.3126	38	41.5128
12.3934	38	41.33
12.4742	38	41.1692
12.555	38	41.0084
12.6358	38	40.8475
12.7166	38	40.6867
12.7974	38	40.5258
12.8782	38	40.3649
12.9591	38	40.2039
13.0399	38	40.043
13.1207	38	39.882
13.2015	38	39.7209
13.2823	38	39.5598
13.3631	38	39.3987
13.4439	38	39.2375
13.5247	38	39.0762
13.6055	38	38.9148
13.6863	38	38.7533
13.7671	38	38.5917
13.8479	38	38.4299
13.9288	38	38.2679
14.0096	38	38.0916
14.0904	38	37.9294
14.1712	38	37.7669
14.252	38	37.604
14.3328	38	37.4407
14.4136	38	37.2767
14.4944	38	37.112
14.5752	38	36.9465
14.656	38	36.78
14.7368	38	36.6007
14.8176	38	36.4317
14.8984	38	36.2609
14.9793	38	36.0879
15.0601	38	35.9125
15.1409	38	35.723
15.2217	38	35.5408
15.3025	38	35.3541
15.3833	38	35.162
15.4641	38	34.9524
15.5449	38	34.746
15.6257	38	34.5303
15.7065	38	34.2915
15.7873	38	34.051
15.8681	38	33.7816
15.949	38	33.4919
16.0298	38	33.1781
16.1106	38	32.8355
16.1914	38	32.4589
16.2722	38	32.0421
16.353	38	31.5613
16.4338	38	31.0074
16.5146	38	30.3879
16.5954	38	29.6782
16.6762	38	28.8413
16.757	38	27.8598
16.8378	38	26.7183
16.9186	38	25.3615
16.9995	38	24.8633
8.99946	39	47.3945
9.08027	39	47.3714
9.16107	39	47.3248
9.24188	39	47.2587
9.32269	39	47.1764
9.4035	39	47.0806
9.48431	39	46.9736
9.56511	39	46.8574
9.64592	39	46.7334
9.72673	39	46.6031
9.80754	39	46.4674
9.88835	39	46.3274
9.96915	39	46.1836
10.05	39	46.0369
10.1308	39	45.8876
10.2116	39	45.7362
10.2924	39	45.5831
10.3732	39	45.4285
10.454	39	45.2728
10.5348	39	45.116
10.6156	39	44.9585
10.6964	39	44.8002
10.7772	39	44.6414
10.858	39	44.4821
10.9389	39	44.3224
11.0197	39	44.1623
11.1005	39	44.002
11.1813	39	43.8415
11.2621	39	43.6808
11.3429	39	43.52
11.4237	39	43.359
11.5045	39	43.1979
11.5853	39	43.0367
11.6661	39	42.8754
11.7469	39	42.7141
11.8277	39	42.5527
11.9085	39	42.3913
11.9894	39	42.2298
12.0702	39	42.0683
12.151	39	41.9068
12.2318	39	41.7453
12.3126	39	41.5837
12.3934	39	41.4221
12.4742	39	41.2605
12.555	39	41.0989
12.6358	39	40.9373
12.7166	39	40.7757
12.7974	39	40.614
12.8782	39	40.4523
12.9591	39	40.2906
13.0399	39	40.1289
13.1207	39	39.9671
13.2015	39	39.8053
13.2823	39	39.6434
13.3631	39	39.4815
13.4439	39	39.3196
13.5247	39	39.1576
13.6055	39	38.9954
13.6863	39	38.8332
13.7671	39	38.6709
13.8479	39	38.5084
13.9288	39	38.3457
14.0096	39	38.1829
14.0904	39	38.0197
14.1712	39	37.8563
14.252	39	37.6924
14.3328	39	37.5281
14.4136	39	37.3633
14.4944	39	37.1978
14.5752	39	37.0316
14.656	39	36.8643
14.7368	39	36.6959
14.8176	39	36.5262
14.8984	39	36.3547
14.9793	39	36.1813
15.0601	39	36.0054
15.1409	39	35.8267
15.2217	39	35.6444
15.3025	39	35.4579
15.3833	39	35.2663
15.4641	39	35.0686
15.5449	39	34.8635
15.6257	39	34.6495
15.7065	39	34.4248
15.7873	39	34.1872
15.8681	39	33.934
15.949	39	33.6621
16.0298	39	33.3677
16.1106	39	33.0461
16.1914	39	32.6918
16.2722	39	32.2981
16.353	39	31.8569
16.4338	39	31.3586
16.5146	39	30.7914
16.5954	39	30.1412
16.6762	39	29.3912
16.757	39	28.5208
16.8378	39	27.5055
16.9186	39	26.3155
16.9995	39	24.9153
