8.1	0	35.1719
8.18788	0	35.1909
8.27576	0	35.1937
8.36364	0	35.1711
8.45152	0	35.1317
8.53939	0	35.0823
8.62727	0	35.0273
8.71515	0	34.9688
8.80303	0	34.9058
8.89091	0	34.841
8.97879	0	34.7745
9.06667	0	34.7062
9.15455	0	34.6368
9.24242	0	34.5664
9.3303	0	34.495
9.41818	0	34.4228
9.50606	0	34.35
9.59394	0	34.2765
9.68182	0	34.2023
9.7697	0	34.1277
9.85758	0	34.0524
9.94545	0	33.9766
10.0333	0	33.9003
10.1212	0	33.8235
10.2091	0	33.7462
10.297	0	33.6683
10.3848	0	33.5899
10.4727	0	33.5109
10.5606	0	33.4313
10.6485	0	33.3512
10.7364	0	33.2704
10.8242	0	33.1889
10.9121	0	33.2198
11	0	33.1373
11.0879	0	33.0539
11.1758	0	32.9699
11.2636	0	32.885
11.3515	0	32.7994
11.4394	0	32.7131
11.5273	0	32.6256
11.6152	0	32.5374
11.703	0	32.4482
11.7909	0	32.358
11.8788	0	32.2667
11.9667	0	32.1744
12.0545	0	32.081
12.1424	0	31.9864
12.2303	0	31.8907
12.3182	0	31.7936
12.4061	0	31.6953
12.4939	0	31.5956
12.5818	0	31.4945
12.6697	0	31.392
12.7576	0	31.288
12.8455	0	31.1824
12.9333	0	31.2157
13.0212	0	31.107
13.1091	0	30.9966
13.197	0	30.8844
13.2848	0	30.7701
13.3727	0	30.6539
13.4606	0	30.5355
13.5485	0	30.4148
13.6364	0	30.2918
13.7242	0	30.1664
13.8121	0	30.0383
13.9	0	29.9554
13.9879	0	29.8223
14.0758	0	29.6863
14.1636	0	29.5474
14.2515	0	29.406
14.3394	0	29.2617
14.4273	0	29.1152
14.5152	0	29.0399
14.603	0	28.8916
14.6909	0	28.743
14.7788	0	28.5946
14.8667	0	28.4467
14.9545	0	28.3297
15.0424	0	28.181
15.1303	0	28.0294
15.2182	0	27.9226
15.3061	0	27.7577
15.3939	0	27.5825
15.4818	0	27.4143
15.5697	0	27.2431
15.6576	0	27.0238
15.7455	0	26.8
15.8333	0	26.58
15.9212	0	26.3798
16.0091	0	26.1764
16.097	0	25.8846
16.1848	0	25.3612
16.2727	0	24.8469
16.3606	0	24.3874
16.4485	0	23.885
16.5364	0	23.3379
16.6242	0	22.7272
16.7121	0	21.9968
16.8	0	20.6224
8.1	1	35.8827
8.18788	1	35.901
8.27576	1	35.9039
8.36364	1	35.8814
8.45152	1	35.8421
8.53939	1	35.7928
8.62727	1	35.738
8.71515	1	35.6796
8.80303	1	35.6168
8.89091	1	35.552
8.97879	1	35.4857
9.06667	1	35.4175
9.15455	1	35.3482
9.24242	1	35.2779
9.3303	1	35.2066
9.41818	1	35.1345
9.50606	1	35.0618
9.59394	1	34.9884
9.68182	1	34.9143
9.7697	1	34.8397
9.85758	1	34.7645
9.94545	1	34.6888
10.0333	1	34.6126
10.1212	1	34.5358
10.2091	1	34.4585
10.297	1	34.3806
10.3848	1	34.3022
10.4727	1	34.2232
10.5606	1	34.1437
10.6485	1	34.0635
10.7364	1	33.9826
10.8242	1	33.9012
10.9121	1	33.9319
11	1	33.8493
11.0879	1	33.7658
11.1758	1	33.6817
11.2636	1	33.5967
11.3515	1	33.5109
11.4394	1	33.4245
11.5273	1	33.3368
11.6152	1	33.2483
11.703	1	33.1588
11.7909	1	33.0684
11.8788	1	32.9769
11.9667	1	32.8842
12.0545	1	32.7905
12.1424	1	32.6955
12.2303	1	32.5994
12.3182	1	32.5019
12.4061	1	32.4031
12.4939	1	32.303
12.5818	1	32.2014
12.6697	1	32.0983
12.7576	1	31.9937
12.8455	1	31.8875
12.9333	1	31.9198
13.0212	1	31.8105
13.1091	1	31.6994
13.197	1	31.5863
13.2848	1	31.4712
13.3727	1	31.354
13.4606	1	31.2347
13.5485	1	31.113
13.6364	1	30.9889
13.7242	1	30.8622
13.8121	1	30.7328
13.9	1	30.6482
13.9879	1	30.5134
14.0758	1	30.3757
14.1636	1	30.2348
14.2515	1	30.0912
14.3394	1	29.9447
14.4273	1	29.7957
14.5152	1	29.7172
14.603	1	29.5662
14.6909	1	29.4145
14.7788	1	29.2624
14.8667	1	29.1098
14.9545	1	28.9862
15.0424	1	28.8302
15.1303	1	28.6696
15.2182	1	28.5504
15.3061	1	28.3743
15.3939	1	28.1874
15.4818	1	28.0066
15.5697	1	27.8222
15.6576	1	27.5916
15.7455	1	27.3561
15.8333	1	27.1113
15.9212	1	26.8368
16.0091	1	26.55
16.097	1	26.2359
16.1848	1	25.9105
16.2727	1	25.549
16.3606	1	25.1195
16.4485	1	24.6205
16.5364	1	24.1128
16.6242	1	23.5345
16.7121	1	22.8285
16.8	1	21.4709
8.1	2	36.1852
8.18788	2	36.2038
8.27576	2	36.2068
8.36364	2	36.1846
8.45152	2	36.1456
8.53939	2	36.0966
8.62727	2	36.042
8.71515	2	35.9839
8.80303	2	35.9213
8.89091	2	35.8568
8.97879	2	35.7908
9.06667	2	35.7228
9.15455	2	35.6537
9.24242	2	35.5836
9.3303	2	35.5125
9.41818	2	35.4406
9.50606	2	35.368
9.59394	2	35.2948
9.68182	2	35.2209
9.7697	2	35.1465
9.85758	2	35.0714
9.94545	2	34.9958
10.0333	2	34.9197
10.1212	2	34.843
10.2091	2	34.7657
10.297	2	34.6879
10.3848	2	34.6095
10.4727	2	34.5305
10.5606	2	34.4509
10.6485	2	34.3707
10.7364	2	34.2898
10.8242	2	34.2082
10.9121	2	34.2387
11	2	34.1559
11.0879	2	34.0722
11.1758	2	33.9878
11.2636	2	33.9026
11.3515	2	33.8164
11.4394	2	33.7296
11.5273	2	33.6415
11.6152	2	33.5526
11.703	2	33.4626
11.7909	2	33.3717
11.8788	2	33.2795
11.9667	2	33.1862
12.0545	2	33.0918
12.1424	2	32.9961
12.2303	2	32.8991
12.3182	2	32.8008
12.4061	2	32.7011
12.4939	2	32.5999
12.5818	2	32.4973
12.6697	2	32.3931
12.7576	2	32.2873
12.8455	2	32.1798
12.9333	2	32.2101
13.0212	2	32.0993
13.1091	2	31.9866
13.197	2	31.8718
13.2848	2	31.755
13.3727	2	31.636
13.4606	2	31.5146
13.5485	2	31.3908
13.6364	2	31.2645
13.7242	2	31.1353
13.8121	2	31.0033
13.9	2	30.9153
13.9879	2	30.7775
14.0758	2	30.6364
14.1636	2	30.4918
14.2515	2	30.3441
14.3394	2	30.1929
14.4273	2	30.0386
14.5152	2	29.9518
14.603	2	29.793
14.6909	2	29.6324
14.7788	2	29.4701
14.8667	2	29.3059
14.9545	2	29.1681
15.0424	2	28.9985
15.1303	2	28.8239
15.2182	2	28.688
15.3061	2	28.4979
15.3939	2	28.297
15.4818	2	28.1013
15.5697	2	27.9016
15.6576	2	27.6574
15.7455	2	27.4078
15.8333	2	27.1484
15.9212	2	26.8602
16.0091	2	26.5593
16.097	2	26.2317
16.1848	2	25.8946
16.2727	2	25.5392
16.3606	2	25.1421
16.4485	2	24.6916
16.5364	2	24.177
16.6242	2	23.6257
16.7121	2	22.9452
16.8	2	21.6086
8.1	3	36.4618
8.18788	3	36.4807
8.27576	3	36.484
8.36364	3	36.462
8.45152	3	36.4234
8.53939	3	36.3747
8.62727	3	36.3203
8.71515	3	36.2625
8.80303	3	36.2001
8.89091	3	36.136
8.97879	3	36.0702
9.06667	3	36.0024
9.15455	3	35.9336
9.24242	3	35.8637
9.3303	3	35.7928
9.41818	3	35.7212
9.50606	3	35.6488
9.59394	3	35.5757
9.68182	3	35.502
9.7697	3	35.4277
9.85758	3	35.3528
9.94545	3	35.2773
10.0333	3	35.2013
10.1212	3	35.1247
10.2091	3	35.0474
10.297	3	34.9696
10.3848	3	34.8913
10.4727	3	34.8123
10.5606	3	34.7326
10.6485	3	34.6523
10.7364	3	34.5713
10.8242	3	34.4896
10.9121	3	34.5199
11	3	34.4368
11.0879	3	34.3529
11.1758	3	34.2682
11.2636	3	34.1826
11.3515	3	34.0961
11.4394	3	34.0088
11.5273	3	33.9203
11.6152	3	33.8309
11.703	3	33.7403
11.7909	3	33.6487
11.8788	3	33.5559
11.9667	3	33.4619
12.0545	3	33.3666
12.1424	3	33.2701
12.2303	3	33.1722
12.3182	3	33.0729
12.4061	3	32.9722
12.4939	3	32.8699
12.5818	3	32.7661
12.6697	3	32.6606
12.7576	3	32.5535
12.8455	3	32.4446
12.9333	3	32.4725
13.0212	3	32.36
13.1091	3	32.2456
13.197	3	32.129
13.2848	3	32.0102
13.3727	3	31.889
13.4606	3	31.7655
13.5485	3	31.6392
13.6364	3	31.5104
13.7242	3	31.3785
13.8121	3	31.2435
13.9	3	31.1518
13.9879	3	31.0105
14.0758	3	30.8657
14.1636	3	30.7169
14.2515	3	30.5646
14.3394	3	30.4083
14.4273	3	30.248
14.5152	3	30.1522
14.603	3	29.9852
14.6909	3	29.8148
14.7788	3	29.6413
14.8667	3	29.4643
14.9545	3	29.3107
15.0424	3	29.1257
15.1303	3	28.9349
15.2182	3	28.7798
15.3061	3	28.5734
15.3939	3	28.3566
15.4818	3	28.1445
15.5697	3	27.9284
15.6576	3	27.6702
15.7455	3	27.4064
15.8333	3	27.1328
15.9212	3	26.8313
16.0091	3	26.517
16.097	3	26.1767
16.1848	3	25.8267
16.2727	3	25.4609
16.3606	3	25.0679
16.4485	3	24.6551
16.5364	3	24.2068
16.6242	3	23.6689
16.7121	3	22.9595
16.8	3	21.652
8.1	4	36.7157
8.18788	4	36.7349
8.27576	4	36.7385
8.36364	4	36.7167
8.45152	4	36.6785
8.53939	4	36.6301
8.62727	4	36.5761
8.71515	4	36.5185
8.80303	4	36.4565
8.89091	4	36.3927
8.97879	4	36.3271
9.06667	4	36.2596
9.15455	4	36.1911
9.24242	4	36.1214
9.3303	4	36.0508
9.41818	4	35.9794
9.50606	4	35.9072
9.59394	4	35.8343
9.68182	4	35.7608
9.7697	4	35.6866
9.85758	4	35.6119
9.94545	4	35.5365
10.0333	4	35.4606
10.1212	4	35.384
10.2091	4	35.3069
10.297	4	35.2291
10.3848	4	35.1507
10.4727	4	35.0717
10.5606	4	34.992
10.6485	4	34.9115
10.7364	4	34.8304
10.8242	4	34.7485
10.9121	4	34.7785
11	4	34.6952
11.0879	4	34.6109
11.1758	4	34.5259
11.2636	4	34.4399
11.3515	4	34.3529
11.4394	4	34.2651
11.5273	4	34.1761
11.6152	4	34.0861
11.703	4	33.9948
11.7909	4	33.9025
11.8788	4	33.8089
11.9667	4	33.7141
12.0545	4	33.6179
12.1424	4	33.5203
12.2303	4	33.4214
12.3182	4	33.321
12.4061	4	33.219
12.4939	4	33.1155
12.5818	4	33.0103
12.6697	4	32.9034
12.7576	4	32.7947
12.8455	4	32.6841
12.9333	4	32.7093
13.0212	4	32.595
13.1091	4	32.4785
13.197	4	32.3598
13.2848	4	32.2387
13.3727	4	32.1151
13.4606	4	31.9889
13.5485	4	31.8599
13.6364	4	31.7281
13.7242	4	31.5931
13.8121	4	31.4547
13.9	4	31.3586
13.9879	4	31.2133
14.0758	4	31.0641
14.1636	4	30.9107
14.2515	4	30.7531
14.3394	4	30.5911
14.4273	4	30.4245
14.5152	4	30.3192
14.603	4	30.1438
14.6909	4	29.9637
14.7788	4	29.7791
14.8667	4	29.5898
14.9545	4	29.4207
15.0424	4	29.2206
15.1303	4	29.0138
15.2182	4	28.8392
15.3061	4	28.6158
15.3939	4	28.3819
15.4818	4	28.1519
15.5697	4	27.9178
15.6576	4	27.6439
15.7455	4	27.3642
15.8333	4	27.0749
15.9212	4	26.7587
16.0091	4	26.4297
16.097	4	26.0754
16.1848	4	25.7112
16.2727	4	25.3313
16.3606	4	24.9251
16.4485	4	24.5018
16.5364	4	24.0607
16.6242	4	23.5668
16.7121	4	22.9404
16.8	4	21.6074
8.1	5	36.962
8.18788	5	36.9817
8.27576	5	36.9856
8.36364	5	36.9641
8.45152	5	36.9263
8.53939	5	36.8782
8.62727	5	36.8245
8.71515	5	36.7673
8.80303	5	36.7055
8.89091	5	36.6421
8.97879	5	36.5768
9.06667	5	36.5095
9.15455	5	36.4414
9.24242	5	36.372
9.3303	5	36.3016
9.41818	5	36.2304
9.50606	5	36.1585
9.59394	5	36.0858
9.68182	5	36.0125
9.7697	5	35.9385
9.85758	5	35.8639
9.94545	5	35.7886
10.0333	5	35.7128
10.1212	5	35.6363
10.2091	5	35.5592
10.297	5	35.4814
10.3848	5	35.403
10.4727	5	35.324
10.5606	5	35.2442
10.6485	5	35.1636
10.7364	5	35.0823
10.8242	5	35.0002
10.9121	5	35.0298
11	5	34.9461
11.0879	5	34.8615
11.1758	5	34.776
11.2636	5	34.6896
11.3515	5	34.6021
11.4394	5	34.5137
11.5273	5	34.424
11.6152	5	34.3332
11.703	5	34.2412
11.7909	5	34.1481
11.8788	5	34.0535
11.9667	5	33.9577
12.0545	5	33.8605
12.1424	5	33.7618
12.2303	5	33.6616
12.3182	5	33.5599
12.4061	5	33.4565
12.4939	5	33.3515
12.5818	5	33.2447
12.6697	5	33.1361
12.7576	5	33.0256
12.8455	5	32.9132
12.9333	5	32.9353
13.0212	5	32.8188
13.1091	5	32.7
13.197	5	32.5788
13.2848	5	32.455
13.3727	5	32.3287
13.4606	5	32.1995
13.5485	5	32.0672
13.6364	5	31.932
13.7242	5	31.7933
13.8121	5	31.651
13.9	5	31.5498
13.9879	5	31.3999
14.0758	5	31.2457
14.1636	5	31.0868
14.2515	5	30.9233
14.3394	5	30.7548
14.4273	5	30.5811
14.5152	5	30.4657
14.603	5	30.2813
14.6909	5	30.0913
14.7788	5	29.8955
14.8667	5	29.6937
14.9545	5	29.5095
15.0424	5	29.2944
15.1303	5	29.0716
15.2182	5	28.8776
15.3061	5	28.637
15.3939	5	28.3855
15.4818	5	28.1368
15.5697	5	27.8834
15.6576	5	27.5925
15.7455	5	27.2956
15.8333	5	26.9891
15.9212	5	26.6569
16.0091	5	26.3121
16.097	5	25.9429
16.1848	5	25.5636
16.2727	5	25.1687
16.3606	5	24.7485
16.4485	5	24.3116
16.5364	5	23.8599
16.6242	5	23.3675
16.7121	5	22.7781
16.8	5	21.5662
8.1	6	37.1968
8.18788	6	37.2168
8.27576	6	37.2212
8.36364	6	37.2
8.45152	6	37.1626
8.53939	6	37.1149
8.62727	6	37.0616
8.71515	6	37.0047
8.80303	6	36.9434
8.89091	6	36.8803
8.97879	6	36.8153
9.06667	6	36.7484
9.15455	6	36.6806
9.24242	6	36.6114
9.3303	6	36.5414
9.41818	6	36.4704
9.50606	6	36.3987
9.59394	6	36.3263
9.68182	6	36.2532
9.7697	6	36.1793
9.85758	6	36.1049
9.94545	6	36.0297
10.0333	6	35.954
10.1212	6	35.8776
10.2091	6	35.8005
10.297	6	35.7228
10.3848	6	35.6443
10.4727	6	35.5651
10.5606	6	35.4852
10.6485	6	35.4045
10.7364	6	35.3229
10.8242	6	35.2406
10.9121	6	35.2697
11	6	35.1857
11.0879	6	35.1006
11.1758	6	35.0146
11.2636	6	34.9276
11.3515	6	34.8394
11.4394	6	34.7503
11.5273	6	34.6598
11.6152	6	34.5682
11.703	6	34.4753
11.7909	6	34.3811
11.8788	6	34.2855
11.9667	6	34.1885
12.0545	6	34.09
12.1424	6	33.99
12.2303	6	33.8884
12.3182	6	33.7852
12.4061	6	33.6802
12.4939	6	33.5734
12.5818	6	33.4647
12.6697	6	33.3542
12.7576	6	33.2416
12.8455	6	33.127
12.9333	6	33.1455
13.0212	6	33.0264
13.1091	6	32.9049
13.197	6	32.7808
13.2848	6	32.654
13.3727	6	32.5243
13.4606	6	32.3916
13.5485	6	32.2557
13.6364	6	32.1164
13.7242	6	31.9734
13.8121	6	31.8264
13.9	6	31.7193
13.9879	6	31.564
14.0758	6	31.4039
14.1636	6	31.2386
14.2515	6	31.0683
14.3394	6	30.8924
14.4273	6	30.7105
14.5152	6	30.5839
14.603	6	30.3897
14.6909	6	30.1889
14.7788	6	29.9813
14.8667	6	29.7666
14.9545	6	29.5669
15.0424	6	29.3366
15.1303	6	29.0976
15.2182	6	28.8839
15.3061	6	28.6255
15.3939	6	28.3559
15.4818	6	28.0878
15.5697	6	27.8143
15.6576	6	27.5053
15.7455	6	27.1899
15.8333	6	26.8648
15.9212	6	26.5152
16.0091	6	26.1532
16.097	6	25.7678
16.1848	6	25.3722
16.2727	6	24.9614
16.3606	6	24.5261
16.4485	6	24.0744
16.5364	6	23.6081
16.6242	6	23.1214
16.7121	6	22.5997
16.8	6	21.9875
8.1	7	37.4357
8.18788	7	37.4416
8.27576	7	37.4448
8.36364	7	37.4239
8.45152	7	37.3869
8.53939	7	37.3398
8.62727	7	37.2868
8.71515	7	37.2303
8.80303	7	37.1694
8.89091	7	37.1067
8.97879	7	37.042
9.06667	7	36.9755
9.15455	7	36.9081
9.24242	7	36.8392
9.3303	7	36.7695
9.41818	7	36.6988
9.50606	7	36.6274
9.59394	7	36.5552
9.68182	7	36.4823
9.7697	7	36.4086
9.85758	7	36.3343
9.94545	7	36.2593
10.0333	7	36.1837
10.1212	7	36.1073
10.2091	7	36.0303
10.297	7	35.9524
10.3848	7	35.8739
10.4727	7	35.7946
10.5606	7	35.7145
10.6485	7	35.6335
10.7364	7	35.5517
10.8242	7	35.469
10.9121	7	35.4976
11	7	35.413
11.0879	7	35.3274
11.1758	7	35.2408
11.2636	7	35.1531
11.3515	7	35.0641
11.4394	7	34.9742
11.5273	7	34.8828
11.6152	7	34.7902
11.703	7	34.6962
11.7909	7	34.6008
11.8788	7	34.5039
11.9667	7	34.4055
12.0545	7	34.3056
12.1424	7	34.204
12.2303	7	34.1007
12.3182	7	33.9957
12.4061	7	33.8888
12.4939	7	33.78
12.5818	7	33.6692
12.6697	7	33.5564
12.7576	7	33.4414
12.8455	7	33.3241
12.9333	7	33.3385
13.0212	7	33.2165
13.1091	7	33.0918
13.197	7	32.9643
13.2848	7	32.8339
13.3727	7	32.7004
13.4606	7	32.5636
13.5485	7	32.4232
13.6364	7	32.2792
13.7242	7	32.1311
13.8121	7	31.9786
13.9	7	31.8646
13.9879	7	31.7029
14.0758	7	31.536
14.1636	7	31.3633
14.2515	7	31.1851
14.3394	7	31.0007
14.4273	7	30.8096
14.5152	7	30.6706
14.603	7	30.4656
14.6909	7	30.2531
14.7788	7	30.0329
14.8667	7	29.8046
14.9545	7	29.5889
15.0424	7	29.3431
15.1303	7	29.0875
15.2182	7	28.8539
15.3061	7	28.5775
15.3939	7	28.2894
15.4818	7	28.0013
15.5697	7	27.7072
15.6576	7	27.3794
15.7455	7	27.0445
15.8333	7	26.6998
15.9212	7	26.3316
16.0091	7	25.9511
16.097	7	25.5482
16.1848	7	25.1351
16.2727	7	24.707
16.3606	7	24.2554
16.4485	7	23.7876
16.5364	7	23.3052
16.6242	7	22.8026
16.7121	7	22.2662
16.8	7	21.6414
8.1	8	37.649
8.18788	8	37.6553
8.27576	8	37.659
8.36364	8	37.6385
8.45152	8	37.6021
8.53939	8	37.5554
8.62727	8	37.5029
8.71515	8	37.4469
8.80303	8	37.3863
8.89091	8	37.3241
8.97879	8	37.2598
9.06667	8	37.1937
9.15455	8	37.1266
9.24242	8	37.0581
9.3303	8	36.9887
9.41818	8	36.9183
9.50606	8	36.8471
9.59394	8	36.7752
9.68182	8	36.7025
9.7697	8	36.6291
9.85758	8	36.5549
9.94545	8	36.48
10.0333	8	36.4044
10.1212	8	36.3281
10.2091	8	36.251
10.297	8	36.1732
10.3848	8	36.0945
10.4727	8	36.015
10.5606	8	35.9347
10.6485	8	35.8534
10.7364	8	35.7713
10.8242	8	35.6882
10.9121	8	35.716
11	8	35.6308
11.0879	8	35.5446
11.1758	8	35.4572
11.2636	8	35.3686
11.3515	8	35.2788
11.4394	8	35.1878
11.5273	8	35.0953
11.6152	8	35.0015
11.703	8	34.9062
11.7909	8	34.8095
11.8788	8	34.7111
11.9667	8	34.6111
12.0545	8	34.5094
12.1424	8	34.406
12.2303	8	34.3008
12.3182	8	34.1937
12.4061	8	34.0846
12.4939	8	33.9735
12.5818	8	33.8602
12.6697	8	33.7447
12.7576	8	33.627
12.8455	8	33.5067
12.9333	8	33.5163
13.0212	8	33.3908
13.1091	8	33.2624
13.197	8	33.1311
13.2848	8	32.9965
13.3727	8	32.8585
13.4606	8	32.7169
13.5485	8	32.5713
13.6364	8	32.4219
13.7242	8	32.2679
13.8121	8	32.1091
13.9	8	31.987
13.9879	8	31.818
14.0758	8	31.6433
14.1636	8	31.4622
14.2515	8	31.2749
14.3394	8	31.081
14.4273	8	30.8797
14.5152	8	30.7271
14.603	8	30.5103
14.6909	8	30.2853
14.7788	8	30.0517
14.8667	8	29.8092
14.9545	8	29.5772
15.0424	8	29.3154
15.1303	8	29.043
15.2182	8	28.7896
15.3061	8	28.4951
15.3939	8	28.1884
15.4818	8	27.8804
15.5697	8	27.5656
15.6576	8	27.2186
15.7455	8	26.864
15.8333	8	26.4992
15.9212	8	26.1117
16.0091	8	25.7119
16.097	8	25.2904
16.1848	8	24.8586
16.2727	8	24.4119
16.3606	8	23.9425
16.4485	8	23.4571
16.5364	8	22.957
16.6242	8	22.4368
16.7121	8	21.8838
16.8	8	21.2447
8.1	9	37.8685
8.18788	9	37.8753
8.27576	9	37.8796
8.36364	9	37.8595
8.45152	9	37.8236
8.53939	9	37.7775
8.62727	9	37.7254
8.71515	9	37.6699
8.80303	9	37.6098
8.89091	9	37.5481
8.97879	9	37.4841
9.06667	9	37.4185
9.15455	9	37.3518
9.24242	9	37.2836
9.3303	9	37.2146
9.41818	9	37.1445
9.50606	9	37.0737
9.59394	9	37.002
9.68182	9	36.9295
9.7697	9	36.8562
9.85758	9	36.7822
9.94545	9	36.7074
10.0333	9	36.6319
10.1212	9	36.5556
10.2091	9	36.4784
10.297	9	36.4004
10.3848	9	36.3216
10.4727	9	36.2419
10.5606	9	36.1612
10.6485	9	36.0796
10.7364	9	35.997
10.8242	9	35.9134
10.9121	9	35.9403
11	9	35.8544
11.0879	9	35.7674
11.1758	9	35.6791
11.2636	9	35.5896
11.3515	9	35.4986
11.4394	9	35.4064
11.5273	9	35.3126
11.6152	9	35.2174
11.703	9	35.1207
11.7909	9	35.0223
11.8788	9	34.9222
11.9667	9	34.8203
12.0545	9	34.7167
12.1424	9	34.6111
12.2303	9	34.5037
12.3182	9	34.3942
12.4061	9	34.2826
12.4939	9	34.1688
12.5818	9	34.0526
12.6697	9	33.9341
12.7576	9	33.8131
12.8455	9	33.6895
12.9333	9	33.6935
13.0212	9	33.564
13.1091	9	33.4314
13.197	9	33.2955
13.2848	9	33.1561
13.3727	9	33.013
13.4606	9	32.8658
13.5485	9	32.7143
13.6364	9	32.5586
13.7242	9	32.3978
13.8121	9	32.2317
13.9	9	32.1005
13.9879	9	31.9232
14.0758	9	31.7396
14.1636	9	31.549
14.2515	9	31.3516
14.3394	9	31.147
14.4273	9	30.9344
14.5152	9	30.7671
14.603	9	30.5376
14.6909	9	30.2992
14.7788	9	30.0515
14.8667	9	29.794
14.9545	9	29.5451
15.0424	9	29.2669
15.1303	9	28.9775
15.2182	9	28.7043
15.3061	9	28.3916
15.3939	9	28.0661
15.4818	9	27.7381
15.5697	9	27.4025
15.6576	9	27.0362
15.7455	9	26.6617
15.8333	9	26.2765
15.9212	9	25.8693
16.0091	9	25.4497
16.097	9	25.0089
16.1848	9	24.5574
16.2727	9	24.0911
16.3606	9	23.6027
16.4485	9	23.0983
16.5364	9	22.5789
16.6242	9	22.0396
16.7121	9	21.4684
16.8	9	20.8134
8.1	10	38.0748
8.18788	10	38.0821
8.27576	10	38.0871
8.36364	10	38.0675
8.45152	10	38.032
8.53939	10	37.9866
8.62727	10	37.935
8.71515	10	37.88
8.80303	10	37.8204
8.89091	10	37.7593
8.97879	10	37.6957
9.06667	10	37.6306
9.15455	10	37.5643
9.24242	10	37.4965
9.3303	10	37.4279
9.41818	10	37.3581
9.50606	10	37.2876
9.59394	10	37.2161
9.68182	10	37.1439
9.7697	10	37.0708
9.85758	10	36.9968
9.94545	10	36.9221
10.0333	10	36.8466
10.1212	10	36.7703
10.2091	10	36.693
10.297	10	36.6149
10.3848	10	36.5358
10.4727	10	36.4557
10.5606	10	36.3747
10.6485	10	36.2926
10.7364	10	36.2094
10.8242	10	36.1251
10.9121	10	36.151
11	10	36.0642
11.0879	10	35.9762
11.1758	10	35.8868
11.2636	10	35.7961
11.3515	10	35.7038
11.4394	10	35.6101
11.5273	10	35.5148
11.6152	10	35.418
11.703	10	35.3194
11.7909	10	35.2191
11.8788	10	35.117
11.9667	10	35.0129
12.0545	10	34.907
12.1424	10	34.7989
12.2303	10	34.6889
12.3182	10	34.5766
12.4061	10	34.462
12.4939	10	34.345
12.5818	10	34.2256
12.6697	10	34.1035
12.7576	10	33.9788
12.8455	10	33.8511
12.9333	10	33.8487
13.0212	10	33.7146
13.1091	10	33.577
13.197	10	33.4358
13.2848	10	33.2907
13.3727	10	33.1415
13.4606	10	32.9878
13.5485	10	32.8295
13.6364	10	32.6663
13.7242	10	32.4976
13.8121	10	32.3231
13.9	10	32.1813
13.9879	10	31.9945
14.0758	10	31.8007
14.1636	10	31.5993
14.2515	10	31.3905
14.3394	10	31.1738
14.4273	10	30.9487
14.5152	10	30.7651
14.603	10	30.5216
14.6909	10	30.2686
14.7788	10	30.0056
14.8667	10	29.7321
14.9545	10	29.4653
15.0424	10	29.1698
15.1303	10	28.8625
15.2182	10	28.5685
15.3061	10	28.2368
15.3939	10	27.8918
15.4818	10	27.5431
15.5697	10	27.1859
15.6576	10	26.7993
15.7455	10	26.4038
15.8333	10	25.9971
15.9212	10	25.569
16.0091	10	25.128
16.097	10	24.6665
16.1848	10	24.1936
16.2727	10	23.7056
16.3606	10	23.1961
16.4485	10	22.6703
16.5364	10	22.1293
16.6242	10	21.5682
16.7121	10	20.9763
16.8	10	20.3031
8.1	11	38.281
8.18788	11	38.2888
8.27576	11	38.2944
8.36364	11	38.2754
8.45152	11	38.2405
8.53939	11	38.1957
8.62727	11	38.1447
8.71515	11	38.0903
8.80303	11	38.0313
8.89091	11	37.9707
8.97879	11	37.9075
9.06667	11	37.843
9.15455	11	37.777
9.24242	11	37.7097
9.3303	11	37.6414
9.41818	11	37.5721
9.50606	11	37.5018
9.59394	11	37.4306
9.68182	11	37.3585
9.7697	11	37.2856
9.85758	11	37.2118
9.94545	11	37.1371
10.0333	11	37.0615
10.1212	11	36.9851
10.2091	11	36.9077
10.297	11	36.8293
10.3848	11	36.7498
10.4727	11	36.6694
10.5606	11	36.5878
10.6485	11	36.5051
10.7364	11	36.4212
10.8242	11	36.3361
10.9121	11	36.3606
11	11	36.2728
11.0879	11	36.1836
11.1758	11	36.0929
11.2636	11	36.0007
11.3515	11	35.9069
11.4394	11	35.8115
11.5273	11	35.7145
11.6152	11	35.6156
11.703	11	35.515
11.7909	11	35.4125
11.8788	11	35.308
11.9667	11	35.2014
12.0545	11	35.0927
12.1424	11	34.9818
12.2303	11	34.8687
12.3182	11	34.7533
12.4061	11	34.6353
12.4939	11	34.5147
12.5818	11	34.3914
12.6697	11	34.2652
12.7576	11	34.1361
12.8455	11	34.0038
12.9333	11	33.9941
13.0212	11	33.8546
13.1091	11	33.7113
13.197	11	33.564
13.2848	11	33.4124
13.3727	11	33.2563
13.4606	11	33.0952
13.5485	11	32.9289
13.6364	11	32.7573
13.7242	11	32.5797
13.8121	11	32.3956
13.9	11	32.2421
13.9879	11	32.0445
14.0758	11	31.8394
14.1636	11	31.6262
14.2515	11	31.4048
14.3394	11	31.175
14.4273	11	30.9361
14.5152	11	30.7352
14.603	11	30.4768
14.6909	11	30.2082
14.7788	11	29.929
14.8667	11	29.6388
14.9545	11	29.3534
15.0424	11	29.04
15.1303	11	28.7143
15.2182	11	28.3994
15.3061	11	28.0483
15.3939	11	27.6835
15.4818	11	27.3138
15.5697	11	26.9349
15.6576	11	26.5276
15.7455	11	26.1107
15.8333	11	25.6821
15.9212	11	25.2325
16.0091	11	24.7696
16.097	11	24.2865
16.1848	11	23.7914
16.2727	11	23.2809
16.3606	11	22.7493
16.4485	11	22.2011
16.5364	11	21.6373
16.6242	11	21.0536
16.7121	11	20.4397
16.8	11	19.7473
8.1	12	38.4864
8.18788	12	38.4948
8.27576	12	38.5011
8.36364	12	38.4828
8.45152	12	38.4485
8.53939	12	38.4045
8.62727	12	38.354
8.71515	12	38.3003
8.80303	12	38.2418
8.89091	12	38.1819
8.97879	12	38.1192
9.06667	12	38.0552
9.15455	12	37.9897
9.24242	12	37.9229
9.3303	12	37.8549
9.41818	12	37.7859
9.50606	12	37.7159
9.59394	12	37.645
9.68182	12	37.5731
9.7697	12	37.5003
9.85758	12	37.4265
9.94545	12	37.3518
10.0333	12	37.2762
10.1212	12	37.1995
10.2091	12	37.1218
10.297	12	37.0431
10.3848	12	36.9632
10.4727	12	36.8822
10.5606	12	36.7999
10.6485	12	36.7165
10.7364	12	36.6317
10.8242	12	36.5455
10.9121	12	36.5684
11	12	36.4793
11.0879	12	36.3887
11.1758	12	36.2964
11.2636	12	36.2025
11.3515	12	36.1068
11.4394	12	36.0094
11.5273	12	35.9102
11.6152	12	35.8091
11.703	12	35.706
11.7909	12	35.6008
11.8788	12	35.4935
11.9667	12	35.384
12.0545	12	35.2722
12.1424	12	35.158
12.2303	12	35.0413
12.3182	12	34.9221
12.4061	12	34.8002
12.4939	12	34.6754
12.5818	12	34.5476
12.6697	12	34.4167
12.7576	12	34.2825
12.8455	12	34.1448
12.9333	12	34.1265
13.0212	12	33.9808
13.1091	12	33.8309
13.197	12	33.6765
13.2848	12	33.5173
13.3727	12	33.3531
13.4606	12	33.1834
13.5485	12	33.008
13.6364	12	32.8268
13.7242	12	32.639
13.8121	12	32.444
13.9	12	32.2772
13.9879	12	32.0676
14.0758	12	31.8499
14.1636	12	31.6233
14.2515	12	31.388
14.3394	12	31.1437
14.4273	12	30.8897
14.5152	12	30.6701
14.603	12	30.3954
14.6909	12	30.11
14.7788	12	29.8134
14.8667	12	29.5053
14.9545	12	29.2001
15.0424	12	28.8678
15.1303	12	28.5226
15.2182	12	28.1857
15.3061	12	27.8142
15.3939	12	27.4287
15.4818	12	27.0371
15.5697	12	26.6354
15.6576	12	26.2065
15.7455	12	25.767
15.8333	12	25.3154
15.9212	12	24.843
16.0091	12	24.357
16.097	12	23.8509
16.1848	12	23.3322
16.2727	12	22.7978
16.3606	12	22.2424
16.4485	12	21.6702
16.5364	12	21.0821
16.6242	12	20.4739
16.7121	12	19.8365
16.8	12	19.1233
8.1	13	38.6767
8.18788	13	38.6858
8.27576	13	38.6928
8.36364	13	38.6753
8.45152	13	38.6416
8.53939	13	38.5985
8.62727	13	38.5487
8.71515	13	38.4956
8.80303	13	38.4378
8.89091	13	38.3786
8.97879	13	38.3164
9.06667	13	38.253
9.15455	13	38.1879
9.24242	13	38.1216
9.3303	13	38.0541
9.41818	13	37.9854
9.50606	13	37.9157
9.59394	13	37.845
9.68182	13	37.7733
9.7697	13	37.7005
9.85758	13	37.6268
9.94545	13	37.552
10.0333	13	37.4761
10.1212	13	37.3992
10.2091	13	37.3211
10.297	13	37.2418
10.3848	13	37.1613
10.4727	13	37.0795
10.5606	13	36.9964
10.6485	13	36.9119
10.7364	13	36.826
10.8242	13	36.7386
10.9121	13	36.7594
11	13	36.6686
11.0879	13	36.5763
11.1758	13	36.482
11.2636	13	36.3861
11.3515	13	36.2881
11.4394	13	36.1883
11.5273	13	36.0866
11.6152	13	35.9826
11.703	13	35.8766
11.7909	13	35.7683
11.8788	13	35.6577
11.9667	13	35.5447
12.0545	13	35.4291
12.1424	13	35.311
12.2303	13	35.1901
12.3182	13	35.0665
12.4061	13	34.9398
12.4939	13	34.8101
12.5818	13	34.677
12.6697	13	34.5404
12.7576	13	34.4003
12.8455	13	34.2562
12.9333	13	34.2278
13.0212	13	34.0747
13.1091	13	33.9169
13.197	13	33.7542
13.2848	13	33.5861
13.3727	13	33.4124
13.4606	13	33.2327
13.5485	13	33.0467
13.6364	13	32.8542
13.7242	13	32.6546
13.8121	13	32.447
13.9	13	32.2652
13.9879	13	32.0418
14.0758	13	31.8097
14.1636	13	31.5681
14.2515	13	31.3169
14.3394	13	31.0563
14.4273	13	30.7855
14.5152	13	30.5451
14.603	13	30.2523
14.6909	13	29.9481
14.7788	13	29.6322
14.8667	13	29.3043
14.9545	13	28.9775
15.0424	13	28.6243
15.1303	13	28.2577
15.2182	13	27.8969
15.3061	13	27.503
15.3939	13	27.0947
15.4818	13	26.6791
15.5697	13	26.2525
15.6576	13	25.7996
15.7455	13	25.3353
15.8333	13	24.8582
15.9212	13	24.3605
16.0091	13	23.8485
16.097	13	23.3167
16.1848	13	22.7715
16.2727	13	22.2099
16.3606	13	21.6276
16.4485	13	21.0282
16.5364	13	20.4122
16.6242	13	19.7762
16.7121	13	19.1118
16.8	13	18.3745
8.1	14	38.8614
8.18788	14	38.8713
8.27576	14	38.8791
8.36364	14	38.8626
8.45152	14	38.8295
8.53939	14	38.7873
8.62727	14	38.7382
8.71515	14	38.6859
8.80303	14	38.6287
8.89091	14	38.5702
8.97879	14	38.5086
9.06667	14	38.4459
9.15455	14	38.3812
9.24242	14	38.3154
9.3303	14	38.2483
9.41818	14	38.18
9.50606	14	38.1105
9.59394	14	38.04
9.68182	14	37.9684
9.7697	14	37.8956
9.85758	14	37.8218
9.94545	14	37.7468
10.0333	14	37.6706
10.1212	14	37.5932
10.2091	14	37.5146
10.297	14	37.4346
10.3848	14	37.3533
10.4727	14	37.2705
10.5606	14	37.1863
10.6485	14	37.1005
10.7364	14	37.0132
10.8242	14	36.9242
10.9121	14	36.9425
11	14	36.8497
11.0879	14	36.7552
11.1758	14	36.6586
11.2636	14	36.5602
11.3515	14	36.4595
11.4394	14	36.3568
11.5273	14	36.2521
11.6152	14	36.1448
11.703	14	36.0354
11.7909	14	35.9234
11.8788	14	35.8089
11.9667	14	35.6918
12.0545	14	35.5719
12.1424	14	35.4492
12.2303	14	35.3235
12.3182	14	35.1946
12.4061	14	35.0626
12.4939	14	34.927
12.5818	14	34.7877
12.6697	14	34.6447
12.7576	14	34.4975
12.8455	14	34.346
12.9333	14	34.306
13.0212	14	34.1443
13.1091	14	33.9775
13.197	14	33.8051
13.2848	14	33.6269
13.3727	14	33.4424
13.4606	14	33.2512
13.5485	14	33.0532
13.6364	14	32.848
13.7242	14	32.635
13.8121	14	32.4135
13.9	14	32.215
13.9879	14	31.9762
14.0758	14	31.7282
14.1636	14	31.4701
14.2515	14	31.2017
14.3394	14	30.9231
14.4273	14	30.6339
14.5152	14	30.3713
14.603	14	30.059
14.6909	14	29.7346
14.7788	14	29.398
14.8667	14	29.0488
14.9545	14	28.6989
15.0424	14	28.3234
15.1303	14	27.934
15.2182	14	27.548
15.3061	14	27.1304
15.3939	14	26.6979
15.4818	14	26.2569
15.5697	14	25.804
15.6576	14	25.3258
15.7455	14	24.8352
15.8333	14	24.331
15.9212	14	23.8064
16.0091	14	23.267
16.097	14	22.7078
16.1848	14	22.1343
16.2727	14	21.5439
16.3606	14	20.933
16.4485	14	20.3045
16.5364	14	19.659
16.6242	14	18.9933
16.7121	14	18.2999
16.8	14	17.5366
8.1	15	39.0446
8.18788	15	39.0554
8.27576	15	39.064
8.36364	15	39.0484
8.45152	15	39.0161
8.53939	15	38.9749
8.62727	15	38.9265
8.71515	15	38.875
8.80303	15	38.8187
8.89091	15	38.7609
8.97879	15	38.6999
9.06667	15	38.6378
9.15455	15	38.5736
9.24242	15	38.5083
9.3303	15	38.4415
9.41818	15	38.3736
9.50606	15	38.3043
9.59394	15	38.2339
9.68182	15	38.1623
9.7697	15	38.0894
9.85758	15	38.0154
9.94545	15	37.94
10.0333	15	37.8634
10.1212	15	37.7853
10.2091	15	37.7059
10.297	15	37.625
10.3848	15	37.5426
10.4727	15	37.4586
10.5606	15	37.3729
10.6485	15	37.2856
10.7364	15	37.1964
10.8242	15	37.1054
10.9121	15	37.1207
11	15	37.0255
11.0879	15	36.9284
11.1758	15	36.8291
11.2636	15	36.7276
11.3515	15	36.6238
11.4394	15	36.5177
11.5273	15	36.4094
11.6152	15	36.2983
11.703	15	36.1848
11.7909	15	36.0686
11.8788	15	35.9496
11.9667	15	35.8277
12.0545	15	35.7028
12.1424	15	35.5747
12.2303	15	35.4434
12.3182	15	35.3086
12.4061	15	35.1701
12.4939	15	35.0278
12.5818	15	34.8815
12.6697	15	34.7308
12.7576	15	34.5756
12.8455	15	34.4155
12.9333	15	34.3622
13.0212	15	34.1908
13.1091	15	34.0136
13.197	15	33.8302
13.2848	15	33.6404
13.3727	15	33.4437
13.4606	15	33.2396
13.5485	15	33.028
13.6364	15	32.8087
13.7242	15	32.5809
13.8121	15	32.3438
13.9	15	32.1271
13.9879	15	31.8716
14.0758	15	31.6062
14.1636	15	31.33
14.2515	15	31.0429
14.3394	15	30.7451
14.4273	15	30.436
14.5152	15	30.1497
14.603	15	29.8165
14.6909	15	29.4706
14.7788	15	29.1119
14.8667	15	28.74
14.9545	15	28.3659
15.0424	15	27.9668
15.1303	15	27.5533
15.2182	15	27.1409
15.3061	15	26.6982
15.3939	15	26.2403
15.4818	15	25.7726
15.5697	15	25.2923
15.6576	15	24.7874
15.7455	15	24.2692
15.8333	15	23.7367
15.9212	15	23.184
16.0091	15	22.6159
16.097	15	22.0279
16.1848	15	21.4249
16.2727	15	20.8045
16.3606	15	20.1636
16.4485	15	19.5048
16.5364	15	18.8285
16.6242	15	18.1319
16.7121	15	17.4083
16.8	15	16.6177
8.1	16	39.2165
8.18788	16	39.2283
8.27576	16	39.2377
8.36364	16	39.2233
8.45152	16	39.1918
8.53939	16	39.1517
8.62727	16	39.1041
8.71515	16	39.0535
8.80303	16	38.9979
8.89091	16	38.9409
8.97879	16	38.8806
9.06667	16	38.8191
9.15455	16	38.7555
9.24242	16	38.6906
9.3303	16	38.6242
9.41818	16	38.5564
9.50606	16	38.4873
9.59394	16	38.4169
9.68182	16	38.3452
9.7697	16	38.2721
9.85758	16	38.1976
9.94545	16	38.1217
10.0333	16	38.0443
10.1212	16	37.9654
10.2091	16	37.8849
10.297	16	37.8028
10.3848	16	37.719
10.4727	16	37.6333
10.5606	16	37.5458
10.6485	16	37.4564
10.7364	16	37.365
10.8242	16	37.2716
10.9121	16	37.2831
11	16	37.185
11.0879	16	37.0848
11.1758	16	36.9821
11.2636	16	36.8771
11.3515	16	36.7695
11.4394	16	36.6594
11.5273	16	36.5468
11.6152	16	36.4313
11.703	16	36.313
11.7909	16	36.1918
11.8788	16	36.0675
11.9667	16	35.94
12.0545	16	35.8092
12.1424	16	35.6749
12.2303	16	35.5369
12.3182	16	35.3952
12.4061	16	35.2493
12.4939	16	35.0992
12.5818	16	34.9445
12.6697	16	34.785
12.7576	16	34.6204
12.8455	16	34.4504
12.9333	16	34.3818
13.0212	16	34.1991
13.1091	16	34.01
13.197	16	33.8141
13.2848	16	33.6111
13.3727	16	33.4004
13.4606	16	33.1818
13.5485	16	32.955
13.6364	16	32.7199
13.7242	16	32.4755
13.8121	16	32.2211
13.9	16	31.9842
13.9879	16	31.7102
14.0758	16	31.4257
14.1636	16	31.1297
14.2515	16	30.8221
14.3394	16	30.5031
14.4273	16	30.1724
14.5152	16	29.8606
14.603	16	29.5046
14.6909	16	29.1353
14.7788	16	28.7525
14.8667	16	28.3561
14.9545	16	27.9557
15.0424	16	27.531
15.1303	16	27.0914
15.2182	16	26.6505
15.3061	16	26.1807
15.3939	16	25.6951
15.4818	16	25.1986
15.5697	16	24.6885
15.6576	16	24.1545
15.7455	16	23.6063
15.8333	16	23.043
15.9212	16	22.4596
16.0091	16	21.86
16.097	16	21.2405
16.1848	16	20.6051
16.2727	16	19.9517
16.3606	16	19.2778
16.4485	16	18.5854
16.5364	16	17.875
16.6242	16	17.1442
16.7121	16	16.3868
16.8	16	15.5656
8.1	17	39.3881
8.18788	17	39.4012
8.27576	17	39.4115
8.36364	17	39.3982
8.45152	17	39.3677
8.53939	17	39.3286
8.62727	17	39.282
8.71515	17	39.2322
8.80303	17	39.1775
8.89091	17	39.1212
8.97879	17	39.0616
9.06667	17	39.0007
9.15455	17	38.9376
9.24242	17	38.8731
9.3303	17	38.807
9.41818	17	38.7394
9.50606	17	38.6703
9.59394	17	38.5997
9.68182	17	38.5277
9.7697	17	38.4541
9.85758	17	38.379
9.94545	17	38.3023
10.0333	17	38.2239
10.1212	17	38.1437
10.2091	17	38.0618
10.297	17	37.9781
10.3848	17	37.8924
10.4727	17	37.8047
10.5606	17	37.7149
10.6485	17	37.623
10.7364	17	37.5289
10.8242	17	37.4325
10.9121	17	37.4395
11	17	37.3379
11.0879	17	37.2339
11.1758	17	37.1273
11.2636	17	37.0182
11.3515	17	36.9061
11.4394	17	36.7914
11.5273	17	36.6739
11.6152	17	36.5531
11.703	17	36.4294
11.7909	17	36.3024
11.8788	17	36.1721
11.9667	17	36.0382
12.0545	17	35.9006
12.1424	17	35.7591
12.2303	17	35.6136
12.3182	17	35.4638
12.4061	17	35.3095
12.4939	17	35.1504
12.5818	17	34.9862
12.6697	17	34.8167
12.7576	17	34.6414
12.8455	17	34.4602
12.9333	17	34.3747
13.0212	17	34.1794
13.1091	17	33.977
13.197	17	33.7673
13.2848	17	33.5497
13.3727	17	33.3238
13.4606	17	33.0892
13.5485	17	32.8459
13.6364	17	32.5936
13.7242	17	32.3313
13.8121	17	32.0584
13.9	17	31.8002
13.9879	17	31.5064
14.0758	17	31.2016
14.1636	17	30.8847
14.2515	17	30.5555
14.3394	17	30.2143
14.4273	17	29.8608
14.5152	17	29.5227
14.603	17	29.1428
14.6909	17	28.7492
14.7788	17	28.3415
14.8667	17	27.9197
14.9545	17	27.4922
15.0424	17	27.0411
15.1303	17	26.5746
15.2182	17	26.1046
15.3061	17	25.6069
15.3939	17	25.0929
15.4818	17	24.5669
15.5697	17	24.0266
15.6576	17	23.4629
15.7455	17	22.8841
15.8333	17	22.2895
15.9212	17	21.6748
16.0091	17	21.0433
16.097	17	20.3918
16.1848	17	19.7236
16.2727	17	19.0369
16.3606	17	18.3296
16.4485	17	17.6035
16.5364	17	16.8588
16.6242	17	16.0935
16.7121	17	15.3021
16.8	17	14.4498
8.1	18	39.5579
8.18788	18	39.5722
8.27576	18	39.5836
8.36364	18	39.5715
8.45152	18	39.542
8.53939	18	39.504
8.62727	18	39.4584
8.71515	18	39.4096
8.80303	18	39.3557
8.89091	18	39.3002
8.97879	18	39.2413
9.06667	18	39.1809
9.15455	18	39.1183
9.24242	18	39.0541
9.3303	18	38.9881
9.41818	18	38.9205
9.50606	18	38.8512
9.59394	18	38.7803
9.68182	18	38.7077
9.7697	18	38.6334
9.85758	18	38.5573
9.94545	18	38.4794
10.0333	18	38.3996
10.1212	18	38.3178
10.2091	18	38.234
10.297	18	38.1481
10.3848	18	38.0601
10.4727	18	37.9697
10.5606	18	37.8771
10.6485	18	37.7821
10.7364	18	37.6847
10.8242	18	37.5847
10.9121	18	37.5862
11	18	37.4806
11.0879	18	37.3722
11.1758	18	37.2609
11.2636	18	37.1469
11.3515	18	37.0296
11.4394	18	36.9094
11.5273	18	36.7862
11.6152	18	36.6595
11.703	18	36.5294
11.7909	18	36.3958
11.8788	18	36.2585
11.9667	18	36.1171
12.0545	18	35.9717
12.1424	18	35.822
12.2303	18	35.6679
12.3182	18	35.5089
12.4061	18	35.3449
12.4939	18	35.1755
12.5818	18	35.0005
12.6697	18	34.8195
12.7576	18	34.6322
12.8455	18	34.4383
12.9333	18	34.3341
13.0212	18	34.1247
13.1091	18	33.9077
13.197	18	33.6825
13.2848	18	33.4489
13.3727	18	33.2063
13.4606	18	32.9544
13.5485	18	32.6931
13.6364	18	32.4222
13.7242	18	32.1407
13.8121	18	31.8478
13.9	18	31.5669
13.9879	18	31.2521
14.0758	18	30.9256
14.1636	18	30.5866
14.2515	18	30.2345
14.3394	18	29.8698
14.4273	18	29.4923
14.5152	18	29.1267
14.603	18	28.722
14.6909	18	28.3028
14.7788	18	27.869
14.8667	18	27.4206
14.9545	18	26.965
15.0424	18	26.4863
15.1303	18	25.9917
15.2182	18	25.4917
15.3061	18	24.9649
15.3939	18	24.4214
15.4818	18	23.8649
15.5697	18	23.2932
15.6576	18	22.6986
15.7455	18	22.0882
15.8333	18	21.4613
15.9212	18	20.8141
16.0091	18	20.1496
16.097	18	19.465
16.1848	18	18.763
16.2727	18	18.0419
16.3606	18	17.3002
16.4485	18	16.5391
16.5364	18	15.7591
16.6242	18	14.9582
16.7121	18	14.1317
16.8	18	13.2469
8.1	19	39.7269
8.18788	19	39.7426
8.27576	19	39.7551
8.36364	19	39.7443
8.45152	19	39.7161
8.53939	19	39.6792
8.62727	19	39.6346
8.71515	19	39.5868
8.80303	19	39.5338
8.89091	19	39.4789
8.97879	19	39.4207
9.06667	19	39.3607
9.15455	19	39.2985
9.24242	19	39.2343
9.3303	19	39.1683
9.41818	19	39.1004
9.50606	19	39.0307
9.59394	19	38.9591
9.68182	19	38.8856
9.7697	19	38.8101
9.85758	19	38.7326
9.94545	19	38.653
10.0333	19	38.5713
10.1212	19	38.4873
10.2091	19	38.401
10.297	19	38.3124
10.3848	19	38.2214
10.4727	19	38.1278
10.5606	19	38.0316
10.6485	19	37.9328
10.7364	19	37.8313
10.8242	19	37.727
10.9121	19	37.7222
11	19	37.6116
11.0879	19	37.498
11.1758	19	37.3813
11.2636	19	37.2615
11.3515	19	37.1382
11.4394	19	37.0117
11.5273	19	36.8818
11.6152	19	36.7482
11.703	19	36.6108
11.7909	19	36.4695
11.8788	19	36.3241
11.9667	19	36.1743
12.0545	19	36.0199
12.1424	19	35.8608
12.2303	19	35.6966
12.3182	19	35.5272
12.4061	19	35.3521
12.4939	19	35.1711
12.5818	19	34.9838
12.6697	19	34.79
12.7576	19	34.5892
12.8455	19	34.3811
12.9333	19	34.2563
13.0212	19	34.0315
13.1091	19	33.7982
13.197	19	33.5563
13.2848	19	33.3052
13.3727	19	33.0445
13.4606	19	32.7738
13.5485	19	32.4933
13.6364	19	32.2024
13.7242	19	31.9003
13.8121	19	31.5862
13.9	19	31.2814
13.9879	19	30.9442
14.0758	19	30.5949
14.1636	19	30.2324
14.2515	19	29.8563
14.3394	19	29.467
14.4273	19	29.0643
14.5152	19	28.6703
14.603	19	28.2394
14.6909	19	27.7936
14.7788	19	27.3326
14.8667	19	26.8564
14.9545	19	26.3716
15.0424	19	25.8642
15.1303	19	25.3405
15.2182	19	24.8094
15.3061	19	24.2524
15.3939	19	23.6783
15.4818	19	23.0902
15.5697	19	22.486
15.6576	19	21.8595
15.7455	19	21.2162
15.8333	19	20.5559
15.9212	19	19.8751
16.0091	19	19.1765
16.097	19	18.4575
16.1848	19	17.7204
16.2727	19	16.9638
16.3606	19	16.1864
16.4485	19	15.3892
16.5364	19	14.5726
16.6242	19	13.7349
16.7121	19	12.8717
16.8	19	11.953
8.1	20	39.897
8.18788	20	39.914
8.27576	20	39.9279
8.36364	20	39.9184
8.45152	20	39.8914
8.53939	20	39.8556
8.62727	20	39.8122
8.71515	20	39.7653
8.80303	20	39.7131
8.89091	20	39.6588
8.97879	20	39.6012
9.06667	20	39.5414
9.15455	20	39.4793
9.24242	20	39.415
9.3303	20	39.3487
9.41818	20	39.2801
9.50606	20	39.2095
9.59394	20	39.1368
9.68182	20	39.0618
9.7697	20	38.9847
9.85758	20	38.9052
9.94545	20	38.8233
10.0333	20	38.739
10.1212	20	38.6521
10.2091	20	38.5627
10.297	20	38.4706
10.3848	20	38.3758
10.4727	20	38.2782
10.5606	20	38.1777
10.6485	20	38.0743
10.7364	20	37.9679
10.8242	20	37.8584
10.9121	20	37.846
11	20	37.7296
11.0879	20	37.6099
11.1758	20	37.4869
11.2636	20	37.3605
11.3515	20	37.2302
11.4394	20	37.0964
11.5273	20	36.9589
11.6152	20	36.8173
11.703	20	36.6714
11.7909	20	36.5213
11.8788	20	36.3667
11.9667	20	36.2072
12.0545	20	36.0427
12.1424	20	35.8728
12.2303	20	35.6974
12.3182	20	35.5161
12.4061	20	35.3286
12.4939	20	35.1346
12.5818	20	34.9337
12.6697	20	34.7256
12.7576	20	34.5099
12.8455	20	34.2863
12.9333	20	34.1394
13.0212	20	33.8977
13.1091	20	33.6471
13.197	20	33.3871
13.2848	20	33.1173
13.3727	20	32.8372
13.4606	20	32.5467
13.5485	20	32.2458
13.6364	20	31.9339
13.7242	20	31.6102
13.8121	20	31.2738
13.9	20	30.9443
13.9879	20	30.5838
14.0758	20	30.2108
14.1636	20	29.8242
14.2515	20	29.4233
14.3394	20	29.0085
14.4273	20	28.58
14.5152	20	28.157
14.603	20	27.6994
14.6909	20	27.2264
14.7788	20	26.7376
14.8667	20	26.2331
14.9545	20	25.7187
15.0424	20	25.1822
15.1303	20	24.6288
15.2182	20	24.0664
15.3061	20	23.4789
15.3939	20	22.8737
15.4818	20	22.2537
15.5697	20	21.6171
15.6576	20	20.9582
15.7455	20	20.282
15.8333	20	19.588
15.9212	20	18.8736
16.0091	20	18.1407
16.097	20	17.3873
16.1848	20	16.6152
16.2727	20	15.823
16.3606	20	15.0099
16.4485	20	14.1766
16.5364	20	13.3236
16.6242	20	12.4492
16.7121	20	11.5495
16.8	20	10.5968
8.1	21	40.0714
8.18788	21	40.0899
8.27576	21	40.1053
8.36364	21	40.097
8.45152	21	40.0715
8.53939	21	40.0367
8.62727	21	39.9944
8.71515	21	39.9483
8.80303	21	39.8968
8.89091	21	39.8429
8.97879	21	39.7856
9.06667	21	39.7257
9.15455	21	39.6635
9.24242	21	39.5986
9.3303	21	39.5314
9.41818	21	39.4617
9.50606	21	39.3897
9.59394	21	39.3151
9.68182	21	39.2381
9.7697	21	39.1585
9.85758	21	39.0762
9.94545	21	38.9913
10.0333	21	38.9035
10.1212	21	38.8129
10.2091	21	38.7194
10.297	21	38.623
10.3848	21	38.5234
10.4727	21	38.4208
10.5606	21	38.3151
10.6485	21	38.2061
10.7364	21	38.0938
10.8242	21	37.9781
10.9121	21	37.9569
11	21	37.8337
11.0879	21	37.7069
11.1758	21	37.5765
11.2636	21	37.4424
11.3515	21	37.3041
11.4394	21	37.1618
11.5273	21	37.0155
11.6152	21	36.8647
11.703	21	36.7093
11.7909	21	36.5491
11.8788	21	36.3839
11.9667	21	36.2134
12.0545	21	36.0373
12.1424	21	35.8553
12.2303	21	35.6672
12.3182	21	35.4727
12.4061	21	35.2713
12.4939	21	35.0628
12.5818	21	34.8468
12.6697	21	34.623
12.7576	21	34.391
12.8455	21	34.1505
12.9333	21	33.9801
13.0212	21	33.7202
13.1091	21	33.4509
13.197	21	33.1716
13.2848	21	32.8819
13.3727	21	32.5814
13.4606	21	32.27
13.5485	21	31.9475
13.6364	21	31.6136
13.7242	21	31.2673
13.8121	21	30.9078
13.9	21	30.5528
13.9879	21	30.1682
14.0758	21	29.7706
14.1636	21	29.359
14.2515	21	28.9325
14.3394	21	28.4916
14.4273	21	28.0365
14.5152	21	27.5843
14.603	21	27.0993
14.6909	21	26.5984
14.7788	21	26.0813
14.8667	21	25.5479
14.9545	21	25.0035
15.0424	21	24.4372
15.1303	21	23.8538
15.2182	21	23.2597
15.3061	21	22.6412
15.3939	21	22.0047
15.4818	21	21.3524
15.5697	21	20.6829
15.6576	21	19.9914
15.7455	21	19.2818
15.8333	21	18.554
15.9212	21	17.8056
16.0091	21	17.0382
16.097	21	16.2502
16.1848	21	15.4427
16.2727	21	14.6149
16.3606	21	13.766
16.4485	21	12.8964
16.5364	21	12.0067
16.6242	21	11.0954
16.7121	21	10.159
16.8	21	9.17194
8.1	22	40.253
8.18788	22	40.2729
8.27576	22	40.2899
8.36364	22	40.2828
8.45152	22	40.2587
8.53939	22	40.2249
8.62727	22	40.1835
8.71515	22	40.138
8.80303	22	40.087
8.89091	22	40.0331
8.97879	22	39.9757
9.06667	22	39.9152
9.15455	22	39.8521
9.24242	22	39.7861
9.3303	22	39.7173
9.41818	22	39.6457
9.50606	22	39.5714
9.59394	22	39.4942
9.68182	22	39.4141
9.7697	22	39.3311
9.85758	22	39.245
9.94545	22	39.156
10.0333	22	39.0638
10.1212	22	38.9683
10.2091	22	38.8697
10.297	22	38.7677
10.3848	22	38.6624
10.4727	22	38.5537
10.5606	22	38.4416
10.6485	22	38.3259
10.7364	22	38.2066
10.8242	22	38.0836
10.9121	22	38.052
11	22	37.9208
11.0879	22	37.7858
11.1758	22	37.6468
11.2636	22	37.5037
11.3515	22	37.3561
11.4394	22	37.2042
11.5273	22	37.0477
11.6152	22	36.8865
11.703	22	36.7201
11.7909	22	36.5484
11.8788	22	36.3713
11.9667	22	36.1883
12.0545	22	35.9992
12.1424	22	35.8036
12.2303	22	35.6013
12.3182	22	35.392
12.4061	22	35.1753
12.4939	22	34.9509
12.5818	22	34.7185
12.6697	22	34.4776
12.7576	22	34.228
12.8455	22	33.9692
12.9333	22	33.7739
13.0212	22	33.4948
13.1091	22	33.2057
13.197	22	32.9061
13.2848	22	32.5955
13.3727	22	32.2736
13.4606	22	31.9402
13.5485	22	31.5954
13.6364	22	31.2387
13.7242	22	30.869
13.8121	22	30.4857
13.9	22	30.1045
13.9879	22	29.6952
14.0758	22	29.2725
14.1636	22	28.8353
14.2515	22	28.3829
14.3394	22	27.9154
14.4273	22	27.4334
14.5152	22	26.9516
14.603	22	26.4389
14.6909	22	25.9099
14.7788	22	25.3642
14.8667	22	24.8018
14.9545	22	24.2272
15.0424	22	23.6311
15.1303	22	23.0175
15.2182	22	22.3919
15.3061	22	21.7424
15.3939	22	21.0744
15.4818	22	20.3901
15.5697	22	19.6878
15.6576	22	18.9638
15.7455	22	18.2211
15.8333	22	17.4597
15.9212	22	16.6775
16.0091	22	15.876
16.097	22	15.0536
16.1848	22	14.2112
16.2727	22	13.348
16.3606	22	12.4637
16.4485	22	11.5584
16.5364	22	10.6325
16.6242	22	9.68492
16.7121	22	8.71228
16.8	22	7.69103
8.1	23	40.4449
8.18788	23	40.4664
8.27576	23	40.4849
8.36364	23	40.4789
8.45152	23	40.456
8.53939	23	40.4228
8.62727	23	40.382
8.71515	23	40.3366
8.80303	23	40.2854
8.89091	23	40.2309
8.97879	23	40.1727
9.06667	23	40.1109
9.15455	23	40.046
9.24242	23	39.9777
9.3303	23	39.9064
9.41818	23	39.8318
9.50606	23	39.754
9.59394	23	39.673
9.68182	23	39.5886
9.7697	23	39.5009
9.85758	23	39.4098
9.94545	23	39.3153
10.0333	23	39.2173
10.1212	23	39.1157
10.2091	23	39.0106
10.297	23	38.9018
10.3848	23	38.7894
10.4727	23	38.6732
10.5606	23	38.5533
10.6485	23	38.4296
10.7364	23	38.302
10.8242	23	38.1704
10.9121	23	38.1266
11	23	37.9862
11.0879	23	37.8415
11.1758	23	37.6925
11.2636	23	37.5391
11.3515	23	37.3808
11.4394	23	37.2177
11.5273	23	37.0496
11.6152	23	36.8764
11.703	23	36.6975
11.7909	23	36.5128
11.8788	23	36.3221
11.9667	23	36.1251
12.0545	23	35.9214
12.1424	23	35.7107
12.2303	23	35.4927
12.3182	23	35.2672
12.4061	23	35.0337
12.4939	23	34.7919
12.5818	23	34.5416
12.6697	23	34.2824
12.7576	23	34.0138
12.8455	23	33.7355
12.9333	23	33.5144
13.0212	23	33.2149
13.1091	23	32.9049
13.197	23	32.584
13.2848	23	32.2516
13.3727	23	31.9074
13.4606	23	31.5513
13.5485	23	31.1835
13.6364	23	30.8032
13.7242	23	30.4095
13.8121	23	30.0018
13.9	23	29.5942
13.9879	23	29.1597
14.0758	23	28.7114
14.1636	23	28.2483
14.2515	23	27.7695
14.3394	23	27.2753
14.4273	23	26.766
14.5152	23	26.2548
14.603	23	25.7143
14.6909	23	25.1571
14.7788	23	24.5827
14.8667	23	23.9913
14.9545	23	23.3867
15.0424	23	22.7609
15.1303	23	22.1173
15.2182	23	21.4604
15.3061	23	20.7802
15.3939	23	20.0811
15.4818	23	19.365
15.5697	23	18.6305
15.6576	23	17.8744
15.7455	23	17.0991
15.8333	23	16.3047
15.9212	23	15.4893
16.0091	23	14.6542
16.097	23	13.7981
16.1848	23	12.9215
16.2727	23	12.0238
16.3606	23	11.1048
16.4485	23	10.1645
16.5364	23	9.2034
16.6242	23	8.2204
16.7121	23	7.21239
16.8	23	6.15768
8.1	24	40.6517
8.18788	24	40.6745
8.27576	24	40.6941
8.36364	24	40.6889
8.45152	24	40.6666
8.53939	24	40.6334
8.62727	24	40.5924
8.71515	24	40.5462
8.80303	24	40.4939
8.89091	24	40.4377
8.97879	24	40.3773
9.06667	24	40.3129
9.15455	24	40.2448
9.24242	24	40.173
9.3303	24	40.0975
9.41818	24	40.0184
9.50606	24	39.9355
9.59394	24	39.849
9.68182	24	39.7587
9.7697	24	39.6647
9.85758	24	39.5668
9.94545	24	39.4652
10.0333	24	39.3597
10.1212	24	39.2504
10.2091	24	39.1371
10.297	24	39.0198
10.3848	24	38.8986
10.4727	24	38.7734
10.5606	24	38.6442
10.6485	24	38.5108
10.7364	24	38.3732
10.8242	24	38.2314
10.9121	24	38.1735
11	24	38.0221
11.0879	24	37.8661
11.1758	24	37.7055
11.2636	24	37.5401
11.3515	24	37.3693
11.4394	24	37.1934
11.5273	24	37.012
11.6152	24	36.825
11.703	24	36.6319
11.7909	24	36.4324
11.8788	24	36.2265
11.9667	24	36.0137
12.0545	24	35.7937
12.1424	24	35.5663
12.2303	24	35.331
12.3182	24	35.0876
12.4061	24	34.8359
12.4939	24	34.5753
12.5818	24	34.3057
12.6697	24	34.0268
12.7576	24	33.7379
12.8455	24	33.439
12.9333	24	33.1909
13.0212	24	32.87
13.1091	24	32.5382
13.197	24	32.195
13.2848	24	31.8399
13.3727	24	31.4726
13.4606	24	31.0931
13.5485	24	30.7014
13.6364	24	30.297
13.7242	24	29.8787
13.8121	24	29.446
13.9	24	29.0116
13.9879	24	28.5515
14.0758	24	28.0773
14.1636	24	27.588
14.2515	24	27.0826
14.3394	24	26.5613
14.4273	24	26.0247
14.5152	24	25.4842
14.603	24	24.9158
14.6909	24	24.3304
14.7788	24	23.7275
14.8667	24	23.1072
14.9545	24	22.4729
15.0424	24	21.8176
15.1303	24	21.1442
15.2182	24	20.4565
15.3061	24	19.7459
15.3939	24	19.0162
15.4818	24	18.2689
15.5697	24	17.5027
15.6576	24	16.715
15.7455	24	15.9078
15.8333	24	15.0811
15.9212	24	14.2333
16.0091	24	13.3655
16.097	24	12.4765
16.1848	24	11.5666
16.2727	24	10.6354
16.3606	24	9.6828
16.4485	24	8.70859
16.5364	24	7.71333
16.6242	24	6.69605
16.7121	24	5.6538
16.8	24	4.56658
8.1	25	40.8789
8.18788	25	40.9024
8.27576	25	40.9222
8.36364	25	40.9168
8.45152	25	40.8939
8.53939	25	40.8594
8.62727	25	40.8167
8.71515	25	40.7681
8.80303	25	40.713
8.89091	25	40.6532
8.97879	25	40.5888
9.06667	25	40.5198
9.15455	25	40.4465
9.24242	25	40.3689
9.3303	25	40.2871
9.41818	25	40.2012
9.50606	25	40.111
9.59394	25	40.0168
9.68182	25	39.9183
9.7697	25	39.8157
9.85758	25	39.709
9.94545	25	39.598
10.0333	25	39.4829
10.1212	25	39.3636
10.2091	25	39.2401
10.297	25	39.1123
10.3848	25	38.9803
10.4727	25	38.844
10.5606	25	38.7034
10.6485	25	38.5583
10.7364	25	38.4088
10.8242	25	38.2547
10.9121	25	38.18
11	25	38.0157
11.0879	25	37.8464
11.1758	25	37.6721
11.2636	25	37.4926
11.3515	25	37.3074
11.4394	25	37.1165
11.5273	25	36.9198
11.6152	25	36.7169
11.703	25	36.5076
11.7909	25	36.2914
11.8788	25	36.0682
11.9667	25	35.8377
12.0545	25	35.5996
12.1424	25	35.3535
12.2303	25	35.0992
12.3182	25	34.8363
12.4061	25	34.5645
12.4939	25	34.2835
12.5818	25	33.9931
12.6697	25	33.6929
12.7576	25	33.3824
12.8455	25	33.0614
12.9333	25	32.7853
13.0212	25	32.4418
13.1091	25	32.0869
13.197	25	31.7203
13.2848	25	31.3415
13.3727	25	30.9501
13.4606	25	30.5463
13.5485	25	30.13
13.6364	25	29.7006
13.7242	25	29.257
13.8121	25	28.7987
13.9	25	28.337
13.9879	25	27.8507
14.0758	25	27.35
14.1636	25	26.834
14.2515	25	26.3017
14.3394	25	25.7531
14.4273	25	25.1888
14.5152	25	24.6189
14.603	25	24.0224
14.6909	25	23.4087
14.7788	25	22.7772
14.8667	25	22.1279
14.9545	25	21.4639
15.0424	25	20.7792
15.1303	25	20.0761
15.2182	25	19.358
15.3061	25	18.6172
15.3939	25	17.857
15.4818	25	17.0789
15.5697	25	16.2815
15.6576	25	15.4627
15.7455	25	14.624
15.8333	25	13.7656
15.9212	25	12.886
16.0091	25	11.9861
16.097	25	11.0648
16.1848	25	10.1224
16.2727	25	9.15852
16.3606	25	8.17306
16.4485	25	7.16581
16.5364	25	6.13731
16.6242	25	5.08669
16.7121	25	4.01115
16.8	25	2.8922
8.1	26	41.1354
8.18788	26	41.1581
8.27576	26	41.1762
8.36364	26	41.1688
8.45152	26	41.143
8.53939	26	41.1047
8.62727	26	41.0577
8.71515	26	41.004
8.80303	26	40.9432
8.89091	26	40.8768
8.97879	26	40.8052
9.06667	26	40.7285
9.15455	26	40.6468
9.24242	26	40.5603
9.3303	26	40.469
9.41818	26	40.3731
9.50606	26	40.2726
9.59394	26	40.1675
9.68182	26	40.0578
9.7697	26	39.9436
9.85758	26	39.825
9.94545	26	39.7018
10.0333	26	39.5742
10.1212	26	39.4421
10.2091	26	39.3055
10.297	26	39.1645
10.3848	26	39.0189
10.4727	26	38.8688
10.5606	26	38.7141
10.6485	26	38.5547
10.7364	26	38.3906
10.8242	26	38.2216
10.9121	26	38.1268
11	26	37.9469
11.0879	26	37.7617
11.1758	26	37.5711
11.2636	26	37.375
11.3515	26	37.1726
11.4394	26	36.9642
11.5273	26	36.7496
11.6152	26	36.5284
11.703	26	36.3003
11.7909	26	36.0649
11.8788	26	35.822
11.9667	26	35.5714
12.0545	26	35.3129
12.1424	26	35.0459
12.2303	26	34.7703
12.3182	26	34.4856
12.4061	26	34.1918
12.4939	26	33.8884
12.5818	26	33.5752
12.6697	26	33.2519
12.7576	26	32.9179
12.8455	26	32.5731
12.9333	26	32.2674
13.0212	26	31.8996
13.1091	26	31.5202
13.197	26	31.1287
13.2848	26	30.7247
13.3727	26	30.3079
13.4606	26	29.8784
13.5485	26	29.4362
13.6364	26	28.9806
13.7242	26	28.5106
13.8121	26	28.0255
13.9	26	27.5356
13.9879	26	27.0221
14.0758	26	26.494
14.1636	26	25.9505
14.2515	26	25.3904
14.3394	26	24.8137
14.4273	26	24.2211
14.5152	26	23.6213
14.603	26	22.9961
14.6909	26	22.3536
14.7788	26	21.693
14.8667	26	21.0145
14.9545	26	20.3205
15.0424	26	19.6061
15.1303	26	18.8731
15.2182	26	18.1244
15.3061	26	17.3534
15.3939	26	16.5629
15.4818	26	15.754
15.5697	26	14.9256
15.6576	26	14.0759
15.7455	26	13.206
15.8333	26	12.3162
15.9212	26	11.4052
16.0091	26	10.4737
16.097	26	9.52076
16.1848	26	8.54643
16.2727	26	7.55046
16.3606	26	6.5329
16.4485	26	5.49341
16.5364	26	4.43253
16.6242	26	3.34947
16.7121	26	2.24158
16.8	26	1.09173
8.1	27	41.4158
8.18788	27	41.4344
8.27576	27	41.4474
8.36364	27	41.4341
8.45152	27	41.401
8.53939	27	41.3547
8.62727	27	41.2989
8.71515	27	41.2353
8.80303	27	41.1639
8.89091	27	41.0861
8.97879	27	41.0024
9.06667	27	40.913
9.15455	27	40.8179
9.24242	27	40.7175
9.3303	27	40.6118
9.41818	27	40.5011
9.50606	27	40.3854
9.59394	27	40.2648
9.68182	27	40.1393
9.7697	27	40.009
9.85758	27	39.874
9.94545	27	39.7342
10.0333	27	39.5898
10.1212	27	39.4407
10.2091	27	39.287
10.297	27	39.1285
10.3848	27	38.9653
10.4727	27	38.7973
10.5606	27	38.6246
10.6485	27	38.4468
10.7364	27	38.2641
10.8242	27	38.0762
10.9121	27	37.9564
11	27	37.7569
11.0879	27	37.5518
11.1758	27	37.341
11.2636	27	37.1241
11.3515	27	36.9007
11.4394	27	36.6708
11.5273	27	36.4342
11.6152	27	36.1907
11.703	27	35.9399
11.7909	27	35.6814
11.8788	27	35.4149
11.9667	27	35.1403
12.0545	27	34.8573
12.1424	27	34.5656
12.2303	27	34.2648
12.3182	27	33.9546
12.4061	27	33.6349
12.4939	27	33.3053
12.5818	27	32.9655
12.6697	27	32.6152
12.7576	27	32.2539
12.8455	27	31.8815
12.9333	27	31.542
13.0212	27	31.1461
13.1091	27	30.7383
13.197	27	30.3181
13.2848	27	29.885
13.3727	27	29.4389
13.4606	27	28.9798
13.5485	27	28.5077
13.6364	27	28.022
13.7242	27	27.5215
13.8121	27	27.0057
13.9	27	26.4834
13.9879	27	25.9386
14.0758	27	25.379
14.1636	27	24.8037
14.2515	27	24.2116
14.3394	27	23.6025
14.4273	27	22.9772
14.5152	27	22.3432
14.603	27	21.6849
14.6909	27	21.009
14.7788	27	20.3149
14.8667	27	19.6025
14.9545	27	18.8739
15.0424	27	18.125
15.1303	27	17.3575
15.2182	27	16.5734
15.3061	27	15.7674
15.3939	27	14.9415
15.4818	27	14.0969
15.5697	27	13.2324
15.6576	27	12.3467
15.7455	27	11.4405
15.8333	27	10.5142
15.9212	27	9.56647
16.0091	27	8.59807
16.097	27	7.6081
16.1848	27	6.59642
16.2727	27	5.56292
16.3606	27	4.50773
16.4485	27	3.43041
16.5364	27	2.33151
16.6242	27	1.21034
16.7121	27	0.0643438
16.8	27	-1.12206
8.1	28	41.6868
8.18788	28	41.6957
8.27576	28	41.6974
8.36364	28	41.6707
8.45152	28	41.623
8.53939	28	41.5611
8.62727	28	41.4886
8.71515	28	41.4071
8.80303	28	41.3168
8.89091	28	41.2191
8.97879	28	41.1145
9.06667	28	41.0038
9.15455	28	40.887
9.24242	28	40.7643
9.3303	28	40.636
9.41818	28	40.5023
9.50606	28	40.3635
9.59394	28	40.2196
9.68182	28	40.0707
9.7697	28	39.9168
9.85758	28	39.7582
9.94545	28	39.5947
10.0333	28	39.4264
10.1212	28	39.2534
10.2091	28	39.0755
10.297	28	38.8928
10.3848	28	38.7052
10.4727	28	38.5126
10.5606	28	38.3149
10.6485	28	38.112
10.7364	28	37.9038
10.8242	28	37.6901
10.9121	28	37.5369
11	28	37.3109
11.0879	28	37.0788
11.1758	28	36.8406
11.2636	28	36.5958
11.3515	28	36.344
11.4394	28	36.0853
11.5273	28	35.8193
11.6152	28	35.5459
11.703	28	35.2647
11.7909	28	34.9752
11.8788	28	34.6773
11.9667	28	34.3706
12.0545	28	34.055
12.1424	28	33.7302
12.2303	28	33.3957
12.3182	28	33.0514
12.4061	28	32.6969
12.4939	28	32.3319
12.5818	28	31.9562
12.6697	28	31.5695
12.7576	28	31.1712
12.8455	28	30.7612
12.9333	28	30.3766
13.0212	28	29.9422
13.1091	28	29.4952
13.197	28	29.0352
13.2848	28	28.5616
13.3727	28	28.0744
13.4606	28	27.5737
13.5485	28	27.0594
13.6364	28	26.5307
13.7242	28	25.9866
13.8121	28	25.4264
13.9	28	24.8576
13.9879	28	24.2672
14.0758	28	23.6613
14.1636	28	23.039
14.2515	28	22.3993
14.3394	28	21.7418
14.4273	28	21.0674
14.5152	28	20.3818
14.603	28	19.673
14.6909	28	18.9461
14.7788	28	18.2002
14.8667	28	17.4352
14.9545	28	16.6528
15.0424	28	15.8499
15.1303	28	15.0278
15.2182	28	14.1879
15.3061	28	13.3261
15.3939	28	12.4438
15.4818	28	11.5418
15.5697	28	10.6192
15.6576	28	9.67515
15.7455	28	8.70999
15.8333	28	7.72409
15.9212	28	6.71633
16.0091	28	5.68736
16.097	28	4.63636
16.1848	28	3.56301
16.2727	28	2.4674
16.3606	28	1.34975
16.4485	28	0.209501
16.5364	28	-0.952753
16.6242	28	-2.13759
16.7121	28	-3.3474
16.8	28	-4.59544
8.1	29	41.8599
8.18788	29	41.839
8.27576	29	41.8198
8.36364	29	41.7577
8.45152	29	41.6847
8.53939	29	41.5973
8.62727	29	41.4919
8.71515	29	41.3785
8.80303	29	41.2495
8.89091	29	41.1147
8.97879	29	40.9718
9.06667	29	40.822
9.15455	29	40.6657
9.24242	29	40.503
9.3303	29	40.335
9.41818	29	40.1621
9.50606	29	39.9845
9.59394	29	39.8023
9.68182	29	39.6154
9.7697	29	39.4238
9.85758	29	39.2275
9.94545	29	39.0265
10.0333	29	38.8207
10.1212	29	38.61
10.2091	29	38.3943
10.297	29	38.1735
10.3848	29	37.9475
10.4727	29	37.716
10.5606	29	37.479
10.6485	29	37.2362
10.7364	29	36.9873
10.8242	29	36.7321
10.9121	29	36.5259
11	29	36.2567
11.0879	29	35.9805
11.1758	29	35.6969
11.2636	29	35.4057
11.3515	29	35.1063
11.4394	29	34.7986
11.5273	29	34.4824
11.6152	29	34.1574
11.703	29	33.8232
11.7909	29	33.4794
11.8788	29	33.1254
11.9667	29	32.7611
12.0545	29	32.3863
12.1424	29	32.0006
12.2303	29	31.6038
12.3182	29	31.1953
12.4061	29	30.775
12.4939	29	30.3424
12.5818	29	29.8972
12.6697	29	29.4391
12.7576	29	28.9677
12.8455	29	28.4827
12.9333	29	28.0099
13.0212	29	27.497
13.1091	29	26.9696
13.197	29	26.427
13.2848	29	25.8689
13.3727	29	25.2954
13.4606	29	24.7065
13.5485	29	24.1021
13.6364	29	23.4815
13.7242	29	22.8434
13.8121	29	22.1873
13.9	29	21.5181
13.9879	29	20.828
14.0758	29	20.1206
14.1636	29	19.3953
14.2515	29	18.6508
14.3394	29	17.8864
14.4273	29	17.1032
14.5152	29	16.3046
14.603	29	15.4838
14.6909	29	14.6435
14.7788	29	13.7827
14.8667	29	12.9011
14.9545	29	11.9994
15.0424	29	11.0767
15.1303	29	10.1334
15.2182	29	9.17019
15.3061	29	8.1846
15.3939	29	7.1773
15.4818	29	6.14868
15.5697	29	5.09778
15.6576	29	4.02481
15.7455	29	2.92962
15.8333	29	1.81257
15.9212	29	0.672776
16.0091	29	-0.489272
16.097	29	-1.67425
16.1848	29	-2.88278
16.2727	29	-4.11432
16.3606	29	-5.36859
16.4485	29	-6.6463
16.5364	29	-7.94679
16.6242	29	-9.27042
16.7121	29	-10.6194
16.8	29	-12.0029
