8.1	0	35.0812
8.18788	0	35.1906
8.27576	0	35.2826
8.36364	0	35.3498
8.45152	0	35.4015
8.53939	0	35.4415
8.62727	0	35.4768
8.71515	0	35.509
8.80303	0	35.5353
8.89091	0	35.5607
8.97879	0	35.5844
9.06667	0	35.6051
9.15455	0	35.6256
9.24242	0	35.6446
9.3303	0	35.6623
9.41818	0	35.6797
9.50606	0	35.696
9.59394	0	35.7116
9.68182	0	35.7268
9.7697	0	35.7411
9.85758	0	35.7547
9.94545	0	35.7676
10.0333	0	35.7799
10.1212	0	35.7914
10.2091	0	35.8022
10.297	0	35.8122
10.3848	0	35.8216
10.4727	0	35.8304
10.5606	0	35.8384
10.6485	0	35.8453
10.7364	0	35.8516
10.8242	0	35.857
10.9121	0	35.9736
11	0	35.9772
11.0879	0	35.9795
11.1758	0	35.9809
11.2636	0	35.9814
11.3515	0	35.9806
11.4394	0	35.979
11.5273	0	35.9757
11.6152	0	35.9715
11.703	0	35.9654
11.7909	0	35.9584
11.8788	0	35.9495
11.9667	0	35.9394
12.0545	0	35.9276
12.1424	0	35.9141
12.2303	0	35.899
12.3182	0	35.8821
12.4061	0	35.8635
12.4939	0	35.843
12.5818	0	35.8207
12.6697	0	35.7969
12.7576	0	35.7716
12.8455	0	35.7456
12.9333	0	35.8596
13.0212	0	35.8391
13.1091	0	35.8245
13.197	0	35.8196
13.2848	0	35.8289
13.3727	0	35.856
13.4606	0	35.9033
13.5485	0	35.9693
13.6364	0	36.0505
13.7242	0	36.1409
13.8121	0	36.2345
13.9	0	36.3999
13.9879	0	36.4809
14.0758	0	36.549
14.1636	0	36.5984
14.2515	0	36.6225
14.3394	0	36.6137
14.4273	0	36.5628
14.5152	0	36.5002
14.603	0	36.3159
14.6909	0	36.9442
14.7788	0	36.391
14.8667	0	35.7279
14.9545	0	34.9469
15.0424	0	34.0625
15.1303	0	33.1349
15.2182	0	32.2107
15.3061	0	31.3196
15.3939	0	30.4441
15.4818	0	29.5318
15.5697	0	28.5427
15.6576	0	27.463
15.7455	0	26.2838
15.8333	0	24.9971
15.9212	0	23.5795
16.0091	0	22.0182
16.097	0	20.2839
16.1848	0	18.0003
16.2727	0	15.3299
16.3606	0	12.1593
16.4485	0	8.32513
16.5364	0	3.64146
16.6242	0	-2.14605
16.7121	0	-9.56743
16.8	0	-100
8.1	1	35.4694
8.18788	1	35.5781
8.27576	1	35.67
8.36364	1	35.7374
8.45152	1	35.7892
8.53939	1	35.8293
8.62727	1	35.8648
8.71515	1	35.8972
8.80303	1	35.9235
8.89091	1	35.949
8.97879	1	35.9727
9.06667	1	35.9934
9.15455	1	36.0139
9.24242	1	36.033
9.3303	1	36.0507
9.41818	1	36.0682
9.50606	1	36.0845
9.59394	1	36.1003
9.68182	1	36.1156
9.7697	1	36.1299
9.85758	1	36.1435
9.94545	1	36.1565
10.0333	1	36.1687
10.1212	1	36.1803
10.2091	1	36.191
10.297	1	36.201
10.3848	1	36.2103
10.4727	1	36.2191
10.5606	1	36.2271
10.6485	1	36.234
10.7364	1	36.2402
10.8242	1	36.2456
10.9121	1	36.362
11	1	36.3655
11.0879	1	36.3677
11.1758	1	36.3689
11.2636	1	36.3693
11.3515	1	36.3684
11.4394	1	36.3666
11.5273	1	36.3631
11.6152	1	36.3587
11.703	1	36.3524
11.7909	1	36.3451
11.8788	1	36.336
11.9667	1	36.3257
12.0545	1	36.3135
12.1424	1	36.2998
12.2303	1	36.2845
12.3182	1	36.2674
12.4061	1	36.2486
12.4939	1	36.2283
12.5818	1	36.2066
12.6697	1	36.1841
12.7576	1	36.1614
12.8455	1	36.1402
12.9333	1	36.2705
13.0212	1	36.2679
13.1091	1	36.2796
13.197	1	36.3102
13.2848	1	36.3626
13.3727	1	36.437
13.4606	1	36.5299
13.5485	1	36.6357
13.6364	1	36.7484
13.7242	1	36.8618
13.8121	1	36.9713
13.9	1	37.1487
13.9879	1	37.2356
14.0758	1	37.3069
14.1636	1	37.3574
14.2515	1	37.3803
14.3394	1	37.3672
14.4273	1	37.3075
14.5152	1	37.2229
14.603	1	37.0091
14.6909	1	36.6959
14.7788	1	36.2553
14.8667	1	35.6543
14.9545	1	35.2286
15.0424	1	34.0635
15.1303	1	32.9903
15.2182	1	32.1882
15.3061	1	31.3846
15.3939	1	30.4727
15.4818	1	29.4204
15.5697	1	28.185
15.6576	1	26.7171
15.7455	1	24.937
15.8333	1	22.7446
15.9212	1	20.0031
16.0091	1	16.5648
16.097	1	12.1766
16.1848	1	6.21619
16.2727	1	-1.32819
16.3606	1	-10.4324
16.4485	1	-21.1472
16.5364	1	-32.1813
16.6242	1	-38.4587
16.7121	1	-43.5302
16.8	1	-100
8.1	2	35.7107
8.18788	2	35.8195
8.27576	2	35.9118
8.36364	2	35.9793
8.45152	2	36.0311
8.53939	2	36.0715
8.62727	2	36.107
8.71515	2	36.1394
8.80303	2	36.166
8.89091	2	36.1916
8.97879	2	36.2154
9.06667	2	36.2364
9.15455	2	36.2571
9.24242	2	36.2763
9.3303	2	36.2942
9.41818	2	36.3117
9.50606	2	36.3282
9.59394	2	36.3441
9.68182	2	36.3593
9.7697	2	36.3737
9.85758	2	36.3874
9.94545	2	36.4003
10.0333	2	36.4126
10.1212	2	36.4242
10.2091	2	36.435
10.297	2	36.445
10.3848	2	36.4543
10.4727	2	36.4629
10.5606	2	36.4708
10.6485	2	36.4776
10.7364	2	36.4836
10.8242	2	36.4888
10.9121	2	36.6049
11	2	36.6082
11.0879	2	36.6101
11.1758	2	36.6111
11.2636	2	36.6111
11.3515	2	36.6098
11.4394	2	36.6076
11.5273	2	36.6037
11.6152	2	36.5987
11.703	2	36.592
11.7909	2	36.5842
11.8788	2	36.5745
11.9667	2	36.5635
12.0545	2	36.5507
12.1424	2	36.5363
12.2303	2	36.5203
12.3182	2	36.5024
12.4061	2	36.4828
12.4939	2	36.4616
12.5818	2	36.4389
12.6697	2	36.4153
12.7576	2	36.3914
12.8455	2	36.3685
12.9333	2	36.4945
13.0212	2	36.4876
13.1091	2	36.493
13.197	2	36.5149
13.2848	2	36.5563
13.3727	2	36.6175
13.4606	2	36.6963
13.5485	2	36.7875
13.6364	2	36.8861
13.7242	2	36.986
13.8121	2	37.0827
13.9	2	37.2446
13.9879	2	37.3194
14.0758	2	37.3787
14.1636	2	37.4177
14.2515	2	37.4301
14.3394	2	37.4085
14.4273	2	37.3429
14.5152	2	37.2567
14.603	2	37.0457
14.6909	2	36.7403
14.7788	2	36.3146
14.8667	2	35.7354
14.9545	2	35.4427
15.0424	2	34.3165
15.1303	2	33.2853
15.2182	2	32.4908
15.3061	2	31.693
15.3939	2	30.7899
15.4818	2	29.7499
15.5697	2	28.5341
15.6576	2	27.1002
15.7455	2	25.3708
15.8333	2	23.2498
15.9212	2	20.6007
16.0091	2	17.2805
16.097	2	13.1359
16.1848	2	7.32521
16.2727	2	-0.0868582
16.3606	2	-9.08285
16.4485	2	-19.7241
16.5364	2	-30.661
16.6242	2	-36.8196
16.7121	2	-41.7965
16.8	2	-100
8.1	3	35.9324
8.18788	3	36.0415
8.27576	3	36.1342
8.36364	3	36.2017
8.45152	3	36.2537
8.53939	3	36.2944
8.62727	3	36.33
8.71515	3	36.3625
8.80303	3	36.3894
8.89091	3	36.4152
8.97879	3	36.439
9.06667	3	36.4603
9.15455	3	36.4812
9.24242	3	36.5005
9.3303	3	36.5187
9.41818	3	36.5364
9.50606	3	36.553
9.59394	3	36.5689
9.68182	3	36.5842
9.7697	3	36.5987
9.85758	3	36.6124
9.94545	3	36.6254
10.0333	3	36.6377
10.1212	3	36.6493
10.2091	3	36.66
10.297	3	36.67
10.3848	3	36.6792
10.4727	3	36.6878
10.5606	3	36.6955
10.6485	3	36.7021
10.7364	3	36.708
10.8242	3	36.7129
10.9121	3	36.8287
11	3	36.8316
11.0879	3	36.8333
11.1758	3	36.8339
11.2636	3	36.8335
11.3515	3	36.8317
11.4394	3	36.8289
11.5273	3	36.8245
11.6152	3	36.819
11.703	3	36.8117
11.7909	3	36.8031
11.8788	3	36.7927
11.9667	3	36.781
12.0545	3	36.7674
12.1424	3	36.7522
12.2303	3	36.7352
12.3182	3	36.7164
12.4061	3	36.6959
12.4939	3	36.6736
12.5818	3	36.65
12.6697	3	36.6254
12.7576	3	36.6005
12.8455	3	36.5767
12.9333	3	36.7009
13.0212	3	36.6923
13.1091	3	36.6952
13.197	3	36.7133
13.2848	3	36.7492
13.3727	3	36.803
13.4606	3	36.8724
13.5485	3	36.9528
13.6364	3	37.0395
13.7242	3	37.1272
13.8121	3	37.2115
13.9	3	37.358
13.9879	3	37.4202
14.0758	3	37.4668
14.1636	3	37.4929
14.2515	3	37.4928
14.3394	3	37.4595
14.4273	3	37.3836
14.5152	3	37.2881
14.603	3	37.0716
14.6909	3	36.7632
14.7788	3	36.3376
14.8667	3	35.7629
14.9545	3	35.0077
15.0424	3	34.5063
15.1303	3	33.5141
15.2182	3	32.7308
15.3061	3	31.9341
15.3939	3	31.033
15.4818	3	29.9973
15.5697	3	28.7888
15.6576	3	27.366
15.7455	3	25.654
15.8333	3	23.5599
15.9212	3	20.9496
16.0091	3	17.6765
16.097	3	13.4825
16.1848	3	8.01936
16.2727	3	0.841766
16.3606	3	-7.902
16.4485	3	-18.3627
16.5364	3	-29.1733
16.6242	3	-35.2097
16.7121	3	-40.0916
16.8	3	-100
8.1	4	36.1323
8.18788	4	36.2416
8.27576	4	36.3347
8.36364	4	36.4024
8.45152	4	36.4546
8.53939	4	36.4956
8.62727	4	36.5314
8.71515	4	36.564
8.80303	4	36.5912
8.89091	4	36.6172
8.97879	4	36.6411
9.06667	4	36.6628
9.15455	4	36.6838
9.24242	4	36.7033
9.3303	4	36.7218
9.41818	4	36.7396
9.50606	4	36.7563
9.59394	4	36.7724
9.68182	4	36.7878
9.7697	4	36.8023
9.85758	4	36.816
9.94545	4	36.8291
10.0333	4	36.8414
10.1212	4	36.853
10.2091	4	36.8638
10.297	4	36.8737
10.3848	4	36.8828
10.4727	4	36.8912
10.5606	4	36.8987
10.6485	4	36.9052
10.7364	4	36.9108
10.8242	4	36.9154
10.9121	4	37.0308
11	4	37.0333
11.0879	4	37.0346
11.1758	4	37.0347
11.2636	4	37.0338
11.3515	4	37.0315
11.4394	4	37.0281
11.5273	4	37.023
11.6152	4	37.0167
11.703	4	37.0087
11.7909	4	36.9993
11.8788	4	36.9881
11.9667	4	36.9754
12.0545	4	36.9609
12.1424	4	36.9446
12.2303	4	36.9266
12.3182	4	36.9068
12.4061	4	36.8851
12.4939	4	36.8617
12.5818	4	36.837
12.6697	4	36.8114
12.7576	4	36.7857
12.8455	4	36.7611
12.9333	4	36.8845
13.0212	4	36.8752
13.1091	4	36.8771
13.197	4	36.8932
13.2848	4	36.9256
13.3727	4	36.9739
13.4606	4	37.0356
13.5485	4	37.1064
13.6364	4	37.1818
13.7242	4	37.2573
13.8121	4	37.3289
13.9	4	37.4592
13.9879	4	37.5082
14.0758	4	37.5414
14.1636	4	37.5538
14.2515	4	37.5401
14.3394	4	37.4936
14.4273	4	37.4057
14.5152	4	37.2992
14.603	4	37.0756
14.6909	4	36.7625
14.7788	4	36.3351
14.8667	4	35.7624
14.9545	4	35.0159
15.0424	4	34.1418
15.1303	4	33.7054
15.2182	4	32.9324
15.3061	4	32.1353
15.3939	4	31.2339
15.4818	4	30.1989
15.5697	4	28.9922
15.6576	4	27.5725
15.7455	4	25.8681
15.8333	4	23.7906
15.9212	4	21.2104
16.0091	4	17.9851
16.097	4	13.8673
16.1848	4	8.50419
16.2727	4	1.75568
16.3606	4	-6.70183
16.4485	4	-16.9995
16.5364	4	-27.6911
16.6242	4	-33.6046
16.7121	4	-38.391
16.8	4	-100
8.1	5	36.3153
8.18788	5	36.4249
8.27576	5	36.5184
8.36364	5	36.5863
8.45152	5	36.6386
8.53939	5	36.6801
8.62727	5	36.7161
8.71515	5	36.7488
8.80303	5	36.7763
8.89091	5	36.8026
8.97879	5	36.8267
9.06667	5	36.8487
9.15455	5	36.87
9.24242	5	36.8897
9.3303	5	36.9084
9.41818	5	36.9263
9.50606	5	36.9433
9.59394	5	36.9595
9.68182	5	36.9749
9.7697	5	36.9895
9.85758	5	37.0033
9.94545	5	37.0164
10.0333	5	37.0288
10.1212	5	37.0403
10.2091	5	37.051
10.297	5	37.0609
10.3848	5	37.0699
10.4727	5	37.0781
10.5606	5	37.0854
10.6485	5	37.0916
10.7364	5	37.0969
10.8242	5	37.1012
10.9121	5	37.216
11	5	37.218
11.0879	5	37.2189
11.1758	5	37.2185
11.2636	5	37.2169
11.3515	5	37.2139
11.4394	5	37.2097
11.5273	5	37.2039
11.6152	5	37.1968
11.703	5	37.1879
11.7909	5	37.1775
11.8788	5	37.1653
11.9667	5	37.1515
12.0545	5	37.1359
12.1424	5	37.1184
12.2303	5	37.0992
12.3182	5	37.078
12.4061	5	37.0551
12.4939	5	37.0305
12.5818	5	37.0045
12.6697	5	36.9778
12.7576	5	36.9512
12.8455	5	36.9261
12.9333	5	37.0491
13.0212	5	37.0396
13.1091	5	37.0408
13.197	5	37.0553
13.2848	5	37.0847
13.3727	5	37.128
13.4606	5	37.1824
13.5485	5	37.2437
13.6364	5	37.3078
13.7242	5	37.3706
13.8121	5	37.4286
13.9	5	37.5418
13.9879	5	37.5767
14.0758	5	37.5955
14.1636	5	37.5935
14.2515	5	37.5654
14.3394	5	37.5049
14.4273	5	37.4044
14.5152	5	37.2864
14.603	5	37.056
14.6909	5	36.7395
14.7788	5	36.3128
14.8667	5	35.7463
14.9545	5	35.0127
15.0424	5	34.1565
15.1303	5	33.871
15.2182	5	33.1066
15.3061	5	32.3096
15.3939	5	31.4081
15.4818	5	30.3722
15.5697	5	29.1627
15.6576	5	27.7377
15.7455	5	26.0375
15.8333	5	23.9856
15.9212	5	21.458
16.0091	5	18.3155
16.097	5	14.3345
16.1848	5	9.17859
16.2727	5	2.73491
16.3606	5	-5.44353
16.4485	5	-15.6242
16.5364	5	-26.2113
16.6242	5	-32.0022
16.7121	5	-36.6927
16.8	5	-100
8.1	6	36.4797
8.18788	6	36.5896
8.27576	6	36.6836
8.36364	6	36.7518
8.45152	6	36.8043
8.53939	6	36.8462
8.62727	6	36.8825
8.71515	6	36.9154
8.80303	6	36.9433
8.89091	6	36.97
8.97879	6	36.9942
9.06667	6	37.0166
9.15455	6	37.0381
9.24242	6	37.058
9.3303	6	37.077
9.41818	6	37.0951
9.50606	6	37.1122
9.59394	6	37.1286
9.68182	6	37.1441
9.7697	6	37.1588
9.85758	6	37.1727
9.94545	6	37.1858
10.0333	6	37.1981
10.1212	6	37.2096
10.2091	6	37.2202
10.297	6	37.23
10.3848	6	37.2388
10.4727	6	37.2468
10.5606	6	37.2538
10.6485	6	37.2597
10.7364	6	37.2646
10.8242	6	37.2685
10.9121	6	37.3826
11	6	37.3841
11.0879	6	37.3844
11.1758	6	37.3833
11.2636	6	37.381
11.3515	6	37.3772
11.4394	6	37.3721
11.5273	6	37.3654
11.6152	6	37.3572
11.703	6	37.3473
11.7909	6	37.3358
11.8788	6	37.3224
11.9667	6	37.3073
12.0545	6	37.2903
12.1424	6	37.2715
12.2303	6	37.2507
12.3182	6	37.2281
12.4061	6	37.2036
12.4939	6	37.1775
12.5818	6	37.1501
12.6697	6	37.122
12.7576	6	37.0943
12.8455	6	37.0681
12.9333	6	37.1899
13.0212	6	37.1792
13.1091	6	37.1785
13.197	6	37.19
13.2848	6	37.2145
13.3727	6	37.251
13.4606	6	37.2966
13.5485	6	37.3471
13.6364	6	37.3986
13.7242	6	37.4476
13.8121	6	37.4907
13.9	6	37.5853
13.9879	6	37.6048
14.0758	6	37.6083
14.1636	6	37.591
14.2515	6	37.5479
14.3394	6	37.473
14.4273	6	37.3597
14.5152	6	37.2311
14.603	6	36.9957
14.6909	6	36.6792
14.7788	6	36.2592
14.8667	6	35.7081
14.9545	6	35.0004
15.0424	6	34.174
15.1303	6	33.4448
15.2182	6	33.2626
15.3061	6	32.4701
15.3939	6	31.5783
15.4818	6	30.5574
15.5697	6	29.3704
15.6576	6	27.9776
15.7455	6	26.3205
15.8333	6	24.3272
15.9212	6	21.8809
16.0091	6	18.853
16.097	6	15.0251
16.1848	6	10.052
16.2727	6	3.77495
16.3606	6	-4.1353
16.4485	6	-14.2407
16.5364	6	-24.733
16.6242	6	-30.4014
16.7121	6	-34.9961
16.8	6	-100
8.1	7	36.6293
8.18788	7	36.7394
8.27576	7	36.8339
8.36364	7	36.9024
8.45152	7	36.9553
8.53939	7	36.9977
8.62727	7	37.0343
8.71515	7	37.0675
8.80303	7	37.0958
8.89091	7	37.1228
8.97879	7	37.1473
9.06667	7	37.17
9.15455	7	37.1918
9.24242	7	37.212
9.3303	7	37.2313
9.41818	7	37.2495
9.50606	7	37.2669
9.59394	7	37.2834
9.68182	7	37.299
9.7697	7	37.3138
9.85758	7	37.3277
9.94545	7	37.3408
10.0333	7	37.3531
10.1212	7	37.3645
10.2091	7	37.3751
10.297	7	37.3846
10.3848	7	37.3933
10.4727	7	37.4009
10.5606	7	37.4076
10.6485	7	37.4131
10.7364	7	37.4176
10.8242	7	37.4209
10.9121	7	37.5343
11	7	37.5351
11.0879	7	37.5346
11.1758	7	37.5327
11.2636	7	37.5295
11.3515	7	37.5247
11.4394	7	37.5186
11.5273	7	37.5108
11.6152	7	37.5014
11.703	7	37.4902
11.7909	7	37.4773
11.8788	7	37.4625
11.9667	7	37.4459
12.0545	7	37.4274
12.1424	7	37.4068
12.2303	7	37.3843
12.3182	7	37.3599
12.4061	7	37.3336
12.4939	7	37.3057
12.5818	7	37.2765
12.6697	7	37.2466
12.7576	7	37.2172
12.8455	7	37.1894
12.9333	7	37.3084
13.0212	7	37.2953
13.1091	7	37.2913
13.197	7	37.2978
13.2848	7	37.3154
13.3727	7	37.343
13.4606	7	37.3778
13.5485	7	37.4159
13.6364	7	37.4536
13.7242	7	37.4875
13.8121	7	37.5145
13.9	7	37.5888
13.9879	7	37.5916
14.0758	7	37.5785
14.1636	7	37.5447
14.2515	7	37.4854
14.3394	7	37.395
14.4273	7	37.2674
14.5152	7	37.1264
14.603	7	36.8844
14.6909	7	36.5669
14.7788	7	36.1534
14.8667	7	35.6185
14.9545	7	34.9392
15.0424	7	34.1457
15.1303	7	33.4262
15.2182	7	32.8548
15.3061	7	32.5922
15.3939	7	31.7109
15.4818	7	30.7057
15.5697	7	29.5413
15.6576	7	28.1772
15.7455	7	26.5518
15.8333	7	24.6
15.9212	7	22.2252
16.0091	7	19.3182
16.097	7	15.6493
16.1848	7	10.8619
16.2727	7	4.75307
16.3606	7	-3.02508
16.4485	7	-12.909
16.5364	7	-23.2785
16.6242	7	-28.8211
16.7121	7	-33.3205
16.8	7	-100
8.1	8	36.7615
8.18788	8	36.8719
8.27576	8	36.967
8.36364	8	37.0359
8.45152	8	37.0891
8.53939	8	37.1321
8.62727	8	37.169
8.71515	8	37.2026
8.80303	8	37.2314
8.89091	8	37.2587
8.97879	8	37.2835
9.06667	8	37.3067
9.15455	8	37.3287
9.24242	8	37.3492
9.3303	8	37.3688
9.41818	8	37.3872
9.50606	8	37.4047
9.59394	8	37.4214
9.68182	8	37.4371
9.7697	8	37.452
9.85758	8	37.4659
9.94545	8	37.479
10.0333	8	37.4913
10.1212	8	37.5026
10.2091	8	37.5129
10.297	8	37.5223
10.3848	8	37.5306
10.4727	8	37.5379
10.5606	8	37.5441
10.6485	8	37.5492
10.7364	8	37.5531
10.8242	8	37.5558
10.9121	8	37.6681
11	8	37.6681
11.0879	8	37.6668
11.1758	8	37.6639
11.2636	8	37.6597
11.3515	8	37.6537
11.4394	8	37.6463
11.5273	8	37.6372
11.6152	8	37.6264
11.703	8	37.6137
11.7909	8	37.5992
11.8788	8	37.5828
11.9667	8	37.5644
12.0545	8	37.5439
12.1424	8	37.5214
12.2303	8	37.4969
12.3182	8	37.4704
12.4061	8	37.442
12.4939	8	37.412
12.5818	8	37.3806
12.6697	8	37.3488
12.7576	8	37.3173
12.8455	8	37.2876
12.9333	8	37.4033
13.0212	8	37.3874
13.1091	8	37.3794
13.197	8	37.3805
13.2848	8	37.3906
13.3727	8	37.4087
13.4606	8	37.4321
13.5485	8	37.4572
13.6364	8	37.4805
13.7242	8	37.4988
13.8121	8	37.509
13.9	8	37.5621
13.9879	8	37.5469
14.0758	8	37.5156
14.1636	8	37.4637
14.2515	8	37.3864
14.3394	8	37.2783
14.4273	8	37.1337
14.5152	8	36.9752
14.603	8	36.721
14.6909	8	36.3953
14.7788	8	35.9797
14.8667	8	35.4515
14.9545	8	34.7916
15.0424	8	34.0303
15.1303	8	33.3321
15.2182	8	32.7599
15.3061	8	32.1712
15.3939	8	31.7658
15.4818	8	30.7682
15.5697	8	29.6179
15.6576	8	28.2766
15.7455	8	26.6861
15.8333	8	24.7852
15.9212	8	22.4787
16.0091	8	19.6608
16.097	8	16.1132
16.1848	8	11.4794
16.2727	8	5.5372
16.3606	8	-2.08051
16.4485	8	-11.7225
16.5364	8	-21.9008
16.6242	8	-27.2803
16.7121	8	-31.684
16.8	8	-100
8.1	9	36.8877
8.18788	9	36.9984
8.27576	9	37.0941
8.36364	9	37.1635
8.45152	9	37.217
8.53939	9	37.2606
8.62727	9	37.298
8.71515	9	37.332
8.80303	9	37.3612
8.89091	9	37.389
8.97879	9	37.4141
9.06667	9	37.4377
9.15455	9	37.46
9.24242	9	37.4808
9.3303	9	37.5007
9.41818	9	37.5193
9.50606	9	37.5371
9.59394	9	37.5538
9.68182	9	37.5697
9.7697	9	37.5846
9.85758	9	37.5986
9.94545	9	37.6116
10.0333	9	37.6237
10.1212	9	37.6349
10.2091	9	37.645
10.297	9	37.654
10.3848	9	37.662
10.4727	9	37.6689
10.5606	9	37.6746
10.6485	9	37.6791
10.7364	9	37.6823
10.8242	9	37.6842
10.9121	9	37.7953
11	9	37.7943
11.0879	9	37.792
11.1758	9	37.788
11.2636	9	37.7825
11.3515	9	37.7752
11.4394	9	37.7663
11.5273	9	37.7557
11.6152	9	37.7432
11.703	9	37.7289
11.7909	9	37.7125
11.8788	9	37.6941
11.9667	9	37.6737
12.0545	9	37.6511
12.1424	9	37.6264
12.2303	9	37.5996
12.3182	9	37.5708
12.4061	9	37.5401
12.4939	9	37.5076
12.5818	9	37.474
12.6697	9	37.4398
12.7576	9	37.4062
12.8455	9	37.3744
12.9333	9	37.4866
13.0212	9	37.4677
13.1091	9	37.4557
13.197	9	37.4511
13.2848	9	37.4537
13.3727	9	37.462
13.4606	9	37.4737
13.5485	9	37.4856
13.6364	9	37.4943
13.7242	9	37.4967
13.8121	9	37.4901
13.9	9	37.5216
13.9879	9	37.4876
14.0758	9	37.4369
14.1636	9	37.3654
14.2515	9	37.2683
14.3394	9	37.1403
14.4273	9	36.9756
14.5152	9	36.7947
14.603	9	36.522
14.6909	9	36.1798
14.7788	9	35.7512
14.8667	9	35.2168
14.9545	9	34.5643
15.0424	9	33.8317
15.1303	9	33.1646
15.2182	9	32.5955
15.3061	9	31.9986
15.3939	9	31.314
15.4818	9	30.7307
15.5697	9	29.5771
15.6576	9	28.2357
15.7455	9	26.647
15.8333	9	24.743
15.9212	9	22.4171
16.0091	9	19.57
16.097	9	16.0451
16.1848	9	11.491
16.2727	9	5.66387
16.3606	9	-1.79171
16.4485	9	-11.2362
16.5364	9	-20.83
16.6242	9	-25.8
16.7121	9	-30.0992
16.8	9	-100
8.1	10	37.0054
8.18788	10	37.1166
8.27576	10	37.2128
8.36364	10	37.2828
8.45152	10	37.3368
8.53939	10	37.381
8.62727	10	37.4188
8.71515	10	37.4533
8.80303	10	37.483
8.89091	10	37.5113
8.97879	10	37.5367
9.06667	10	37.5608
9.15455	10	37.5833
9.24242	10	37.6045
9.3303	10	37.6246
9.41818	10	37.6435
9.50606	10	37.6614
9.59394	10	37.6783
9.68182	10	37.6942
9.7697	10	37.7092
9.85758	10	37.7231
9.94545	10	37.7361
10.0333	10	37.748
10.1212	10	37.7589
10.2091	10	37.7687
10.297	10	37.7774
10.3848	10	37.7849
10.4727	10	37.7912
10.5606	10	37.7963
10.6485	10	37.8
10.7364	10	37.8024
10.8242	10	37.8034
10.9121	10	37.9131
11	10	37.911
11.0879	10	37.9074
11.1758	10	37.902
11.2636	10	37.8951
11.3515	10	37.8863
11.4394	10	37.8757
11.5273	10	37.8634
11.6152	10	37.849
11.703	10	37.8327
11.7909	10	37.8142
11.8788	10	37.7937
11.9667	10	37.7709
12.0545	10	37.746
12.1424	10	37.7188
12.2303	10	37.6895
12.3182	10	37.6581
12.4061	10	37.6247
12.4939	10	37.5898
12.5818	10	37.5538
12.6697	10	37.5174
12.7576	10	37.4818
12.8455	10	37.4481
12.9333	10	37.5574
13.0212	10	37.5362
13.1091	10	37.5209
13.197	10	37.5117
13.2848	10	37.5077
13.3727	10	37.5073
13.4606	10	37.5082
13.5485	10	37.5073
13.6364	10	37.5018
13.7242	10	37.4887
13.8121	10	37.4654
13.9	10	37.4755
13.9879	10	37.4224
14.0758	10	37.3516
14.1636	10	37.2593
14.2515	10	37.1406
14.3394	10	36.9905
14.4273	10	36.8028
14.5152	10	36.5947
14.603	10	36.2975
14.6909	10	35.93
14.7788	10	35.4767
14.8667	10	34.9218
14.9545	10	34.2637
15.0424	10	33.5557
15.1303	10	32.9237
15.2182	10	32.3562
15.3061	10	31.7413
15.3939	10	31.0345
15.4818	10	30.5789
15.5697	10	29.3982
15.6576	10	28.0258
15.7455	10	26.4001
15.8333	10	24.4495
15.9212	10	22.0661
16.0091	10	19.1486
16.097	10	15.5405
16.1848	10	10.8869
16.2727	10	4.93846
16.3606	10	-2.67005
16.4485	10	-11.7494
16.5364	10	-20.1511
16.6242	10	-24.1527
16.7121	10	-28.5474
16.8	10	-100
8.1	11	37.1216
8.18788	11	37.2332
8.27576	11	37.3301
8.36364	11	37.4007
8.45152	11	37.4551
8.53939	11	37.5
8.62727	11	37.5383
8.71515	11	37.5733
8.80303	11	37.6036
8.89091	11	37.6323
8.97879	11	37.6581
9.06667	11	37.6827
9.15455	11	37.7055
9.24242	11	37.727
9.3303	11	37.7474
9.41818	11	37.7665
9.50606	11	37.7846
9.59394	11	37.8016
9.68182	11	37.8175
9.7697	11	37.8324
9.85758	11	37.8463
9.94545	11	37.8591
10.0333	11	37.8707
10.1212	11	37.8813
10.2091	11	37.8907
10.297	11	37.8989
10.3848	11	37.9058
10.4727	11	37.9115
10.5606	11	37.9157
10.6485	11	37.9186
10.7364	11	37.9201
10.8242	11	37.92
10.9121	11	38.0279
11	11	38.0245
11.0879	11	38.0195
11.1758	11	38.0126
11.2636	11	38.004
11.3515	11	37.9933
11.4394	11	37.9809
11.5273	11	37.9666
11.6152	11	37.95
11.703	11	37.9315
11.7909	11	37.9107
11.8788	11	37.8876
11.9667	11	37.8623
12.0545	11	37.8346
12.1424	11	37.8047
12.2303	11	37.7725
12.3182	11	37.7383
12.4061	11	37.7021
12.4939	11	37.6644
12.5818	11	37.6257
12.6697	11	37.5868
12.7576	11	37.5487
12.8455	11	37.5126
12.9333	11	37.6177
13.0212	11	37.5929
13.1091	11	37.5731
13.197	11	37.5577
13.2848	11	37.5457
13.3727	11	37.5352
13.4606	11	37.5238
13.5485	11	37.5088
13.6364	11	37.4878
13.7242	11	37.4581
13.8121	11	37.4171
13.9	11	37.4052
13.9879	11	37.3325
14.0758	11	37.2409
14.1636	11	37.1267
14.2515	11	36.9854
14.3394	11	36.8117
14.4273	11	36.5999
14.5152	11	36.3637
14.603	11	36.041
14.6909	11	35.6472
14.7788	11	35.1683
14.8667	11	34.5936
14.9545	11	33.9348
15.0424	11	33.2563
15.1303	11	32.6523
15.2182	11	32.0784
15.3061	11	31.4417
15.3939	11	30.7095
15.4818	11	29.8578
15.5697	11	29.1641
15.6576	11	27.7545
15.7455	11	26.0835
15.8333	11	24.0747
15.9212	11	21.6166
16.0091	11	18.6033
16.097	11	14.8746
16.1848	11	10.0719
16.2727	11	3.94124
16.3606	11	-3.88961
16.4485	11	-12.2902
16.5364	11	-19.0691
16.6242	11	-22.9396
16.7121	11	-26.6593
16.8	11	-100
8.1	12	37.2309
8.18788	12	37.3431
8.27576	12	37.4406
8.36364	12	37.5118
8.45152	12	37.5668
8.53939	12	37.6124
8.62727	12	37.6513
8.71515	12	37.6868
8.80303	12	37.7176
8.89091	12	37.7469
8.97879	12	37.7731
9.06667	12	37.7981
9.15455	12	37.8212
9.24242	12	37.8431
9.3303	12	37.8636
9.41818	12	37.883
9.50606	12	37.9012
9.59394	12	37.9182
9.68182	12	37.9342
9.7697	12	37.949
9.85758	12	37.9627
9.94545	12	37.9752
10.0333	12	37.9865
10.1212	12	37.9966
10.2091	12	38.0055
10.297	12	38.0131
10.3848	12	38.0193
10.4727	12	38.024
10.5606	12	38.0274
10.6485	12	38.0292
10.7364	12	38.0295
10.8242	12	38.0281
10.9121	12	38.134
11	12	38.1291
11.0879	12	38.1224
11.1758	12	38.1136
11.2636	12	38.1031
11.3515	12	38.0904
11.4394	12	38.0758
11.5273	12	38.0592
11.6152	12	38.0402
11.703	12	38.0191
11.7909	12	37.9956
11.8788	12	37.9697
11.9667	12	37.9415
12.0545	12	37.9108
12.1424	12	37.8777
12.2303	12	37.8424
12.3182	12	37.8049
12.4061	12	37.7655
12.4939	12	37.7245
12.5818	12	37.6827
12.6697	12	37.6407
12.7576	12	37.5995
12.8455	12	37.5602
12.9333	12	37.6591
13.0212	12	37.6292
13.1091	12	37.6029
13.197	12	37.5796
13.2848	12	37.5578
13.3727	12	37.5356
13.4606	12	37.5105
13.5485	12	37.4801
13.6364	12	37.4422
13.7242	12	37.3944
13.8121	12	37.3346
13.9	12	37.2999
13.9879	12	37.2066
14.0758	12	37.0935
14.1636	12	36.9567
14.2515	12	36.7918
14.3394	12	36.5937
14.4273	12	36.3567
14.5152	12	36.0921
14.603	12	35.7438
14.6909	12	35.3245
14.7788	12	34.8221
14.8667	12	34.2323
14.9545	12	33.5804
15.0424	12	32.9323
15.1303	12	32.345
15.2182	12	31.758
15.3061	12	31.0979
15.3939	12	30.3391
15.4818	12	29.4584
15.5697	12	28.4185
15.6576	12	27.4362
15.7455	12	25.7186
15.8333	12	23.6495
15.9212	12	21.1054
16.0091	12	17.9479
16.097	12	13.9375
16.1848	12	8.79997
16.2727	12	2.35473
16.3606	12	-5.81248
16.4485	12	-13.3058
16.5364	12	-17.9903
16.6242	12	-21.6383
16.7121	12	-25.1816
16.8	12	-100
8.1	13	37.336
8.18788	13	37.4488
8.27576	13	37.5468
8.36364	13	37.6189
8.45152	13	37.6745
8.53939	13	37.7208
8.62727	13	37.7603
8.71515	13	37.7964
8.80303	13	37.8277
8.89091	13	37.8575
8.97879	13	37.8841
9.06667	13	37.9096
9.15455	13	37.933
9.24242	13	37.9552
9.3303	13	37.976
9.41818	13	37.9955
9.50606	13	38.0137
9.59394	13	38.0308
9.68182	13	38.0466
9.7697	13	38.0612
9.85758	13	38.0747
9.94545	13	38.0868
10.0333	13	38.0977
10.1212	13	38.1072
10.2091	13	38.1154
10.297	13	38.1221
10.3848	13	38.1274
10.4727	13	38.1312
10.5606	13	38.1333
10.6485	13	38.1339
10.7364	13	38.1328
10.8242	13	38.1299
10.9121	13	38.2335
11	13	38.2267
11.0879	13	38.218
11.1758	13	38.2072
11.2636	13	38.1945
11.3515	13	38.1794
11.4394	13	38.1623
11.5273	13	38.1431
11.6152	13	38.1213
11.703	13	38.0973
11.7909	13	38.0708
11.8788	13	38.0418
11.9667	13	38.0102
12.0545	13	37.9761
12.1424	13	37.9396
12.2303	13	37.9006
12.3182	13	37.8594
12.4061	13	37.8163
12.4939	13	37.7716
12.5818	13	37.7259
12.6697	13	37.6801
12.7576	13	37.6348
12.8455	13	37.591
12.9333	13	37.6814
13.0212	13	37.6445
13.1091	13	37.6098
13.197	13	37.5764
13.2848	13	37.543
13.3727	13	37.5073
13.4606	13	37.4672
13.5485	13	37.42
13.6364	13	37.3639
13.7242	13	37.2968
13.8121	13	37.2168
13.9	13	37.158
13.9879	13	37.0435
14.0758	13	36.9083
14.1636	13	36.7484
14.2515	13	36.5594
14.3394	13	36.3362
14.4273	13	36.0736
14.5152	13	35.7811
14.603	13	35.4084
14.6909	13	34.9659
14.7788	13	34.4446
14.8667	13	33.847
14.9545	13	33.2088
15.0424	13	32.5869
15.1303	13	32.0049
15.2182	13	31.401
15.3061	13	30.7176
15.3939	13	29.9334
15.4818	13	29.0251
15.5697	13	27.9539
15.6576	13	26.6776
15.7455	13	25.3294
15.8333	13	23.2082
15.9212	13	20.5991
16.0091	13	17.358
16.097	13	13.236
16.1848	13	7.9523
16.2727	13	1.32837
16.3606	13	-6.74443
16.4485	13	-13.3429
16.5364	13	-16.8438
16.6242	13	-20.3499
16.7121	13	-23.8187
16.8	13	-100
8.1	14	37.4341
8.18788	14	37.5477
8.27576	14	37.6464
8.36364	14	37.7193
8.45152	14	37.7755
8.53939	14	37.8226
8.62727	14	37.8627
8.71515	14	37.8994
8.80303	14	37.9313
8.89091	14	37.9616
8.97879	14	37.9887
9.06667	14	38.0146
9.15455	14	38.0383
9.24242	14	38.0607
9.3303	14	38.0816
9.41818	14	38.1012
9.50606	14	38.1195
9.59394	14	38.1364
9.68182	14	38.1521
9.7697	14	38.1664
9.85758	14	38.1794
9.94545	14	38.1911
10.0333	14	38.2013
10.1212	14	38.2101
10.2091	14	38.2174
10.297	14	38.2231
10.3848	14	38.2273
10.4727	14	38.2298
10.5606	14	38.2305
10.6485	14	38.2296
10.7364	14	38.2268
10.8242	14	38.2221
10.9121	14	38.3229
11	14	38.314
11.0879	14	38.3031
11.1758	14	38.2899
11.2636	14	38.2746
11.3515	14	38.2569
11.4394	14	38.2369
11.5273	14	38.2147
11.6152	14	38.1898
11.703	14	38.1625
11.7909	14	38.1326
11.8788	14	38.1
11.9667	14	38.0647
12.0545	14	38.0268
12.1424	14	37.9862
12.2303	14	37.9432
12.3182	14	37.8977
12.4061	14	37.8502
12.4939	14	37.801
12.5818	14	37.7506
12.6697	14	37.6997
12.7576	14	37.649
12.8455	14	37.599
12.9333	14	37.6782
13.0212	14	37.6321
13.1091	14	37.5865
13.197	14	37.5407
13.2848	14	37.4932
13.3727	14	37.4421
13.4606	14	37.3851
13.5485	14	37.3198
13.6364	14	37.2441
13.7242	14	37.1564
13.8121	14	37.0549
13.9	14	36.9709
13.9879	14	36.834
14.0758	14	36.676
14.1636	14	36.4928
14.2515	14	36.2795
14.3394	14	36.0314
14.4273	14	35.7436
14.5152	14	35.4248
14.603	14	35.0299
14.6909	14	34.5688
14.7788	14	34.0357
14.8667	14	33.4393
14.9545	14	32.8189
15.0424	14	32.2151
15.1303	14	31.6299
15.2182	14	31.0084
15.3061	14	30.3044
15.3939	14	29.4988
15.4818	14	28.5686
15.5697	14	27.4738
15.6576	14	26.1725
15.7455	14	24.5968
15.8333	14	22.8044
15.9212	14	20.1652
16.0091	14	16.8905
16.097	14	12.7269
16.1848	14	7.3815
16.2727	14	0.681508
16.3606	14	-6.66874
16.4485	14	-12.3551
16.5364	14	-15.6592
16.6242	14	-19.0785
16.7121	14	-22.4501
16.8	14	-100
8.1	15	37.5404
8.18788	15	37.6433
8.27576	15	37.7414
8.36364	15	37.8152
8.45152	15	37.8721
8.53939	15	37.92
8.62727	15	37.9607
8.71515	15	37.998
8.80303	15	38.0305
8.89091	15	38.0613
8.97879	15	38.0888
9.06667	15	38.115
9.15455	15	38.139
9.24242	15	38.1617
9.3303	15	38.1827
9.41818	15	38.2023
9.50606	15	38.2204
9.59394	15	38.2371
9.68182	15	38.2524
9.7697	15	38.2663
9.85758	15	38.2788
9.94545	15	38.2897
10.0333	15	38.2991
10.1212	15	38.3069
10.2091	15	38.3131
10.297	15	38.3176
10.3848	15	38.3204
10.4727	15	38.3214
10.5606	15	38.3205
10.6485	15	38.3177
10.7364	15	38.3129
10.8242	15	38.3061
10.9121	15	38.4038
11	15	38.3924
11.0879	15	38.3789
11.1758	15	38.3629
11.2636	15	38.3448
11.3515	15	38.324
11.4394	15	38.3008
11.5273	15	38.2753
11.6152	15	38.2469
11.703	15	38.2158
11.7909	15	38.1821
11.8788	15	38.1455
11.9667	15	38.1061
12.0545	15	38.0638
12.1424	15	38.0187
12.2303	15	37.9709
12.3182	15	37.9205
12.4061	15	37.8679
12.4939	15	37.8132
12.5818	15	37.7569
12.6697	15	37.6996
12.7576	15	37.6419
12.8455	15	37.584
12.9333	15	37.6489
13.0212	15	37.5915
13.1091	15	37.533
13.197	15	37.4725
13.2848	15	37.4089
13.3727	15	37.3405
13.4606	15	37.265
13.5485	15	37.1801
13.6364	15	37.0839
13.7242	15	36.9745
13.8121	15	36.8504
13.9	15	36.7402
13.9879	15	36.5799
14.0758	15	36.3983
14.1636	15	36.1913
14.2515	15	35.9539
14.3394	15	35.6814
14.4273	15	35.3695
14.5152	15	35.0263
14.603	15	34.6118
14.6909	15	34.1364
14.7788	15	33.598
14.8667	15	33.0094
14.9545	15	32.4065
15.0424	15	31.8128
15.1303	15	31.2192
15.2182	15	30.5806
15.3061	15	29.8587
15.3939	15	29.0358
15.4818	15	28.089
15.5697	15	26.9785
15.6576	15	25.663
15.7455	15	24.0762
15.8333	15	22.1347
15.9212	15	19.7995
16.0091	15	16.5388
16.097	15	12.3991
16.1848	15	6.9603
16.2727	15	0.0816561
16.3606	15	-6.53948
16.4485	15	-11.325
16.5364	15	-14.497
16.6242	15	-17.8336
16.7121	15	-21.1297
16.8	15	-100
8.1	16	37.6316
8.18788	16	37.7353
8.27576	16	37.8342
8.36364	16	37.9089
8.45152	16	37.9665
8.53939	16	38.0152
8.62727	16	38.0566
8.71515	16	38.0945
8.80303	16	38.1275
8.89091	16	38.1588
8.97879	16	38.1867
9.06667	16	38.2132
9.15455	16	38.2374
9.24242	16	38.2601
9.3303	16	38.2811
9.41818	16	38.3005
9.50606	16	38.3184
9.59394	16	38.3348
9.68182	16	38.3496
9.7697	16	38.3628
9.85758	16	38.3745
9.94545	16	38.3845
10.0333	16	38.3928
10.1212	16	38.3994
10.2091	16	38.4042
10.297	16	38.4073
10.3848	16	38.4084
10.4727	16	38.4075
10.5606	16	38.4046
10.6485	16	38.3997
10.7364	16	38.3927
10.8242	16	38.3834
10.9121	16	38.4774
11	16	38.4632
11.0879	16	38.4467
11.1758	16	38.4277
11.2636	16	38.4063
11.3515	16	38.382
11.4394	16	38.3553
11.5273	16	38.3259
11.6152	16	38.2936
11.703	16	38.2584
11.7909	16	38.2204
11.8788	16	38.1793
11.9667	16	38.1352
12.0545	16	38.088
12.1424	16	38.0378
12.2303	16	37.9846
12.3182	16	37.9286
12.4061	16	37.8699
12.4939	16	37.8088
12.5818	16	37.7455
12.6697	16	37.6805
12.7576	16	37.6142
12.8455	16	37.5466
12.9333	16	37.595
13.0212	16	37.5246
13.1091	16	37.4515
13.197	16	37.3749
13.2848	16	37.2937
13.3727	16	37.2064
13.4606	16	37.111
13.5485	16	37.0056
13.6364	16	36.8879
13.7242	16	36.7563
13.8121	16	36.609
13.9	16	36.472
13.9879	16	36.2875
14.0758	16	36.0816
14.1636	16	35.8503
14.2515	16	35.5887
14.3394	16	35.2922
14.4273	16	34.9569
14.5152	16	34.5909
14.603	16	34.1586
14.6909	16	33.6717
14.7788	16	33.1317
14.8667	16	32.553
14.9545	16	31.9641
15.0424	16	31.3738
15.1303	16	30.7682
15.2182	16	30.1116
15.3061	16	29.372
15.3939	16	28.5326
15.4818	16	27.571
15.5697	16	26.4474
15.6576	16	25.1217
15.7455	16	23.5297
15.8333	16	21.5909
15.9212	16	19.187
16.0091	16	16.2003
16.097	16	12.1176
16.1848	16	6.76601
16.2727	16	0.0081243
16.3606	16	-6.05712
16.4485	16	-10.2934
16.5364	16	-13.3628
16.6242	16	-16.6201
16.7121	16	-19.8422
16.8	16	-100
8.1	17	37.7227
8.18788	17	37.8273
8.27576	17	37.9269
8.36364	17	38.0025
8.45152	17	38.0609
8.53939	17	38.1104
8.62727	17	38.1524
8.71515	17	38.1908
8.80303	17	38.2244
8.89091	17	38.256
8.97879	17	38.2843
9.06667	17	38.3109
9.15455	17	38.3352
9.24242	17	38.3579
9.3303	17	38.3787
9.41818	17	38.3979
9.50606	17	38.4153
9.59394	17	38.4311
9.68182	17	38.4452
9.7697	17	38.4575
9.85758	17	38.4682
9.94545	17	38.477
10.0333	17	38.484
10.1212	17	38.489
10.2091	17	38.4922
10.297	17	38.4934
10.3848	17	38.4925
10.4727	17	38.4895
10.5606	17	38.4842
10.6485	17	38.4768
10.7364	17	38.4671
10.8242	17	38.455
10.9121	17	38.5448
11	17	38.5275
11.0879	17	38.5076
11.1758	17	38.4851
11.2636	17	38.46
11.3515	17	38.4319
11.4394	17	38.4011
11.5273	17	38.3675
11.6152	17	38.3308
11.703	17	38.291
11.7909	17	38.2482
11.8788	17	38.2021
11.9667	17	38.1527
12.0545	17	38.1
12.1424	17	38.044
12.2303	17	37.9847
12.3182	17	37.9222
12.4061	17	37.8566
12.4939	17	37.788
12.5818	17	37.7165
12.6697	17	37.6425
12.7576	17	37.566
12.8455	17	37.4872
12.9333	17	37.5169
13.0212	17	37.4321
13.1091	17	37.3432
13.197	17	37.2492
13.2848	17	37.1492
13.3727	17	37.0417
13.4606	17	36.9253
13.5485	17	36.7982
13.6364	17	36.6583
13.7242	17	36.5038
13.8121	17	36.3328
13.9	17	36.1687
13.9879	17	35.9595
14.0758	17	35.7285
14.1636	17	35.4722
14.2515	17	35.1859
14.3394	17	34.8654
14.4273	17	34.5072
14.5152	17	34.1195
14.603	17	33.6709
14.6909	17	33.1746
14.7788	17	32.6349
14.8667	17	32.0653
14.9545	17	31.4852
15.0424	17	30.892
15.1303	17	30.2706
15.2182	17	29.5936
15.3061	17	28.8338
15.3939	17	27.9755
15.4818	17	26.9966
15.5697	17	25.8577
15.6576	17	24.52
15.7455	17	22.921
15.8333	17	20.9833
15.9212	17	18.5935
16.0091	17	15.6201
16.097	17	11.7759
16.1848	17	6.52554
16.2727	17	-0.0880359
16.3606	17	-5.58397
16.4485	17	-9.28993
16.5364	17	-12.2638
16.6242	17	-15.4443
16.7121	17	-18.5933
16.8	17	-100
8.1	18	37.8151
8.18788	18	37.9205
8.27576	18	38.021
8.36364	18	38.0975
8.45152	18	38.1566
8.53939	18	38.2068
8.62727	18	38.2495
8.71515	18	38.2884
8.80303	18	38.3224
8.89091	18	38.3543
8.97879	18	38.3828
9.06667	18	38.4094
9.15455	18	38.4337
9.24242	18	38.4561
9.3303	18	38.4766
9.41818	18	38.4952
9.50606	18	38.5119
9.59394	18	38.5269
9.68182	18	38.5399
9.7697	18	38.5511
9.85758	18	38.5604
9.94545	18	38.5677
10.0333	18	38.573
10.1212	18	38.5762
10.2091	18	38.5773
10.297	18	38.5763
10.3848	18	38.573
10.4727	18	38.5674
10.5606	18	38.5595
10.6485	18	38.5491
10.7364	18	38.5364
10.8242	18	38.521
10.9121	18	38.6061
11	18	38.5851
11.0879	18	38.5614
11.1758	18	38.5349
11.2636	18	38.5057
11.3515	18	38.4732
11.4394	18	38.4379
11.5273	18	38.3996
11.6152	18	38.358
11.703	18	38.3131
11.7909	18	38.2649
11.8788	18	38.2133
11.9667	18	38.1581
12.0545	18	38.0993
12.1424	18	38.0369
12.2303	18	37.9709
12.3182	18	37.9012
12.4061	18	37.8281
12.4939	18	37.7514
12.5818	18	37.6712
12.6697	18	37.5877
12.7576	18	37.5008
12.8455	18	37.4104
12.9333	18	37.4215
13.0212	18	37.3224
13.1091	18	37.218
13.197	18	37.1072
13.2848	18	36.989
13.3727	18	36.862
13.4606	18	36.7251
13.5485	18	36.5765
13.6364	18	36.4146
13.7242	18	36.2373
13.8121	18	36.043
13.9	18	35.8521
13.9879	18	35.618
14.0758	18	35.3615
14.1636	18	35.0792
14.2515	18	34.767
14.3394	18	34.4208
14.4273	18	34.0377
14.5152	18	33.6258
14.603	18	33.1579
14.6909	18	32.6482
14.7788	18	32.1033
14.8667	18	31.5349
14.9545	18	30.9537
15.0424	18	30.3484
15.1303	18	29.7029
15.2182	18	28.9952
15.3061	18	28.2025
15.3939	18	27.3087
15.4818	18	26.2913
15.5697	18	25.1083
15.6576	18	23.7194
15.7455	18	22.0596
15.8333	18	20.0479
15.9212	18	17.5686
16.0091	18	14.4873
16.097	18	10.5642
16.1848	18	5.26511
16.2727	18	-1.13037
16.3606	18	-5.50034
16.4485	18	-8.32984
16.5364	18	-11.2018
16.6242	18	-14.3081
16.7121	18	-17.3854
16.8	18	-100
8.1	19	37.9028
8.18788	19	38.0091
8.27576	19	38.1104
8.36364	19	38.1877
8.45152	19	38.2476
8.53939	19	38.2985
8.62727	19	38.3417
8.71515	19	38.381
8.80303	19	38.4153
8.89091	19	38.4472
8.97879	19	38.4757
9.06667	19	38.5022
9.15455	19	38.5262
9.24242	19	38.5481
9.3303	19	38.5679
9.41818	19	38.5857
9.50606	19	38.6015
9.59394	19	38.6152
9.68182	19	38.6269
9.7697	19	38.6366
9.85758	19	38.6441
9.94545	19	38.6495
10.0333	19	38.6527
10.1212	19	38.6536
10.2091	19	38.6522
10.297	19	38.6485
10.3848	19	38.6424
10.4727	19	38.6338
10.5606	19	38.6226
10.6485	19	38.6089
10.7364	19	38.5925
10.8242	19	38.5735
10.9121	19	38.6531
11	19	38.628
11.0879	19	38.5999
11.1758	19	38.569
11.2636	19	38.5351
11.3515	19	38.4977
11.4394	19	38.4574
11.5273	19	38.4138
11.6152	19	38.3667
11.703	19	38.3161
11.7909	19	38.2619
11.8788	19	38.2041
11.9667	19	38.1423
12.0545	19	38.0767
12.1424	19	38.0072
12.2303	19	37.9336
12.3182	19	37.856
12.4061	19	37.7744
12.4939	19	37.6887
12.5818	19	37.5989
12.6697	19	37.5049
12.7576	19	37.4066
12.8455	19	37.3038
12.9333	19	37.2955
13.0212	19	37.1814
13.1091	19	37.0608
13.197	19	36.9328
13.2848	19	36.7961
13.3727	19	36.6494
13.4606	19	36.4916
13.5485	19	36.3213
13.6364	19	36.1369
13.7242	19	35.9365
13.8121	19	35.7184
13.9	19	35.5008
13.9879	19	35.2416
14.0758	19	34.9593
14.1636	19	34.6507
14.2515	19	34.3119
14.3394	19	33.9395
14.4273	19	33.5313
14.5152	19	33.0957
14.603	19	32.6092
14.6909	19	32.0866
14.7788	19	31.5348
14.8667	19	30.9616
14.9545	19	30.37
15.0424	19	29.7438
15.1303	19	29.0676
15.2182	19	28.3235
15.3061	19	27.4908
15.3939	19	26.5528
15.4818	19	25.4855
15.5697	19	24.2433
15.6576	19	22.7831
15.7455	19	21.0356
15.8333	19	18.9126
15.9212	19	16.2929
16.0091	19	13.0337
16.097	19	8.88481
16.1848	19	3.48528
16.2727	19	-1.32536
16.3606	19	-4.64115
16.4485	19	-7.33813
16.5364	19	-10.1487
16.6242	19	-13.1857
16.7121	19	-16.1917
16.8	19	-100
8.1	20	37.9878
8.18788	20	38.0949
8.27576	20	38.197
8.36364	20	38.275
8.45152	20	38.3356
8.53939	20	38.3869
8.62727	20	38.4306
8.71515	20	38.47
8.80303	20	38.5044
8.89091	20	38.5362
8.97879	20	38.5645
9.06667	20	38.5904
9.15455	20	38.6138
9.24242	20	38.6349
9.3303	20	38.6537
9.41818	20	38.6703
9.50606	20	38.6847
9.59394	20	38.6968
9.68182	20	38.7068
9.7697	20	38.7144
9.85758	20	38.7198
9.94545	20	38.7228
10.0333	20	38.7234
10.1212	20	38.7215
10.2091	20	38.7171
10.297	20	38.7103
10.3848	20	38.7008
10.4727	20	38.6886
10.5606	20	38.6737
10.6485	20	38.6561
10.7364	20	38.6356
10.8242	20	38.6123
10.9121	20	38.6857
11	20	38.656
11.0879	20	38.6231
11.1758	20	38.587
11.2636	20	38.5479
11.3515	20	38.5052
11.4394	20	38.4591
11.5273	20	38.4096
11.6152	20	38.3564
11.703	20	38.2994
11.7909	20	38.2386
11.8788	20	38.1738
11.9667	20	38.1048
12.0545	20	38.0317
12.1424	20	37.9541
12.2303	20	37.8722
12.3182	20	37.7857
12.4061	20	37.6947
12.4939	20	37.599
12.5818	20	37.4986
12.6697	20	37.3933
12.7576	20	37.2827
12.8455	20	37.1665
12.9333	20	37.1377
13.0212	20	37.0078
13.1091	20	36.8704
13.197	20	36.7245
13.2848	20	36.5689
13.3727	20	36.4023
13.4606	20	36.2236
13.5485	20	36.0313
13.6364	20	35.8242
13.7242	20	35.6003
13.8121	20	35.3582
13.9	20	35.114
13.9879	20	34.8299
14.0758	20	34.5221
14.1636	20	34.1875
14.2515	20	33.8225
14.3394	20	33.4244
14.4273	20	32.9919
14.5152	20	32.534
14.603	20	32.0305
14.6909	20	31.4955
14.7788	20	30.9343
14.8667	20	30.35
14.9545	20	29.7396
15.0424	20	29.0856
15.1303	20	28.3742
15.2182	20	27.5895
15.3061	20	26.7118
15.3939	20	25.7229
15.4818	20	24.5972
15.5697	20	23.2834
15.6576	20	21.7354
15.7455	20	19.878
15.8333	20	17.6143
15.9212	20	14.8143
16.0091	20	11.3228
16.097	20	6.88716
16.1848	20	1.75073
16.2727	20	-1.23212
16.3606	20	-3.7437
16.4485	20	-6.35368
16.5364	20	-9.1045
16.6242	20	-12.0737
16.7121	20	-15.0079
16.8	20	-100
8.1	21	38.0717
8.18788	21	38.1795
8.27576	21	38.2824
8.36364	21	38.3609
8.45152	21	38.422
8.53939	21	38.4736
8.62727	21	38.5173
8.71515	21	38.5567
8.80303	21	38.5909
8.89091	21	38.6221
8.97879	21	38.6499
9.06667	21	38.6749
9.15455	21	38.6973
9.24242	21	38.7171
9.3303	21	38.7345
9.41818	21	38.7494
9.50606	21	38.7619
9.59394	21	38.7719
9.68182	21	38.7795
9.7697	21	38.7847
9.85758	21	38.7873
9.94545	21	38.7874
10.0333	21	38.7848
10.1212	21	38.7796
10.2091	21	38.7717
10.297	21	38.7611
10.3848	21	38.7477
10.4727	21	38.7314
10.5606	21	38.7122
10.6485	21	38.6901
10.7364	21	38.665
10.8242	21	38.6367
10.9121	21	38.7033
11	21	38.6683
11.0879	21	38.6299
11.1758	21	38.5883
11.2636	21	38.5433
11.3515	21	38.4944
11.4394	21	38.4421
11.5273	21	38.3861
11.6152	21	38.3261
11.703	21	38.262
11.7909	21	38.1938
11.8788	21	38.1213
11.9667	21	38.0443
12.0545	21	37.9627
12.1424	21	37.8764
12.2303	21	37.7851
12.3182	21	37.6889
12.4061	21	37.5874
12.4939	21	37.4808
12.5818	21	37.3687
12.6697	21	37.2509
12.7576	21	37.127
12.8455	21	36.9966
12.9333	21	36.9465
13.0212	21	36.7999
13.1091	21	36.6449
13.197	21	36.4805
13.2848	21	36.3055
13.3727	21	36.1187
13.4606	21	35.9188
13.5485	21	35.7046
13.6364	21	35.4746
13.7242	21	35.2273
13.8121	21	34.9611
13.9	21	34.6906
13.9879	21	34.3819
14.0758	21	34.0493
14.1636	21	33.6897
14.2515	21	33.2998
14.3394	21	32.8773
14.4273	21	32.4224
14.5152	21	31.9443
14.603	21	31.4252
14.6909	21	30.8776
14.7788	21	30.3037
14.8667	21	29.7022
14.9545	21	29.0668
15.0424	21	28.381
15.1303	21	27.632
15.2182	21	26.8049
15.3061	21	25.8798
15.3939	21	24.8369
15.4818	21	23.6479
15.5697	21	22.2552
15.6576	21	20.6094
15.7455	21	18.6294
15.8333	21	16.2092
15.9212	21	13.2094
16.0091	21	9.46372
16.097	21	4.79949
16.1848	21	1.74088
16.2727	21	-0.504039
16.3606	21	-2.82207
16.4485	21	-5.37258
16.5364	21	-8.06412
16.6242	21	-10.9674
16.7121	21	-13.8289
16.8	21	-100
8.1	22	38.155
8.18788	22	38.2633
8.27576	22	38.3667
8.36364	22	38.4454
8.45152	22	38.5068
8.53939	22	38.5583
8.62727	22	38.6018
8.71515	22	38.6407
8.80303	22	38.6742
8.89091	22	38.7045
8.97879	22	38.7312
9.06667	22	38.7548
9.15455	22	38.7757
9.24242	22	38.7937
9.3303	22	38.809
9.41818	22	38.8217
9.50606	22	38.8317
9.59394	22	38.839
9.68182	22	38.8437
9.7697	22	38.8457
9.85758	22	38.845
9.94545	22	38.8415
10.0333	22	38.8351
10.1212	22	38.8259
10.2091	22	38.8139
10.297	22	38.7989
10.3848	22	38.7809
10.4727	22	38.7598
10.5606	22	38.7357
10.6485	22	38.7085
10.7364	22	38.678
10.8242	22	38.6443
10.9121	22	38.7031
11	22	38.6622
11.0879	22	38.6177
11.1758	22	38.5698
11.2636	22	38.5183
11.3515	22	38.4627
11.4394	22	38.4033
11.5273	22	38.34
11.6152	22	38.2725
11.703	22	38.2006
11.7909	22	38.1242
11.8788	22	38.0431
11.9667	22	37.9573
12.0545	22	37.8664
12.1424	22	37.7703
12.2303	22	37.6688
12.3182	22	37.5618
12.4061	22	37.449
12.4939	22	37.3302
12.5818	22	37.2054
12.6697	22	37.0741
12.7576	22	36.9359
12.8455	22	36.7903
12.9333	22	36.7181
13.0212	22	36.5543
13.1091	22	36.3811
13.197	22	36.1976
13.2848	22	36.0027
13.3727	22	35.7953
13.4606	22	35.5743
13.5485	22	35.3382
13.6364	22	35.0857
13.7242	22	34.8151
13.8121	22	34.5251
13.9	22	34.229
13.9879	22	33.8963
14.0758	22	33.5398
14.1636	22	33.1566
14.2515	22	32.7435
14.3394	22	32.2988
14.4273	22	31.8234
14.5152	22	31.327
14.603	22	30.7927
14.6909	22	30.2309
14.7788	22	29.6404
14.8667	22	29.0172
14.9545	22	28.3532
15.0424	22	27.6337
15.1303	22	26.8468
15.2182	22	25.9772
15.3061	22	25.0049
15.3939	22	23.9077
15.4818	22	22.6544
15.5697	22	21.1804
15.6576	22	19.4332
15.7455	22	17.3258
15.8333	22	14.7446
15.9212	22	11.5494
16.0091	22	7.75245
16.097	22	4.19972
16.1848	22	2.17653
16.2727	22	0.197666
16.3606	22	-1.89284
16.4485	22	-4.38272
16.5364	22	-7.00998
16.6242	22	-9.8545
16.7121	22	-12.6473
16.8	22	-100
8.1	23	38.2385
8.18788	23	38.3469
8.27576	23	38.4506
8.36364	23	38.5291
8.45152	23	38.5903
8.53939	23	38.6411
8.62727	23	38.684
8.71515	23	38.7218
8.80303	23	38.7541
8.89091	23	38.7828
8.97879	23	38.8078
9.06667	23	38.8294
9.15455	23	38.848
9.24242	23	38.8635
9.3303	23	38.8761
9.41818	23	38.8858
9.50606	23	38.8926
9.59394	23	38.8966
9.68182	23	38.8976
9.7697	23	38.8957
9.85758	23	38.8908
9.94545	23	38.883
10.0333	23	38.8722
10.1212	23	38.8583
10.2091	23	38.8413
10.297	23	38.8212
10.3848	23	38.7979
10.4727	23	38.7714
10.5606	23	38.7416
10.6485	23	38.7085
10.7364	23	38.6721
10.8242	23	38.6321
10.9121	23	38.6823
11	23	38.6347
11.0879	23	38.5834
11.1758	23	38.5284
11.2636	23	38.4696
11.3515	23	38.4065
11.4394	23	38.3394
11.5273	23	38.268
11.6152	23	38.1922
11.703	23	38.1115
11.7909	23	38.0261
11.8788	23	37.9357
11.9667	23	37.84
12.0545	23	37.7389
12.1424	23	37.6321
12.2303	23	37.5194
12.3182	23	37.4006
12.4061	23	37.2755
12.4939	23	37.1437
12.5818	23	37.0051
12.6697	23	36.8593
12.7576	23	36.7058
12.8455	23	36.5441
12.9333	23	36.4494
13.0212	23	36.2678
13.1091	23	36.0759
13.197	23	35.8729
13.2848	23	35.6579
13.3727	23	35.4297
13.4606	23	35.1873
13.5485	23	34.9297
13.6364	23	34.655
13.7242	23	34.3618
13.8121	23	34.0486
13.9	23	33.7279
13.9879	23	33.3721
14.0758	23	32.9929
14.1636	23	32.5877
14.2515	23	32.1534
14.3394	23	31.6887
14.4273	23	31.195
14.5152	23	30.6814
14.603	23	30.1318
14.6909	23	29.5538
14.7788	23	28.9439
14.8667	23	28.2964
14.9545	23	27.603
15.0424	23	26.8505
15.1303	23	26.0275
15.2182	23	25.1184
15.3061	23	24.1025
15.3939	23	22.9554
15.4818	23	21.6435
15.5697	23	20.0955
15.6576	23	18.2558
15.7455	23	16.0332
15.8333	23	13.3127
15.9212	23	10.0285
16.0091	23	6.62348
16.097	23	4.64937
16.1848	23	2.82442
16.2727	23	0.908266
16.3606	23	-1.12022
16.4485	23	-3.27038
16.5364	23	-5.95777
16.6242	23	-8.74848
16.7121	23	-11.4705
16.8	23	-100
8.1	24	38.3226
8.18788	24	38.4308
8.27576	24	38.5341
8.36364	24	38.6119
8.45152	24	38.6723
8.53939	24	38.722
8.62727	24	38.7635
8.71515	24	38.7995
8.80303	24	38.8297
8.89091	24	38.8561
8.97879	24	38.8785
9.06667	24	38.8973
9.15455	24	38.9128
9.24242	24	38.9249
9.3303	24	38.9339
9.41818	24	38.9398
9.50606	24	38.9425
9.59394	24	38.9421
9.68182	24	38.9386
9.7697	24	38.932
9.85758	24	38.9221
9.94545	24	38.9092
10.0333	24	38.8929
10.1212	24	38.8734
10.2091	24	38.8507
10.297	24	38.8246
10.3848	24	38.7952
10.4727	24	38.7624
10.5606	24	38.7262
10.6485	24	38.6864
10.7364	24	38.6431
10.8242	24	38.5962
10.9121	24	38.6365
11	24	38.5815
11.0879	24	38.5226
11.1758	24	38.4597
11.2636	24	38.3929
11.3515	24	38.3214
11.4394	24	38.2456
11.5273	24	38.1653
11.6152	24	38.0802
11.703	24	37.99
11.7909	24	37.8946
11.8788	24	37.7938
11.9667	24	37.6873
12.0545	24	37.575
12.1424	24	37.4565
12.2303	24	37.3317
12.3182	24	37.2001
12.4061	24	37.0616
12.4939	24	36.9158
12.5818	24	36.7624
12.6697	24	36.6012
12.7576	24	36.4315
12.8455	24	36.2529
12.9333	24	36.1351
13.0212	24	35.9352
13.1091	24	35.7242
13.197	24	35.5015
13.2848	24	35.2661
13.3727	24	35.017
13.4606	24	34.7534
13.5485	24	34.4743
13.6364	24	34.1781
13.7242	24	33.863
13.8121	24	33.5278
13.9	24	33.1837
13.9879	24	32.8062
14.0758	24	32.406
14.1636	24	31.9805
14.2515	24	31.5271
14.3394	24	31.0447
14.4273	24	30.5346
14.5152	24	30.0049
14.603	24	29.4396
14.6909	24	28.8443
14.7788	24	28.2139
14.8667	24	27.5423
14.9545	24	26.8217
15.0424	24	26.04
15.1303	24	25.1861
15.2182	24	24.2446
15.3061	24	23.1943
15.3939	24	22.01
15.4818	24	20.6564
15.5697	24	19.0587
15.6576	24	17.1599
15.7455	24	14.8686
15.8333	24	12.1045
15.9212	24	9.20069
16.0091	24	6.91291
16.097	24	5.23147
16.1848	24	3.47802
16.2727	24	1.62074
16.3606	24	-0.346235
16.4485	24	-2.43252
16.5364	24	-4.6424
16.6242	24	-7.65338
16.7121	24	-10.3025
16.8	24	-100
8.1	25	38.4063
8.18788	25	38.5135
8.27576	25	38.6159
8.36364	25	38.6921
8.45152	25	38.7509
8.53939	25	38.7985
8.62727	25	38.8376
8.71515	25	38.8709
8.80303	25	38.8981
8.89091	25	38.9211
8.97879	25	38.9399
9.06667	25	38.9547
9.15455	25	38.966
9.24242	25	38.9737
9.3303	25	38.978
9.41818	25	38.9789
9.50606	25	38.9764
9.59394	25	38.9706
9.68182	25	38.9615
9.7697	25	38.949
9.85758	25	38.9331
9.94545	25	38.9139
10.0333	25	38.8912
10.1212	25	38.8651
10.2091	25	38.8356
10.297	25	38.8026
10.3848	25	38.766
10.4727	25	38.7259
10.5606	25	38.6822
10.6485	25	38.6349
10.7364	25	38.5837
10.8242	25	38.5288
10.9121	25	38.5583
11	25	38.4949
11.0879	25	38.4274
11.1758	25	38.3557
11.2636	25	38.2797
11.3515	25	38.1989
11.4394	25	38.1135
11.5273	25	38.0233
11.6152	25	37.928
11.703	25	37.8272
11.7909	25	37.7208
11.8788	25	37.6087
11.9667	25	37.4905
12.0545	25	37.366
12.1424	25	37.2349
12.2303	25	37.0968
12.3182	25	36.9516
12.4061	25	36.7988
12.4939	25	36.6381
12.5818	25	36.4693
12.6697	25	36.2919
12.7576	25	36.1054
12.8455	25	35.9093
12.9333	25	35.768
13.0212	25	35.5495
13.1091	25	35.3195
13.197	25	35.0771
13.2848	25	34.8213
13.3727	25	34.5515
13.4606	25	34.267
13.5485	25	33.9669
13.6364	25	33.6497
13.7242	25	33.3137
13.8121	25	32.9575
13.9	25	32.5915
13.9879	25	32.1937
14.0758	25	31.7738
14.1636	25	31.3296
14.2515	25	30.8586
14.3394	25	30.3597
14.4273	25	29.8339
14.5152	25	29.288
14.603	25	28.7065
14.6909	25	28.0931
14.7788	25	27.4425
14.8667	25	26.7484
14.9545	25	26.0036
15.0424	25	25.1972
15.1303	25	24.3185
15.2182	25	23.3523
15.3061	25	22.278
15.3939	25	21.0703
15.4818	25	19.6944
15.5697	25	18.0757
15.6576	25	16.1593
15.7455	25	13.8752
15.8333	25	11.3159
15.9212	25	9.05768
16.0091	25	7.42797
16.097	25	5.82656
16.1848	25	4.12808
16.2727	25	2.32866
16.3606	25	0.42249
16.4485	25	-1.60035
16.5364	25	-3.74421
16.6242	25	-6.01556
16.7121	25	-9.13947
16.8	25	-100
8.1	26	38.4867
8.18788	26	38.592
8.27576	26	38.6925
8.36364	26	38.766
8.45152	26	38.822
8.53939	26	38.8664
8.62727	26	38.9018
8.71515	26	38.931
8.80303	26	38.9538
8.89091	26	38.9719
8.97879	26	38.9857
9.06667	26	38.9951
9.15455	26	39.0007
9.24242	26	39.0025
9.3303	26	39.0006
9.41818	26	38.9951
9.50606	26	38.986
9.59394	26	38.9734
9.68182	26	38.9572
9.7697	26	38.9375
9.85758	26	38.9142
9.94545	26	38.8874
10.0333	26	38.857
10.1212	26	38.823
10.2091	26	38.7854
10.297	26	38.7442
10.3848	26	38.6993
10.4727	26	38.6507
10.5606	26	38.5984
10.6485	26	38.5422
10.7364	26	38.4822
10.8242	26	38.4181
10.9121	26	38.4352
11	26	38.3623
11.0879	26	38.2851
11.1758	26	38.2035
11.2636	26	38.1173
11.3515	26	38.0261
11.4394	26	37.93
11.5273	26	37.8287
11.6152	26	37.7221
11.703	26	37.6097
11.7909	26	37.4914
11.8788	26	37.3669
11.9667	26	37.2359
12.0545	26	37.0983
12.1424	26	36.9536
12.2303	26	36.8015
12.3182	26	36.6417
12.4061	26	36.4739
12.4939	26	36.2978
12.5818	26	36.1129
12.6697	26	35.9188
12.7576	26	35.7151
12.8455	26	35.5011
12.9333	26	35.3367
13.0212	26	35.0995
13.1091	26	34.8505
13.197	26	34.5886
13.2848	26	34.313
13.3727	26	34.023
13.4606	26	33.7181
13.5485	26	33.3975
13.6364	26	33.0601
13.7242	26	32.7039
13.8121	26	32.3276
13.9	26	31.9411
13.9879	26	31.5241
14.0758	26	31.0855
14.1636	26	30.6234
14.2515	26	30.1353
14.3394	26	29.62
14.4273	26	29.0783
14.5152	26	28.5156
14.603	26	27.917
14.6909	26	27.2854
14.7788	26	26.6151
14.8667	26	25.9004
14.9545	26	25.1344
15.0424	26	24.3073
15.1303	26	23.4089
15.2182	26	22.4248
15.3061	26	21.3353
15.3939	26	20.1163
15.4818	26	18.7347
15.5697	26	17.1213
15.6576	26	15.236
15.7455	26	13.103
15.8333	26	11.0932
15.9212	26	9.44717
16.0091	26	7.96347
16.097	26	6.41419
16.1848	26	4.76878
16.2727	26	3.02579
16.3606	26	1.17918
16.4485	26	-0.781433
16.5364	26	-2.86069
16.6242	26	-5.06636
16.7121	26	-8.00652
16.8	26	-100
8.1	27	38.5535
8.18788	27	38.6555
8.27576	27	38.7526
8.36364	27	38.8218
8.45152	27	38.8734
8.53939	27	38.9127
8.62727	27	38.9427
8.71515	27	38.9659
8.80303	27	38.9821
8.89091	27	38.9934
8.97879	27	38.9999
9.06667	27	39.0019
9.15455	27	38.9998
9.24242	27	38.9935
9.3303	27	38.9834
9.41818	27	38.9695
9.50606	27	38.9518
9.59394	27	38.9303
9.68182	27	38.9052
9.7697	27	38.8764
9.85758	27	38.8439
9.94545	27	38.8077
10.0333	27	38.7679
10.1212	27	38.7243
10.2091	27	38.677
10.297	27	38.626
10.3848	27	38.5712
10.4727	27	38.5126
10.5606	27	38.4501
10.6485	27	38.3836
10.7364	27	38.3132
10.8242	27	38.2386
10.9121	27	38.2415
11	27	38.1577
11.0879	27	38.0694
11.1758	27	37.9765
11.2636	27	37.8788
11.3515	27	37.7758
11.4394	27	37.6677
11.5273	27	37.5542
11.6152	27	37.435
11.703	27	37.3098
11.7909	27	37.1783
11.8788	27	37.0404
11.9667	27	36.8956
12.0545	27	36.7438
12.1424	27	36.5845
12.2303	27	36.4174
12.3182	27	36.2423
12.4061	27	36.0587
12.4939	27	35.8664
12.5818	27	35.6648
12.6697	27	35.4537
12.7576	27	35.2324
12.8455	27	35.0004
12.9333	27	34.8128
13.0212	27	34.557
13.1091	27	34.2889
13.197	27	34.0077
13.2848	27	33.7126
13.3727	27	33.4027
13.4606	27	33.0778
13.5485	27	32.7373
13.6364	27	32.38
13.7242	27	32.0041
13.8121	27	31.6084
13.9	27	31.2018
13.9879	27	30.7661
14.0758	27	30.3091
14.1636	27	29.8292
14.2515	27	29.3239
14.3394	27	28.7918
14.4273	27	28.2333
14.5152	27	27.653
14.603	27	27.0368
14.6909	27	26.3868
14.7788	27	25.6978
14.8667	27	24.9641
14.9545	27	24.1798
15.0424	27	23.336
15.1303	27	22.4234
15.2182	27	21.4286
15.3061	27	20.3339
15.3939	27	19.1181
15.4818	27	17.7546
15.5697	27	16.1984
15.6576	27	14.4874
15.7455	27	12.8088
15.8333	27	11.3125
15.9212	27	9.91857
16.0091	27	8.49199
16.097	27	6.98946
16.1848	27	5.39479
16.2727	27	3.70616
16.3606	27	1.91725
16.4485	27	0.0172382
16.5364	27	-1.99905
16.6242	27	-4.14094
16.7121	27	-6.43152
16.8	27	-100
8.1	28	38.5887
8.18788	28	38.6851
8.27576	28	38.7767
8.36364	28	38.8387
8.45152	28	38.8833
8.53939	28	38.9151
8.62727	28	38.9366
8.71515	28	38.9509
8.80303	28	38.9574
8.89091	28	38.9586
8.97879	28	38.9547
9.06667	28	38.9461
9.15455	28	38.933
9.24242	28	38.9156
9.3303	28	38.8942
9.41818	28	38.8689
9.50606	28	38.8397
9.59394	28	38.8068
9.68182	28	38.77
9.7697	28	38.7295
9.85758	28	38.6853
9.94545	28	38.6374
10.0333	28	38.5858
10.1212	28	38.5304
10.2091	28	38.4713
10.297	28	38.4083
10.3848	28	38.3416
10.4727	28	38.271
10.5606	28	38.1964
10.6485	28	38.1178
10.7364	28	38.0351
10.8242	28	37.9482
10.9121	28	37.9348
11	28	37.8384
11.0879	28	37.7374
11.1758	28	37.6316
11.2636	28	37.5209
11.3515	28	37.4046
11.4394	28	37.283
11.5273	28	37.1558
11.6152	28	37.0227
11.703	28	36.8834
11.7909	28	36.7374
11.8788	28	36.5847
11.9667	28	36.425
12.0545	28	36.2579
12.1424	28	36.083
12.2303	28	35.9
12.3182	28	35.7086
12.4061	28	35.5084
12.4939	28	35.2991
12.5818	28	35.0802
12.6697	28	34.8514
12.7576	28	34.612
12.8455	28	34.3615
12.9333	28	34.1508
13.0212	28	33.8761
13.1091	28	33.5889
13.197	28	33.2884
13.2848	28	32.9737
13.3727	28	32.6442
13.4606	28	32.2996
13.5485	28	31.9395
13.6364	28	31.5626
13.7242	28	31.1674
13.8121	28	30.7526
13.9	28	30.3266
13.9879	28	29.8725
14.0758	28	29.3977
14.1636	28	28.9004
14.2515	28	28.3781
14.3394	28	27.8295
14.4273	28	27.2547
14.5152	28	26.6577
14.603	28	26.0254
14.6909	28	25.3596
14.7788	28	24.6558
14.8667	28	23.9093
14.9545	28	23.1155
15.0424	28	22.2674
15.1303	28	21.3579
15.2182	28	20.3778
15.3061	28	19.3158
15.3939	28	18.164
15.4818	28	16.9231
15.5697	28	15.611
15.6576	28	14.2942
15.7455	28	13.005
15.8333	28	11.718
15.9212	28	10.3951
16.0091	28	9.01168
16.097	28	7.55295
16.1848	28	6.00607
16.2727	28	4.36891
16.3606	28	2.6351
16.4485	28	0.793389
16.5364	28	-1.16182
16.6242	28	-3.24025
16.7121	28	-5.46528
16.8	28	-7.85021
8.1	29	38.5137
8.18788	29	38.5996
8.27576	29	38.6822
8.36364	29	38.7313
8.45152	29	38.7647
8.53939	29	38.7848
8.62727	29	38.7926
8.71515	29	38.7929
8.80303	29	38.7838
8.89091	29	38.7694
8.97879	29	38.7494
9.06667	29	38.7246
9.15455	29	38.6951
9.24242	29	38.6613
9.3303	29	38.6236
9.41818	29	38.5821
9.50606	29	38.5369
9.59394	29	38.4881
9.68182	29	38.4357
9.7697	29	38.3797
9.85758	29	38.3202
9.94545	29	38.257
10.0333	29	38.1903
10.1212	29	38.12
10.2091	29	38.0459
10.297	29	37.9682
10.3848	29	37.8868
10.4727	29	37.8015
10.5606	29	37.7123
10.6485	29	37.6191
10.7364	29	37.5218
10.8242	29	37.4202
10.9121	29	37.3878
11	29	37.2767
11.0879	29	37.1609
11.1758	29	37.0403
11.2636	29	36.9145
11.3515	29	36.7831
11.4394	29	36.6462
11.5273	29	36.5034
11.6152	29	36.3547
11.703	29	36.1995
11.7909	29	36.0374
11.8788	29	35.8683
11.9667	29	35.6918
12.0545	29	35.5078
12.1424	29	35.3156
12.2303	29	35.115
12.3182	29	34.9056
12.4061	29	34.6871
12.4939	29	34.4591
12.5818	29	34.2212
12.6697	29	33.9729
12.7576	29	33.7136
12.8455	29	33.443
12.9333	29	33.2076
13.0212	29	32.9124
13.1091	29	32.6046
13.197	29	32.2834
13.2848	29	31.9481
13.3727	29	31.5981
13.4606	29	31.2334
13.5485	29	30.8536
13.6364	29	30.4578
13.7242	29	30.0442
13.8121	29	29.6116
13.9	29	29.1683
13.9879	29	28.6987
14.0758	29	28.2096
14.1636	29	27.6994
14.2515	29	27.1658
14.3394	29	26.608
14.4273	29	26.0262
14.5152	29	25.4252
14.603	29	24.7925
14.6909	29	24.1318
14.7788	29	23.4407
14.8667	29	22.7178
14.9545	29	21.9628
15.0424	29	21.1727
15.1303	29	20.3467
15.2182	29	19.4833
15.3061	29	18.5778
15.3939	29	17.6286
15.4818	29	16.6336
15.5697	29	15.588
15.6576	29	14.4906
15.7455	29	13.337
15.8333	29	12.1249
15.9212	29	10.8484
16.0091	29	9.50427
16.097	29	8.08522
16.1848	29	6.58133
16.2727	29	4.99075
16.3606	29	3.30721
16.4485	29	1.51932
16.5364	29	-0.378939
16.6242	29	-2.39774
16.7121	29	-4.56096
16.8	29	-6.88413
