6	0	0.0751617	42.5784
6.10808	0	0.0751617	42.5784
6.21616	0	0.0751617	42.5783
6.32424	0	0.0751617	42.5783
6.43232	0	0.0751617	42.5783
6.5404	0	0.0751617	42.5782
6.64848	0	0.0751617	42.5782
6.75657	0	0.0751617	42.578
6.86465	0	0.0751617	42.5778
6.97273	0	0.0751617	42.5775
7.08081	0	0.0751617	42.5769
7.18889	0	0.0751617	42.576
7.29697	0	0.0751617	42.5745
7.40505	0	0.0751617	42.572
7.51313	0	0.0751617	42.5682
7.62121	0	0.0751617	42.5621
7.72929	0	0.0751617	42.5526
7.83737	0	0.0751617	42.537
7.94545	0	0.0751617	42.4993
8.05354	0	0.0751617	42.4463
8.16162	0	0.0751617	42.3789
8.2697	0	0.0751617	42.3033
8.37778	0	0.0751617	42.2245
8.48586	0	0.0751617	42.1427
8.59394	0	0.0751617	42.0586
8.70202	0	0.0751617	41.9732
8.8101	0	0.0751617	41.8865
8.91818	0	0.0751617	41.7981
9.02626	0	0.0751617	41.7092
9.13434	0	0.0751617	41.621
9.24242	0	0.0751617	41.5298
9.35051	0	0.0751617	41.438
9.45859	0	0.0751617	41.347
9.56667	0	0.0751617	41.2531
9.67475	0	0.0751617	41.1616
9.78283	0	0.0751617	41.0707
9.89091	0	0.0751617	40.9743
9.99899	0	0.0751617	40.8828
10.1071	0	0.0751617	40.785
10.2152	0	0.0751617	40.6956
10.3232	0	0.0751617	40.604
10.4313	0	0.0751617	40.5064
10.5394	0	0.0751617	40.4114
10.6475	0	0.0751617	40.3135
10.7556	0	0.0751617	40.2216
10.8636	0	0.0751617	40.1146
10.9717	0	0.0751617	40.0067
11.0798	0	0.0751617	39.897
11.1879	0	0.0751617	39.7862
11.296	0	0.0751617	39.6746
11.404	0	0.0751617	39.5602
11.5121	0	0.0751617	39.4454
11.6202	0	0.0751617	39.3279
11.7283	0	0.0751617	39.2119
11.8364	0	0.0751617	39.0919
11.9444	0	0.0751617	38.9717
12.0525	0	0.0751617	38.8473
12.1606	0	0.0751617	38.7329
12.2687	0	0.0751617	38.6061
12.3768	0	0.0751617	38.4812
12.4848	0	0.0751617	38.3656
12.5929	0	0.0751617	38.2382
12.701	0	0.0751617	38.1089
12.8091	0	0.0751617	37.9849
12.9172	0	0.0751617	37.8424
13.0253	0	0.0751617	37.6998
13.1333	0	0.0751617	37.5553
13.2414	0	0.0751617	37.4104
13.3495	0	0.0751617	37.2671
13.4576	0	0.0751617	37.1237
13.5657	0	0.0751617	36.9847
13.6737	0	0.0751617	36.8438
13.7818	0	0.0751617	36.7064
13.8899	0	0.0751617	36.5673
13.998	0	0.0751617	36.43
14.1061	0	0.0751617	36.2948
14.2141	0	0.0751617	36.1599
14.3222	0	0.0751617	36.0243
14.4303	0	0.0751617	35.8854
14.5384	0	0.0751617	35.7426
14.6465	0	0.0751617	35.5982
14.7545	0	0.0751617	35.4553
14.8626	0	0.0751617	35.309
14.9707	0	0.0751617	35.1567
15.0788	0	0.0751617	34.9949
15.1869	0	0.0751617	34.8168
15.2949	0	0.0751617	34.6163
15.403	0	0.0751617	34.3894
15.5111	0	0.0751617	34.127
15.6192	0	0.0751617	33.8249
15.7273	0	0.0751617	33.477
15.8354	0	0.0751617	33.0771
15.9434	0	0.0751617	32.619
16.0515	0	0.0751617	32.0941
16.1596	0	0.0751617	31.4876
16.2677	0	0.0751617	30.7802
16.3758	0	0.0751617	29.9502
16.4838	0	0.0751617	28.9359
16.5919	0	0.0751617	27.7315
16.7	0	0.0751617	26.448
6	1	0.140371	42.5203
6.10808	1	0.140371	42.5203
6.21616	1	0.140371	42.5203
6.32424	1	0.140371	42.5203
6.43232	1	0.140371	42.5203
6.5404	1	0.140371	42.5202
6.64848	1	0.140371	42.5202
6.75657	1	0.140371	42.52
6.86465	1	0.140371	42.5198
6.97273	1	0.140371	42.5194
7.08081	1	0.140371	42.5189
7.18889	1	0.140371	42.5179
7.29697	1	0.140371	42.5164
7.40505	1	0.140371	42.514
7.51313	1	0.140371	42.5101
7.62121	1	0.140371	42.504
7.72929	1	0.140371	42.4944
7.83737	1	0.140371	42.4787
7.94545	1	0.140371	42.4411
8.05354	1	0.140371	42.3883
8.16162	1	0.140371	42.3214
8.2697	1	0.140371	42.2466
8.37778	1	0.140371	42.1684
8.48586	1	0.140371	42.0873
8.59394	1	0.140371	42.0038
8.70202	1	0.140371	41.919
8.8101	1	0.140371	41.8328
8.91818	1	0.140371	41.7449
9.02626	1	0.140371	41.6564
9.13434	1	0.140371	41.5685
9.24242	1	0.140371	41.4775
9.35051	1	0.140371	41.3859
9.45859	1	0.140371	41.2949
9.56667	1	0.140371	41.201
9.67475	1	0.140371	41.1093
9.78283	1	0.140371	41.0182
9.89091	1	0.140371	40.9214
9.99899	1	0.140371	40.8294
10.1071	1	0.140371	40.7309
10.2152	1	0.140371	40.6408
10.3232	1	0.140371	40.5483
10.4313	1	0.140371	40.4497
10.5394	1	0.140371	40.3535
10.6475	1	0.140371	40.2543
10.7556	1	0.140371	40.1611
10.8636	1	0.140371	40.0524
10.9717	1	0.140371	39.9425
11.0798	1	0.140371	39.8308
11.1879	1	0.140371	39.7176
11.296	1	0.140371	39.6035
11.404	1	0.140371	39.4864
11.5121	1	0.140371	39.3685
11.6202	1	0.140371	39.2478
11.7283	1	0.140371	39.1281
11.8364	1	0.140371	39.0043
11.9444	1	0.140371	38.8799
12.0525	1	0.140371	38.7511
12.1606	1	0.140371	38.6315
12.2687	1	0.140371	38.4995
12.3768	1	0.140371	38.3689
12.4848	1	0.140371	38.2474
12.5929	1	0.140371	38.1135
12.701	1	0.140371	37.9771
12.8091	1	0.140371	37.8459
12.9172	1	0.140371	37.6944
13.0253	1	0.140371	37.5414
13.1333	1	0.140371	37.3852
13.2414	1	0.140371	37.2269
13.3495	1	0.140371	37.0683
13.4576	1	0.140371	36.9073
13.5657	1	0.140371	36.7485
13.6737	1	0.140371	36.5856
13.7818	1	0.140371	36.4237
13.8899	1	0.140371	36.2574
13.998	1	0.140371	36.0907
14.1061	1	0.140371	35.9242
14.2141	1	0.140371	35.7563
14.3222	1	0.140371	35.5848
14.4303	1	0.140371	35.4061
14.5384	1	0.140371	35.2157
14.6465	1	0.140371	35.0163
14.7545	1	0.140371	34.81
14.8626	1	0.140371	34.5916
14.9707	1	0.140371	34.3609
15.0788	1	0.140371	34.1177
15.1869	1	0.140371	33.8591
15.2949	1	0.140371	33.5838
15.403	1	0.140371	33.2923
15.5111	1	0.140371	32.978
15.6192	1	0.140371	32.6379
15.7273	1	0.140371	32.2679
15.8354	1	0.140371	31.8589
15.9434	1	0.140371	31.4048
16.0515	1	0.140371	30.8983
16.1596	1	0.140371	30.3289
16.2677	1	0.140371	29.6787
16.3758	1	0.140371	28.9266
16.4838	1	0.140371	28.0076
16.5919	1	0.140371	26.9068
16.7	1	0.140371	25.6922
6	2	0.20558	42.5052
6.10808	2	0.20558	42.5052
6.21616	2	0.20558	42.5052
6.32424	2	0.20558	42.5052
6.43232	2	0.20558	42.5052
6.5404	2	0.20558	42.5051
6.64848	2	0.20558	42.505
6.75657	2	0.20558	42.5049
6.86465	2	0.20558	42.5047
6.97273	2	0.20558	42.5043
7.08081	2	0.20558	42.5038
7.18889	2	0.20558	42.5028
7.29697	2	0.20558	42.5013
7.40505	2	0.20558	42.4989
7.51313	2	0.20558	42.4951
7.62121	2	0.20558	42.489
7.72929	2	0.20558	42.4795
7.83737	2	0.20558	42.4638
7.94545	2	0.20558	42.4266
8.05354	2	0.20558	42.3742
8.16162	2	0.20558	42.3078
8.2697	2	0.20558	42.2335
8.37778	2	0.20558	42.1559
8.48586	2	0.20558	42.0753
8.59394	2	0.20558	41.9923
8.70202	2	0.20558	41.9079
8.8101	2	0.20558	41.8221
8.91818	2	0.20558	41.7345
9.02626	2	0.20558	41.6462
9.13434	2	0.20558	41.5585
9.24242	2	0.20558	41.4677
9.35051	2	0.20558	41.3761
9.45859	2	0.20558	41.2851
9.56667	2	0.20558	41.1911
9.67475	2	0.20558	41.0992
9.78283	2	0.20558	41.0077
9.89091	2	0.20558	40.9105
9.99899	2	0.20558	40.8179
10.1071	2	0.20558	40.7188
10.2152	2	0.20558	40.628
10.3232	2	0.20558	40.5346
10.4313	2	0.20558	40.435
10.5394	2	0.20558	40.3378
10.6475	2	0.20558	40.2374
10.7556	2	0.20558	40.1429
10.8636	2	0.20558	40.0327
10.9717	2	0.20558	39.9211
11.0798	2	0.20558	39.8075
11.1879	2	0.20558	39.6923
11.296	2	0.20558	39.5759
11.404	2	0.20558	39.4564
11.5121	2	0.20558	39.3359
11.6202	2	0.20558	39.2124
11.7283	2	0.20558	39.0896
11.8364	2	0.20558	38.9624
11.9444	2	0.20558	38.8345
12.0525	2	0.20558	38.702
12.1606	2	0.20558	38.578
12.2687	2	0.20558	38.4419
12.3768	2	0.20558	38.3067
12.4848	2	0.20558	38.1803
12.5929	2	0.20558	38.0414
12.701	2	0.20558	37.8996
12.8091	2	0.20558	37.763
12.9172	2	0.20558	37.6052
13.0253	2	0.20558	37.4451
13.1333	2	0.20558	37.2812
13.2414	2	0.20558	37.1147
13.3495	2	0.20558	36.9468
13.4576	2	0.20558	36.7758
13.5657	2	0.20558	36.6058
13.6737	2	0.20558	36.4307
13.7818	2	0.20558	36.2551
13.8899	2	0.20558	36.0736
13.998	2	0.20558	35.89
14.1061	2	0.20558	35.7051
14.2141	2	0.20558	35.5176
14.3222	2	0.20558	35.3249
14.4303	2	0.20558	35.1239
14.5384	2	0.20558	34.9086
14.6465	2	0.20558	34.6824
14.7545	2	0.20558	34.4472
14.8626	2	0.20558	34.1975
14.9707	2	0.20558	33.933
15.0788	2	0.20558	33.6535
15.1869	2	0.20558	33.3561
15.2949	2	0.20558	33.0399
15.403	2	0.20558	32.7068
15.5111	2	0.20558	32.3513
15.6192	2	0.20558	31.9714
15.7273	2	0.20558	31.565
15.8354	2	0.20558	31.123
15.9434	2	0.20558	30.6394
16.0515	2	0.20558	30.1067
16.1596	2	0.20558	29.5157
16.2677	2	0.20558	28.8515
16.3758	2	0.20558	28.0988
16.4838	2	0.20558	27.2099
16.5919	2	0.20558	26.1665
16.7	2	0.20558	24.9556
6	3	0.27079	42.5
6.10808	3	0.27079	42.5
6.21616	3	0.27079	42.4999
6.32424	3	0.27079	42.4999
6.43232	3	0.27079	42.4999
6.5404	3	0.27079	42.4998
6.64848	3	0.27079	42.4998
6.75657	3	0.27079	42.4996
6.86465	3	0.27079	42.4994
6.97273	3	0.27079	42.4991
7.08081	3	0.27079	42.4985
7.18889	3	0.27079	42.4976
7.29697	3	0.27079	42.4961
7.40505	3	0.27079	42.4937
7.51313	3	0.27079	42.4899
7.62121	3	0.27079	42.4838
7.72929	3	0.27079	42.4744
7.83737	3	0.27079	42.4588
7.94545	3	0.27079	42.4217
8.05354	3	0.27079	42.3698
8.16162	3	0.27079	42.3038
8.2697	3	0.27079	42.23
8.37778	3	0.27079	42.1528
8.48586	3	0.27079	42.0726
8.59394	3	0.27079	41.99
8.70202	3	0.27079	41.906
8.8101	3	0.27079	41.8205
8.91818	3	0.27079	41.7332
9.02626	3	0.27079	41.6451
9.13434	3	0.27079	41.5575
9.24242	3	0.27079	41.4667
9.35051	3	0.27079	41.3752
9.45859	3	0.27079	41.284
9.56667	3	0.27079	41.1898
9.67475	3	0.27079	41.0976
9.78283	3	0.27079	41.0058
9.89091	3	0.27079	40.9082
9.99899	3	0.27079	40.815
10.1071	3	0.27079	40.7153
10.2152	3	0.27079	40.6237
10.3232	3	0.27079	40.5294
10.4313	3	0.27079	40.4289
10.5394	3	0.27079	40.3306
10.6475	3	0.27079	40.2289
10.7556	3	0.27079	40.1332
10.8636	3	0.27079	40.0216
10.9717	3	0.27079	39.9083
11.0798	3	0.27079	39.793
11.1879	3	0.27079	39.6758
11.296	3	0.27079	39.5572
11.404	3	0.27079	39.4355
11.5121	3	0.27079	39.3126
11.6202	3	0.27079	39.1865
11.7283	3	0.27079	39.0607
11.8364	3	0.27079	38.9305
11.9444	3	0.27079	38.7992
12.0525	3	0.27079	38.6633
12.1606	3	0.27079	38.5354
12.2687	3	0.27079	38.3953
12.3768	3	0.27079	38.2558
12.4848	3	0.27079	38.1251
12.5929	3	0.27079	37.9815
12.701	3	0.27079	37.8347
12.8091	3	0.27079	37.6933
12.9172	3	0.27079	37.5296
13.0253	3	0.27079	37.3632
13.1333	3	0.27079	37.1924
13.2414	3	0.27079	37.0184
13.3495	3	0.27079	36.8423
13.4576	3	0.27079	36.6622
13.5657	3	0.27079	36.4822
13.6737	3	0.27079	36.2962
13.7818	3	0.27079	36.1086
13.8899	3	0.27079	35.9135
13.998	3	0.27079	35.7149
14.1061	3	0.27079	35.5136
14.2141	3	0.27079	35.3086
14.3222	3	0.27079	35.0974
14.4303	3	0.27079	34.8769
14.5384	3	0.27079	34.6402
14.6465	3	0.27079	34.3916
14.7545	3	0.27079	34.1327
14.8626	3	0.27079	33.8584
14.9707	3	0.27079	33.5681
15.0788	3	0.27079	33.2616
15.1869	3	0.27079	32.9361
15.2949	3	0.27079	32.5907
15.403	3	0.27079	32.228
15.5111	3	0.27079	31.8432
15.6192	3	0.27079	31.435
15.7273	3	0.27079	31.0025
15.8354	3	0.27079	30.5377
15.9434	3	0.27079	30.0352
16.0515	3	0.27079	29.4874
16.1596	3	0.27079	28.8856
16.2677	3	0.27079	28.2161
16.3758	3	0.27079	27.4669
16.4838	3	0.27079	26.6008
16.5919	3	0.27079	25.5953
16.7	3	0.27079	24.3934
6	4	0.335999	42.4973
6.10808	4	0.335999	42.4973
6.21616	4	0.335999	42.4973
6.32424	4	0.335999	42.4972
6.43232	4	0.335999	42.4972
6.5404	4	0.335999	42.4972
6.64848	4	0.335999	42.4971
6.75657	4	0.335999	42.497
6.86465	4	0.335999	42.4967
6.97273	4	0.335999	42.4964
7.08081	4	0.335999	42.4958
7.18889	4	0.335999	42.4949
7.29697	4	0.335999	42.4934
7.40505	4	0.335999	42.491
7.51313	4	0.335999	42.4872
7.62121	4	0.335999	42.4812
7.72929	4	0.335999	42.4718
7.83737	4	0.335999	42.4563
7.94545	4	0.335999	42.4195
8.05354	4	0.335999	42.3679
8.16162	4	0.335999	42.3023
8.2697	4	0.335999	42.2289
8.37778	4	0.335999	42.1522
8.48586	4	0.335999	42.0724
8.59394	4	0.335999	41.9901
8.70202	4	0.335999	41.9064
8.8101	4	0.335999	41.8211
8.91818	4	0.335999	41.734
9.02626	4	0.335999	41.646
9.13434	4	0.335999	41.5586
9.24242	4	0.335999	41.4678
9.35051	4	0.335999	41.3762
9.45859	4	0.335999	41.2848
9.56667	4	0.335999	41.1905
9.67475	4	0.335999	41.0979
9.78283	4	0.335999	41.0056
9.89091	4	0.335999	40.9075
9.99899	4	0.335999	40.8138
10.1071	4	0.335999	40.7133
10.2152	4	0.335999	40.6209
10.3232	4	0.335999	40.5257
10.4313	4	0.335999	40.4241
10.5394	4	0.335999	40.3248
10.6475	4	0.335999	40.2219
10.7556	4	0.335999	40.1249
10.8636	4	0.335999	40.0117
10.9717	4	0.335999	39.8968
11.0798	4	0.335999	39.7797
11.1879	4	0.335999	39.6605
11.296	4	0.335999	39.5398
11.404	4	0.335999	39.4158
11.5121	4	0.335999	39.2904
11.6202	4	0.335999	39.1617
11.7283	4	0.335999	39.033
11.8364	4	0.335999	38.8998
11.9444	4	0.335999	38.7653
12.0525	4	0.335999	38.6259
12.1606	4	0.335999	38.494
12.2687	4	0.335999	38.3501
12.3768	4	0.335999	38.2064
12.4848	4	0.335999	38.0713
12.5929	4	0.335999	37.923
12.701	4	0.335999	37.7713
12.8091	4	0.335999	37.6251
12.9172	4	0.335999	37.4556
13.0253	4	0.335999	37.2828
13.1333	4	0.335999	37.1052
13.2414	4	0.335999	36.9237
13.3495	4	0.335999	36.7394
13.4576	4	0.335999	36.5503
13.5657	4	0.335999	36.3605
13.6737	4	0.335999	36.1637
13.7818	4	0.335999	35.9642
13.8899	4	0.335999	35.7557
13.998	4	0.335999	35.5423
14.1061	4	0.335999	35.3248
14.2141	4	0.335999	35.1026
14.3222	4	0.335999	34.8733
14.4303	4	0.335999	34.6338
14.5384	4	0.335999	34.3766
14.6465	4	0.335999	34.1065
14.7545	4	0.335999	33.8253
14.8626	4	0.335999	33.5279
14.9707	4	0.335999	33.2136
15.0788	4	0.335999	32.8825
15.1869	4	0.335999	32.5317
15.2949	4	0.335999	32.1601
15.403	4	0.335999	31.7709
15.5111	4	0.335999	31.3598
15.6192	4	0.335999	30.9258
15.7273	4	0.335999	30.4692
15.8354	4	0.335999	29.983
15.9434	4	0.335999	29.4629
16.0515	4	0.335999	28.9019
16.1596	4	0.335999	28.2913
16.2677	4	0.335999	27.618
16.3758	4	0.335999	26.8714
16.4838	4	0.335999	26.0213
16.5919	4	0.335999	25.042
16.7	4	0.335999	23.848
6	5	0.401208	42.5027
6.10808	5	0.401208	42.5027
6.21616	5	0.401208	42.5027
6.32424	5	0.401208	42.5027
6.43232	5	0.401208	42.5026
6.5404	5	0.401208	42.5026
6.64848	5	0.401208	42.5025
6.75657	5	0.401208	42.5024
6.86465	5	0.401208	42.5022
6.97273	5	0.401208	42.5018
7.08081	5	0.401208	42.5012
7.18889	5	0.401208	42.5003
7.29697	5	0.401208	42.4989
7.40505	5	0.401208	42.4965
7.51313	5	0.401208	42.4927
7.62121	5	0.401208	42.4867
7.72929	5	0.401208	42.4774
7.83737	5	0.401208	42.462
7.94545	5	0.401208	42.4253
8.05354	5	0.401208	42.374
8.16162	5	0.401208	42.3088
8.2697	5	0.401208	42.2358
8.37778	5	0.401208	42.1595
8.48586	5	0.401208	42.08
8.59394	5	0.401208	41.9981
8.70202	5	0.401208	41.9146
8.8101	5	0.401208	41.8295
8.91818	5	0.401208	41.7426
9.02626	5	0.401208	41.6547
9.13434	5	0.401208	41.5673
9.24242	5	0.401208	41.4764
9.35051	5	0.401208	41.3847
9.45859	5	0.401208	41.2932
9.56667	5	0.401208	41.1985
9.67475	5	0.401208	41.1056
9.78283	5	0.401208	41.0129
9.89091	5	0.401208	40.9142
9.99899	5	0.401208	40.8198
10.1071	5	0.401208	40.7185
10.2152	5	0.401208	40.6253
10.3232	5	0.401208	40.5291
10.4313	5	0.401208	40.4265
10.5394	5	0.401208	40.326
10.6475	5	0.401208	40.2219
10.7556	5	0.401208	40.1236
10.8636	5	0.401208	40.0089
10.9717	5	0.401208	39.8923
11.0798	5	0.401208	39.7733
11.1879	5	0.401208	39.6522
11.296	5	0.401208	39.5292
11.404	5	0.401208	39.403
11.5121	5	0.401208	39.2752
11.6202	5	0.401208	39.1439
11.7283	5	0.401208	39.0122
11.8364	5	0.401208	38.876
11.9444	5	0.401208	38.7383
12.0525	5	0.401208	38.5956
12.1606	5	0.401208	38.4598
12.2687	5	0.401208	38.312
12.3768	5	0.401208	38.1642
12.4848	5	0.401208	38.0247
12.5929	5	0.401208	37.8719
12.701	5	0.401208	37.7154
12.8091	5	0.401208	37.5644
12.9172	5	0.401208	37.3893
13.0253	5	0.401208	37.2103
13.1333	5	0.401208	37.0261
13.2414	5	0.401208	36.8375
13.3495	5	0.401208	36.6453
13.4576	5	0.401208	36.4476
13.5657	5	0.401208	36.2484
13.6737	5	0.401208	36.0415
13.7818	5	0.401208	35.8309
13.8899	5	0.401208	35.6101
13.998	5	0.401208	35.3831
14.1061	5	0.401208	35.1508
14.2141	5	0.401208	34.9129
14.3222	5	0.401208	34.6669
14.4303	5	0.401208	34.4102
14.5384	5	0.401208	34.1343
14.6465	5	0.401208	33.8446
14.7545	5	0.401208	33.5431
14.8626	5	0.401208	33.2248
14.9707	5	0.401208	32.8889
15.0788	5	0.401208	32.5357
15.1869	5	0.401208	32.1622
15.2949	5	0.401208	31.7672
15.403	5	0.401208	31.3544
15.5111	5	0.401208	30.9197
15.6192	5	0.401208	30.4624
15.7273	5	0.401208	29.9838
15.8354	5	0.401208	29.478
15.9434	5	0.401208	28.9417
16.0515	5	0.401208	28.3687
16.1596	5	0.401208	27.7509
16.2677	5	0.401208	27.0755
16.3758	5	0.401208	26.3321
16.4838	5	0.401208	25.495
16.5919	5	0.401208	24.5359
16.7	5	0.401208	23.3498
6	6	0.466417	42.5172
6.10808	6	0.466417	42.5172
6.21616	6	0.466417	42.5172
6.32424	6	0.466417	42.5172
6.43232	6	0.466417	42.5172
6.5404	6	0.466417	42.5171
6.64848	6	0.466417	42.517
6.75657	6	0.466417	42.5169
6.86465	6	0.466417	42.5167
6.97273	6	0.466417	42.5163
7.08081	6	0.466417	42.5158
7.18889	6	0.466417	42.5149
7.29697	6	0.466417	42.5134
7.40505	6	0.466417	42.511
7.51313	6	0.466417	42.5073
7.62121	6	0.466417	42.5013
7.72929	6	0.466417	42.492
7.83737	6	0.466417	42.4767
7.94545	6	0.466417	42.4402
8.05354	6	0.466417	42.3892
8.16162	6	0.466417	42.3244
8.2697	6	0.466417	42.2518
8.37778	6	0.466417	42.1758
8.48586	6	0.466417	42.0966
8.59394	6	0.466417	42.015
8.70202	6	0.466417	41.9317
8.8101	6	0.466417	41.8468
8.91818	6	0.466417	41.76
9.02626	6	0.466417	41.6722
9.13434	6	0.466417	41.5847
9.24242	6	0.466417	41.4938
9.35051	6	0.466417	41.4019
9.45859	6	0.466417	41.3101
9.56667	6	0.466417	41.2152
9.67475	6	0.466417	41.1218
9.78283	6	0.466417	41.0285
9.89091	6	0.466417	40.9292
9.99899	6	0.466417	40.8341
10.1071	6	0.466417	40.732
10.2152	6	0.466417	40.6379
10.3232	6	0.466417	40.5407
10.4313	6	0.466417	40.437
10.5394	6	0.466417	40.3352
10.6475	6	0.466417	40.2298
10.7556	6	0.466417	40.1302
10.8636	6	0.466417	40.0139
10.9717	6	0.466417	39.8955
11.0798	6	0.466417	39.7747
11.1879	6	0.466417	39.6515
11.296	6	0.466417	39.5264
11.404	6	0.466417	39.3979
11.5121	6	0.466417	39.2676
11.6202	6	0.466417	39.1337
11.7283	6	0.466417	38.9991
11.8364	6	0.466417	38.8599
11.9444	6	0.466417	38.7189
12.0525	6	0.466417	38.5728
12.1606	6	0.466417	38.4331
12.2687	6	0.466417	38.2814
12.3768	6	0.466417	38.1295
12.4848	6	0.466417	37.9856
12.5929	6	0.466417	37.8282
12.701	6	0.466417	37.6668
12.8091	6	0.466417	37.5111
12.9172	6	0.466417	37.3303
13.0253	6	0.466417	37.1452
13.1333	6	0.466417	36.9544
13.2414	6	0.466417	36.7586
13.3495	6	0.466417	36.5585
13.4576	6	0.466417	36.3524
13.5657	6	0.466417	36.1439
13.6737	6	0.466417	35.927
13.7818	6	0.466417	35.7055
13.8899	6	0.466417	35.4727
13.998	6	0.466417	35.2325
14.1061	6	0.466417	34.9858
14.2141	6	0.466417	34.7327
14.3222	6	0.466417	34.4708
14.4303	6	0.466417	34.1976
14.5384	6	0.466417	33.9039
14.6465	6	0.466417	33.5957
14.7545	6	0.466417	33.275
14.8626	6	0.466417	32.937
14.9707	6	0.466417	32.5808
15.0788	6	0.466417	32.2068
15.1869	6	0.466417	31.8121
15.2949	6	0.466417	31.3954
15.403	6	0.466417	30.9606
15.5111	6	0.466417	30.5037
15.6192	6	0.466417	30.0243
15.7273	6	0.466417	29.5243
15.8354	6	0.466417	28.9988
15.9434	6	0.466417	28.4454
16.0515	6	0.466417	27.8591
16.1596	6	0.466417	27.2326
16.2677	6	0.466417	26.5535
16.3758	6	0.466417	25.8117
16.4838	6	0.466417	24.9842
16.5919	6	0.466417	24.0406
16.7	6	0.466417	22.8618
6	7	0.531627	42.5452
6.10808	7	0.531627	42.5452
6.21616	7	0.531627	42.5451
6.32424	7	0.531627	42.5451
6.43232	7	0.531627	42.5451
6.5404	7	0.531627	42.545
6.64848	7	0.531627	42.545
6.75657	7	0.531627	42.5448
6.86465	7	0.531627	42.5446
6.97273	7	0.531627	42.5443
7.08081	7	0.531627	42.5437
7.18889	7	0.531627	42.5428
7.29697	7	0.531627	42.5414
7.40505	7	0.531627	42.539
7.51313	7	0.531627	42.5353
7.62121	7	0.531627	42.5293
7.72929	7	0.531627	42.5201
7.83737	7	0.531627	42.5048
7.94545	7	0.531627	42.4685
8.05354	7	0.531627	42.4178
8.16162	7	0.531627	42.3533
8.2697	7	0.531627	42.2811
8.37778	7	0.531627	42.2054
8.48586	7	0.531627	42.1265
8.59394	7	0.531627	42.0451
8.70202	7	0.531627	41.9621
8.8101	7	0.531627	41.8773
8.91818	7	0.531627	41.7906
9.02626	7	0.531627	41.7028
9.13434	7	0.531627	41.6152
9.24242	7	0.531627	41.5241
9.35051	7	0.531627	41.4321
9.45859	7	0.531627	41.34
9.56667	7	0.531627	41.2446
9.67475	7	0.531627	41.1508
9.78283	7	0.531627	41.0569
9.89091	7	0.531627	40.957
9.99899	7	0.531627	40.861
10.1071	7	0.531627	40.7581
10.2152	7	0.531627	40.6631
10.3232	7	0.531627	40.5647
10.4313	7	0.531627	40.4599
10.5394	7	0.531627	40.3568
10.6475	7	0.531627	40.2501
10.7556	7	0.531627	40.1491
10.8636	7	0.531627	40.0312
10.9717	7	0.531627	39.911
11.0798	7	0.531627	39.7883
11.1879	7	0.531627	39.6631
11.296	7	0.531627	39.5357
11.404	7	0.531627	39.4049
11.5121	7	0.531627	39.272
11.6202	7	0.531627	39.1355
11.7283	7	0.531627	38.998
11.8364	7	0.531627	38.8557
11.9444	7	0.531627	38.7114
12.0525	7	0.531627	38.562
12.1606	7	0.531627	38.4183
12.2687	7	0.531627	38.2628
12.3768	7	0.531627	38.1067
12.4848	7	0.531627	37.9584
12.5929	7	0.531627	37.7964
12.701	7	0.531627	37.6302
12.8091	7	0.531627	37.4697
12.9172	7	0.531627	37.2833
13.0253	7	0.531627	37.092
13.1333	7	0.531627	36.8946
13.2414	7	0.531627	36.6916
13.3495	7	0.531627	36.4837
13.4576	7	0.531627	36.2691
13.5657	7	0.531627	36.0514
13.6737	7	0.531627	35.8246
13.7818	7	0.531627	35.5925
13.8899	7	0.531627	35.3479
13.998	7	0.531627	35.0949
14.1061	7	0.531627	34.8343
14.2141	7	0.531627	34.5666
14.3222	7	0.531627	34.2893
14.4303	7	0.531627	34.0003
14.5384	7	0.531627	33.6898
14.6465	7	0.531627	33.3642
14.7545	7	0.531627	33.0255
14.8626	7	0.531627	32.6691
14.9707	7	0.531627	32.2942
15.0788	7	0.531627	31.9011
15.1869	7	0.531627	31.4871
15.2949	7	0.531627	31.0507
15.403	7	0.531627	30.5959
15.5111	7	0.531627	30.1191
15.6192	7	0.531627	29.6198
15.7273	7	0.531627	29.1002
15.8354	7	0.531627	28.5563
15.9434	7	0.531627	27.9866
16.0515	7	0.531627	27.387
16.1596	7	0.531627	26.7513
16.2677	7	0.531627	26.0681
16.3758	7	0.531627	25.3277
16.4838	7	0.531627	24.5086
16.5919	7	0.531627	23.5787
16.7	7	0.531627	22.4087
6	8	0.596836	42.5726
6.10808	8	0.596836	42.5726
6.21616	8	0.596836	42.5726
6.32424	8	0.596836	42.5726
6.43232	8	0.596836	42.5726
6.5404	8	0.596836	42.5725
6.64848	8	0.596836	42.5724
6.75657	8	0.596836	42.5723
6.86465	8	0.596836	42.5721
6.97273	8	0.596836	42.5718
7.08081	8	0.596836	42.5712
7.18889	8	0.596836	42.5703
7.29697	8	0.596836	42.5688
7.40505	8	0.596836	42.5665
7.51313	8	0.596836	42.5628
7.62121	8	0.596836	42.5569
7.72929	8	0.596836	42.5476
7.83737	8	0.596836	42.5324
7.94545	8	0.596836	42.4964
8.05354	8	0.596836	42.4459
8.16162	8	0.596836	42.3817
8.2697	8	0.596836	42.3098
8.37778	8	0.596836	42.2345
8.48586	8	0.596836	42.1558
8.59394	8	0.596836	42.0747
8.70202	8	0.596836	41.9918
8.8101	8	0.596836	41.9071
8.91818	8	0.596836	41.8204
9.02626	8	0.596836	41.7326
9.13434	8	0.596836	41.6449
9.24242	8	0.596836	41.5537
9.35051	8	0.596836	41.4613
9.45859	8	0.596836	41.3689
9.56667	8	0.596836	41.2731
9.67475	8	0.596836	41.1787
9.78283	8	0.596836	41.0842
9.89091	8	0.596836	40.9835
9.99899	8	0.596836	40.8867
10.1071	8	0.596836	40.7829
10.2152	8	0.596836	40.6867
10.3232	8	0.596836	40.5872
10.4313	8	0.596836	40.4811
10.5394	8	0.596836	40.3768
10.6475	8	0.596836	40.2686
10.7556	8	0.596836	40.1662
10.8636	8	0.596836	40.0465
10.9717	8	0.596836	39.9245
11.0798	8	0.596836	39.7998
11.1879	8	0.596836	39.6724
11.296	8	0.596836	39.5427
11.404	8	0.596836	39.4096
11.5121	8	0.596836	39.2741
11.6202	8	0.596836	39.1348
11.7283	8	0.596836	38.9943
11.8364	8	0.596836	38.8489
11.9444	8	0.596836	38.7013
12.0525	8	0.596836	38.5483
12.1606	8	0.596836	38.4006
12.2687	8	0.596836	38.2412
12.3768	8	0.596836	38.0807
12.4848	8	0.596836	37.9279
12.5929	8	0.596836	37.7611
12.701	8	0.596836	37.59
12.8091	8	0.596836	37.4246
12.9172	8	0.596836	37.2323
13.0253	8	0.596836	37.0348
13.1333	8	0.596836	36.8306
13.2414	8	0.596836	36.6204
13.3495	8	0.596836	36.4046
13.4576	8	0.596836	36.1814
13.5657	8	0.596836	35.9544
13.6737	8	0.596836	35.7177
13.7818	8	0.596836	35.4749
13.8899	8	0.596836	35.2188
13.998	8	0.596836	34.9531
14.1061	8	0.596836	34.679
14.2141	8	0.596836	34.3969
14.3222	8	0.596836	34.1046
14.4303	8	0.596836	33.8003
14.5384	8	0.596836	33.4735
14.6465	8	0.596836	33.131
14.7545	8	0.596836	32.7749
14.8626	8	0.596836	32.4009
14.9707	8	0.596836	32.0079
15.0788	8	0.596836	31.5965
15.1869	8	0.596836	31.164
15.2949	8	0.596836	30.7089
15.403	8	0.596836	30.2352
15.5111	8	0.596836	29.7394
15.6192	8	0.596836	29.221
15.7273	8	0.596836	28.6824
15.8354	8	0.596836	28.1203
15.9434	8	0.596836	27.5338
16.0515	8	0.596836	26.9197
16.1596	8	0.596836	26.273
16.2677	8	0.596836	25.5834
16.3758	8	0.596836	24.842
16.4838	8	0.596836	24.0288
16.5919	8	0.596836	23.1101
16.7	8	0.596836	21.9489
6	9	0.662045	42.605
6.10808	9	0.662045	42.605
6.21616	9	0.662045	42.6049
6.32424	9	0.662045	42.6049
6.43232	9	0.662045	42.6049
6.5404	9	0.662045	42.6049
6.64848	9	0.662045	42.6048
6.75657	9	0.662045	42.6046
6.86465	9	0.662045	42.6044
6.97273	9	0.662045	42.6041
7.08081	9	0.662045	42.6035
7.18889	9	0.662045	42.6026
7.29697	9	0.662045	42.6012
7.40505	9	0.662045	42.5989
7.51313	9	0.662045	42.5951
7.62121	9	0.662045	42.5893
7.72929	9	0.662045	42.5801
7.83737	9	0.662045	42.565
7.94545	9	0.662045	42.5291
8.05354	9	0.662045	42.4789
8.16162	9	0.662045	42.415
8.2697	9	0.662045	42.3434
8.37778	9	0.662045	42.2683
8.48586	9	0.662045	42.1899
8.59394	9	0.662045	42.109
8.70202	9	0.662045	42.0262
8.8101	9	0.662045	41.9416
8.91818	9	0.662045	41.8549
9.02626	9	0.662045	41.767
9.13434	9	0.662045	41.6791
9.24242	9	0.662045	41.5877
9.35051	9	0.662045	41.495
9.45859	9	0.662045	41.4022
9.56667	9	0.662045	41.3059
9.67475	9	0.662045	41.2109
9.78283	9	0.662045	41.1156
9.89091	9	0.662045	41.0141
9.99899	9	0.662045	40.9164
10.1071	9	0.662045	40.8115
10.2152	9	0.662045	40.7143
10.3232	9	0.662045	40.6136
10.4313	9	0.662045	40.5061
10.5394	9	0.662045	40.4004
10.6475	9	0.662045	40.2907
10.7556	9	0.662045	40.1867
10.8636	9	0.662045	40.0653
10.9717	9	0.662045	39.9413
11.0798	9	0.662045	39.8145
11.1879	9	0.662045	39.685
11.296	9	0.662045	39.5529
11.404	9	0.662045	39.4172
11.5121	9	0.662045	39.279
11.6202	9	0.662045	39.137
11.7283	9	0.662045	38.9934
11.8364	9	0.662045	38.8448
11.9444	9	0.662045	38.6937
12.0525	9	0.662045	38.5372
12.1606	9	0.662045	38.3854
12.2687	9	0.662045	38.2219
12.3768	9	0.662045	38.057
12.4848	9	0.662045	37.8995
12.5929	9	0.662045	37.7279
12.701	9	0.662045	37.5516
12.8091	9	0.662045	37.3812
12.9172	9	0.662045	37.183
13.0253	9	0.662045	36.9791
13.1333	9	0.662045	36.768
13.2414	9	0.662045	36.5504
13.3495	9	0.662045	36.3265
13.4576	9	0.662045	36.0946
13.5657	9	0.662045	35.8584
13.6737	9	0.662045	35.6117
13.7818	9	0.662045	35.3583
13.8899	9	0.662045	35.0906
13.998	9	0.662045	34.8124
14.1061	9	0.662045	34.5249
14.2141	9	0.662045	34.2288
14.3222	9	0.662045	33.9219
14.4303	9	0.662045	33.6026
14.5384	9	0.662045	33.26
14.6465	9	0.662045	32.9013
14.7545	9	0.662045	32.5285
14.8626	9	0.662045	32.1376
14.9707	9	0.662045	31.7274
15.0788	9	0.662045	31.2986
15.1869	9	0.662045	30.8487
15.2949	9	0.662045	30.3759
15.403	9	0.662045	29.8843
15.5111	9	0.662045	29.3706
15.6192	9	0.662045	28.834
15.7273	9	0.662045	28.2773
15.8354	9	0.662045	27.6975
15.9434	9	0.662045	27.094
16.0515	9	0.662045	26.4648
16.1596	9	0.662045	25.8055
16.2677	9	0.662045	25.1074
16.3758	9	0.662045	24.3626
16.4838	9	0.662045	23.5524
16.5919	9	0.662045	22.6422
16.7	9	0.662045	21.4889
6	10	0.727255	42.6419
6.10808	10	0.727255	42.6419
6.21616	10	0.727255	42.6419
6.32424	10	0.727255	42.6419
6.43232	10	0.727255	42.6418
6.5404	10	0.727255	42.6418
6.64848	10	0.727255	42.6417
6.75657	10	0.727255	42.6416
6.86465	10	0.727255	42.6414
6.97273	10	0.727255	42.641
7.08081	10	0.727255	42.6405
7.18889	10	0.727255	42.6396
7.29697	10	0.727255	42.6381
7.40505	10	0.727255	42.6358
7.51313	10	0.727255	42.6321
7.62121	10	0.727255	42.6263
7.72929	10	0.727255	42.6171
7.83737	10	0.727255	42.6021
7.94545	10	0.727255	42.5664
8.05354	10	0.727255	42.5164
8.16162	10	0.727255	42.4528
8.2697	10	0.727255	42.3815
8.37778	10	0.727255	42.3067
8.48586	10	0.727255	42.2285
8.59394	10	0.727255	42.1477
8.70202	10	0.727255	42.065
8.8101	10	0.727255	41.9805
8.91818	10	0.727255	41.8937
9.02626	10	0.727255	41.8057
9.13434	10	0.727255	41.7176
9.24242	10	0.727255	41.6259
9.35051	10	0.727255	41.5328
9.45859	10	0.727255	41.4395
9.56667	10	0.727255	41.3427
9.67475	10	0.727255	41.247
9.78283	10	0.727255	41.1508
9.89091	10	0.727255	41.0485
9.99899	10	0.727255	40.9497
10.1071	10	0.727255	40.8438
10.2152	10	0.727255	40.7454
10.3232	10	0.727255	40.6433
10.4313	10	0.727255	40.5345
10.5394	10	0.727255	40.4272
10.6475	10	0.727255	40.3159
10.7556	10	0.727255	40.2104
10.8636	10	0.727255	40.087
10.9717	10	0.727255	39.961
11.0798	10	0.727255	39.8321
11.1879	10	0.727255	39.7002
11.296	10	0.727255	39.5657
11.404	10	0.727255	39.4274
11.5121	10	0.727255	39.2865
11.6202	10	0.727255	39.1416
11.7283	10	0.727255	38.9947
11.8364	10	0.727255	38.8429
11.9444	10	0.727255	38.6883
12.0525	10	0.727255	38.5281
12.1606	10	0.727255	38.372
12.2687	10	0.727255	38.2043
12.3768	10	0.727255	38.035
12.4848	10	0.727255	37.8726
12.5929	10	0.727255	37.696
12.701	10	0.727255	37.5145
12.8091	10	0.727255	37.3389
12.9172	10	0.727255	37.1346
13.0253	10	0.727255	36.9241
13.1333	10	0.727255	36.7061
13.2414	10	0.727255	36.4809
13.3495	10	0.727255	36.2489
13.4576	10	0.727255	36.0083
13.5657	10	0.727255	35.7626
13.6737	10	0.727255	35.506
13.7818	10	0.727255	35.242
13.8899	10	0.727255	34.9629
13.998	10	0.727255	34.6723
14.1061	10	0.727255	34.3717
14.2141	10	0.727255	34.0618
14.3222	10	0.727255	33.7405
14.4303	10	0.727255	33.4067
14.5384	10	0.727255	33.0489
14.6465	10	0.727255	32.6745
14.7545	10	0.727255	32.2855
14.8626	10	0.727255	31.8784
14.9707	10	0.727255	31.4517
15.0788	10	0.727255	31.0064
15.1869	10	0.727255	30.5398
15.2949	10	0.727255	30.0501
15.403	10	0.727255	29.5417
15.5111	10	0.727255	29.0109
15.6192	10	0.727255	28.4572
15.7273	10	0.727255	27.8831
15.8354	10	0.727255	27.286
15.9434	10	0.727255	26.6658
16.0515	10	0.727255	26.0209
16.1596	10	0.727255	25.348
16.2677	10	0.727255	24.6395
16.3758	10	0.727255	23.8886
16.4838	10	0.727255	23.0783
16.5919	10	0.727255	22.1733
16.7	10	0.727255	21.0261
6	11	0.792464	42.6827
6.10808	11	0.792464	42.6827
6.21616	11	0.792464	42.6827
6.32424	11	0.792464	42.6827
6.43232	11	0.792464	42.6826
6.5404	11	0.792464	42.6826
6.64848	11	0.792464	42.6825
6.75657	11	0.792464	42.6824
6.86465	11	0.792464	42.6822
6.97273	11	0.792464	42.6818
7.08081	11	0.792464	42.6813
7.18889	11	0.792464	42.6804
7.29697	11	0.792464	42.6789
7.40505	11	0.792464	42.6766
7.51313	11	0.792464	42.6729
7.62121	11	0.792464	42.6671
7.72929	11	0.792464	42.658
7.83737	11	0.792464	42.643
7.94545	11	0.792464	42.6075
8.05354	11	0.792464	42.5578
8.16162	11	0.792464	42.4944
8.2697	11	0.792464	42.4235
8.37778	11	0.792464	42.3489
8.48586	11	0.792464	42.2708
8.59394	11	0.792464	42.1902
8.70202	11	0.792464	42.1075
8.8101	11	0.792464	42.023
8.91818	11	0.792464	41.9361
9.02626	11	0.792464	41.8479
9.13434	11	0.792464	41.7595
9.24242	11	0.792464	41.6675
9.35051	11	0.792464	41.574
9.45859	11	0.792464	41.4801
9.56667	11	0.792464	41.3826
9.67475	11	0.792464	41.2862
9.78283	11	0.792464	41.1891
9.89091	11	0.792464	41.0858
9.99899	11	0.792464	40.9859
10.1071	11	0.792464	40.8789
10.2152	11	0.792464	40.7791
10.3232	11	0.792464	40.6756
10.4313	11	0.792464	40.5653
10.5394	11	0.792464	40.4564
10.6475	11	0.792464	40.3434
10.7556	11	0.792464	40.2362
10.8636	11	0.792464	40.1109
10.9717	11	0.792464	39.9827
11.0798	11	0.792464	39.8515
11.1879	11	0.792464	39.7173
11.296	11	0.792464	39.5802
11.404	11	0.792464	39.4393
11.5121	11	0.792464	39.2955
11.6202	11	0.792464	39.1476
11.7283	11	0.792464	38.9974
11.8364	11	0.792464	38.8421
11.9444	11	0.792464	38.6839
12.0525	11	0.792464	38.5199
12.1606	11	0.792464	38.3595
12.2687	11	0.792464	38.1875
12.3768	11	0.792464	38.0135
12.4848	11	0.792464	37.8461
12.5929	11	0.792464	37.6643
12.701	11	0.792464	37.4774
12.8091	11	0.792464	37.2965
12.9172	11	0.792464	37.0861
13.0253	11	0.792464	36.8689
13.1333	11	0.792464	36.6438
13.2414	11	0.792464	36.411
13.3495	11	0.792464	36.1707
13.4576	11	0.792464	35.9214
13.5657	11	0.792464	35.6663
13.6737	11	0.792464	35.3998
13.7818	11	0.792464	35.1254
13.8899	11	0.792464	34.835
13.998	11	0.792464	34.5324
14.1061	11	0.792464	34.219
14.2141	11	0.792464	33.8957
14.3222	11	0.792464	33.5606
14.4303	11	0.792464	33.2128
14.5384	11	0.792464	32.8403
14.6465	11	0.792464	32.4508
14.7545	11	0.792464	32.0464
14.8626	11	0.792464	31.6237
14.9707	11	0.792464	31.1813
15.0788	11	0.792464	30.72
15.1869	11	0.792464	30.2376
15.2949	11	0.792464	29.7318
15.403	11	0.792464	29.2072
15.5111	11	0.792464	28.6602
15.6192	11	0.792464	28.09
15.7273	11	0.792464	27.4993
15.8354	11	0.792464	26.8855
15.9434	11	0.792464	26.2488
16.0515	11	0.792464	25.588
16.1596	11	0.792464	24.9007
16.2677	11	0.792464	24.1802
16.3758	11	0.792464	23.421
16.4838	11	0.792464	22.6075
16.5919	11	0.792464	21.7043
16.7	11	0.792464	20.5608
6	12	0.857673	42.727
6.10808	12	0.857673	42.727
6.21616	12	0.857673	42.727
6.32424	12	0.857673	42.7269
6.43232	12	0.857673	42.7269
6.5404	12	0.857673	42.7269
6.64848	12	0.857673	42.7268
6.75657	12	0.857673	42.7267
6.86465	12	0.857673	42.7264
6.97273	12	0.857673	42.7261
7.08081	12	0.857673	42.7256
7.18889	12	0.857673	42.7247
7.29697	12	0.857673	42.7232
7.40505	12	0.857673	42.7209
7.51313	12	0.857673	42.7173
7.62121	12	0.857673	42.7114
7.72929	12	0.857673	42.7024
7.83737	12	0.857673	42.6874
7.94545	12	0.857673	42.6521
8.05354	12	0.857673	42.6026
8.16162	12	0.857673	42.5395
8.2697	12	0.857673	42.4688
8.37778	12	0.857673	42.3944
8.48586	12	0.857673	42.3165
8.59394	12	0.857673	42.236
8.70202	12	0.857673	42.1533
8.8101	12	0.857673	42.0687
8.91818	12	0.857673	41.9817
9.02626	12	0.857673	41.8933
9.13434	12	0.857673	41.8045
9.24242	12	0.857673	41.712
9.35051	12	0.857673	41.6181
9.45859	12	0.857673	41.5235
9.56667	12	0.857673	41.4253
9.67475	12	0.857673	41.328
9.78283	12	0.857673	41.2299
9.89091	12	0.857673	41.1256
9.99899	12	0.857673	41.0245
10.1071	12	0.857673	40.9162
10.2152	12	0.857673	40.815
10.3232	12	0.857673	40.7099
10.4313	12	0.857673	40.598
10.5394	12	0.857673	40.4875
10.6475	12	0.857673	40.3727
10.7556	12	0.857673	40.2637
10.8636	12	0.857673	40.1362
10.9717	12	0.857673	40.0059
11.0798	12	0.857673	39.8723
11.1879	12	0.857673	39.7355
11.296	12	0.857673	39.5957
11.404	12	0.857673	39.4521
11.5121	12	0.857673	39.3053
11.6202	12	0.857673	39.1543
11.7283	12	0.857673	39.0007
11.8364	12	0.857673	38.8419
11.9444	12	0.857673	38.6798
12.0525	12	0.857673	38.512
12.1606	12	0.857673	38.347
12.2687	12	0.857673	38.1705
12.3768	12	0.857673	37.9917
12.4848	12	0.857673	37.8192
12.5929	12	0.857673	37.6321
12.701	12	0.857673	37.4396
12.8091	12	0.857673	37.2532
12.9172	12	0.857673	37.0365
13.0253	12	0.857673	36.8124
13.1333	12	0.857673	36.5801
13.2414	12	0.857673	36.3396
13.3495	12	0.857673	36.091
13.4576	12	0.857673	35.8328
13.5657	12	0.857673	35.5683
13.6737	12	0.857673	35.2919
13.7818	12	0.857673	35.0071
13.8899	12	0.857673	34.7057
13.998	12	0.857673	34.3913
14.1061	12	0.857673	34.0654
14.2141	12	0.857673	33.729
14.3222	12	0.857673	33.3804
14.4303	12	0.857673	33.0189
14.5384	12	0.857673	32.6322
14.6465	12	0.857673	32.2281
14.7545	12	0.857673	31.8088
14.8626	12	0.857673	31.3711
14.9707	12	0.857673	30.9134
15.0788	12	0.857673	30.4369
15.1869	12	0.857673	29.9391
15.2949	12	0.857673	29.4179
15.403	12	0.857673	28.8776
15.5111	12	0.857673	28.3149
15.6192	12	0.857673	27.7289
15.7273	12	0.857673	27.1221
15.8354	12	0.857673	26.492
15.9434	12	0.857673	25.8391
16.0515	12	0.857673	25.1624
16.1596	12	0.857673	24.4601
16.2677	12	0.857673	23.7265
16.3758	12	0.857673	22.957
16.4838	12	0.857673	22.1374
16.5919	12	0.857673	21.2327
16.7	12	0.857673	20.0903
6	13	0.922882	42.7743
6.10808	13	0.922882	42.7743
6.21616	13	0.922882	42.7743
6.32424	13	0.922882	42.7743
6.43232	13	0.922882	42.7743
6.5404	13	0.922882	42.7742
6.64848	13	0.922882	42.7741
6.75657	13	0.922882	42.774
6.86465	13	0.922882	42.7738
6.97273	13	0.922882	42.7735
7.08081	13	0.922882	42.7729
7.18889	13	0.922882	42.772
7.29697	13	0.922882	42.7706
7.40505	13	0.922882	42.7683
7.51313	13	0.922882	42.7646
7.62121	13	0.922882	42.7589
7.72929	13	0.922882	42.7498
7.83737	13	0.922882	42.7349
7.94545	13	0.922882	42.6997
8.05354	13	0.922882	42.6505
8.16162	13	0.922882	42.5876
8.2697	13	0.922882	42.5172
8.37778	13	0.922882	42.4429
8.48586	13	0.922882	42.3651
8.59394	13	0.922882	42.2846
8.70202	13	0.922882	42.202
8.8101	13	0.922882	42.1172
8.91818	13	0.922882	42.03
9.02626	13	0.922882	41.9413
9.13434	13	0.922882	41.852
9.24242	13	0.922882	41.7591
9.35051	13	0.922882	41.6645
9.45859	13	0.922882	41.5692
9.56667	13	0.922882	41.4702
9.67475	13	0.922882	41.372
9.78283	13	0.922882	41.2728
9.89091	13	0.922882	41.1674
9.99899	13	0.922882	41.0649
10.1071	13	0.922882	40.9552
10.2152	13	0.922882	40.8524
10.3232	13	0.922882	40.7457
10.4313	13	0.922882	40.6321
10.5394	13	0.922882	40.5197
10.6475	13	0.922882	40.4031
10.7556	13	0.922882	40.2921
10.8636	13	0.922882	40.1625
10.9717	13	0.922882	40.0297
11.0798	13	0.922882	39.8937
11.1879	13	0.922882	39.7543
11.296	13	0.922882	39.6116
11.404	13	0.922882	39.465
11.5121	13	0.922882	39.3151
11.6202	13	0.922882	39.1609
11.7283	13	0.922882	39.0037
11.8364	13	0.922882	38.8412
11.9444	13	0.922882	38.6752
12.0525	13	0.922882	38.5033
12.1606	13	0.922882	38.3336
12.2687	13	0.922882	38.1525
12.3768	13	0.922882	37.9687
12.4848	13	0.922882	37.7908
12.5929	13	0.922882	37.5982
12.701	13	0.922882	37.3999
12.8091	13	0.922882	37.2079
12.9172	13	0.922882	36.9845
13.0253	13	0.922882	36.7535
13.1333	13	0.922882	36.5137
13.2414	13	0.922882	36.2654
13.3495	13	0.922882	36.0084
13.4576	13	0.922882	35.7413
13.5657	13	0.922882	35.4673
13.6737	13	0.922882	35.181
13.7818	13	0.922882	34.8858
13.8899	13	0.922882	34.5735
13.998	13	0.922882	34.2473
14.1061	13	0.922882	33.9091
14.2141	13	0.922882	33.5599
14.3222	13	0.922882	33.1981
14.4303	13	0.922882	32.8232
14.5384	13	0.922882	32.4226
14.6465	13	0.922882	32.0043
14.7545	13	0.922882	31.5705
14.8626	13	0.922882	31.1182
14.9707	13	0.922882	30.6457
15.0788	13	0.922882	30.1542
15.1869	13	0.922882	29.6415
15.2949	13	0.922882	29.1052
15.403	13	0.922882	28.5497
15.5111	13	0.922882	27.9718
15.6192	13	0.922882	27.3704
15.7273	13	0.922882	26.7478
15.8354	13	0.922882	26.1018
15.9434	13	0.922882	25.4329
16.0515	13	0.922882	24.7402
16.1596	13	0.922882	24.0225
16.2677	13	0.922882	23.2748
16.3758	13	0.922882	22.4933
16.4838	13	0.922882	21.6652
16.5919	13	0.922882	20.7561
16.7	13	0.922882	19.6122
6	14	0.988092	42.8246
6.10808	14	0.988092	42.8246
6.21616	14	0.988092	42.8246
6.32424	14	0.988092	42.8246
6.43232	14	0.988092	42.8246
6.5404	14	0.988092	42.8245
6.64848	14	0.988092	42.8244
6.75657	14	0.988092	42.8243
6.86465	14	0.988092	42.8241
6.97273	14	0.988092	42.8238
7.08081	14	0.988092	42.8232
7.18889	14	0.988092	42.8223
7.29697	14	0.988092	42.8209
7.40505	14	0.988092	42.8186
7.51313	14	0.988092	42.815
7.62121	14	0.988092	42.8092
7.72929	14	0.988092	42.8002
7.83737	14	0.988092	42.7854
7.94545	14	0.988092	42.7503
8.05354	14	0.988092	42.7013
8.16162	14	0.988092	42.6387
8.2697	14	0.988092	42.5684
8.37778	14	0.988092	42.4943
8.48586	14	0.988092	42.4166
8.59394	14	0.988092	42.336
8.70202	14	0.988092	42.2533
8.8101	14	0.988092	42.1683
8.91818	14	0.988092	42.0809
9.02626	14	0.988092	41.9917
9.13434	14	0.988092	41.902
9.24242	14	0.988092	41.8085
9.35051	14	0.988092	41.7132
9.45859	14	0.988092	41.6171
9.56667	14	0.988092	41.5172
9.67475	14	0.988092	41.4178
9.78283	14	0.988092	41.3174
9.89091	14	0.988092	41.2107
9.99899	14	0.988092	41.1068
10.1071	14	0.988092	40.9955
10.2152	14	0.988092	40.8911
10.3232	14	0.988092	40.7826
10.4313	14	0.988092	40.6671
10.5394	14	0.988092	40.5528
10.6475	14	0.988092	40.4341
10.7556	14	0.988092	40.3211
10.8636	14	0.988092	40.1891
10.9717	14	0.988092	40.0538
11.0798	14	0.988092	39.9152
11.1879	14	0.988092	39.7729
11.296	14	0.988092	39.6273
11.404	14	0.988092	39.4776
11.5121	14	0.988092	39.3244
11.6202	14	0.988092	39.1668
11.7283	14	0.988092	39.0059
11.8364	14	0.988092	38.8395
11.9444	14	0.988092	38.6694
12.0525	14	0.988092	38.4932
12.1606	14	0.988092	38.3185
12.2687	14	0.988092	38.1326
12.3768	14	0.988092	37.9436
12.4848	14	0.988092	37.76
12.5929	14	0.988092	37.5616
12.701	14	0.988092	37.3574
12.8091	14	0.988092	37.1594
12.9172	14	0.988092	36.9294
13.0253	14	0.988092	36.6911
13.1333	14	0.988092	36.4438
13.2414	14	0.988092	36.1873
13.3495	14	0.988092	35.9218
13.4576	14	0.988092	35.6457
13.5657	14	0.988092	35.3621
13.6737	14	0.988092	35.0659
13.7818	14	0.988092	34.7603
13.8899	14	0.988092	34.437
13.998	14	0.988092	34.0993
14.1061	14	0.988092	33.749
14.2141	14	0.988092	33.3871
14.3222	14	0.988092	33.0123
14.4303	14	0.988092	32.6242
14.5384	14	0.988092	32.21
14.6465	14	0.988092	31.7778
14.7545	14	0.988092	31.3298
14.8626	14	0.988092	30.8632
14.9707	14	0.988092	30.3762
15.0788	14	0.988092	29.87
15.1869	14	0.988092	29.3426
15.2949	14	0.988092	28.7915
15.403	14	0.988092	28.2211
15.5111	14	0.988092	27.6281
15.6192	14	0.988092	27.0114
15.7273	14	0.988092	26.3733
15.8354	14	0.988092	25.7115
15.9434	14	0.988092	25.0265
16.0515	14	0.988092	24.3177
16.1596	14	0.988092	23.5841
16.2677	14	0.988092	22.8214
16.3758	14	0.988092	22.0265
16.4838	14	0.988092	21.1877
16.5919	14	0.988092	20.2715
16.7	14	0.988092	19.1236
6	15	1.0533	42.8774
6.10808	15	1.0533	42.8774
6.21616	15	1.0533	42.8774
6.32424	15	1.0533	42.8774
6.43232	15	1.0533	42.8774
6.5404	15	1.0533	42.8773
6.64848	15	1.0533	42.8773
6.75657	15	1.0533	42.8771
6.86465	15	1.0533	42.8769
6.97273	15	1.0533	42.8766
7.08081	15	1.0533	42.876
7.18889	15	1.0533	42.8752
7.29697	15	1.0533	42.8738
7.40505	15	1.0533	42.8715
7.51313	15	1.0533	42.8678
7.62121	15	1.0533	42.8621
7.72929	15	1.0533	42.8531
7.83737	15	1.0533	42.8383
7.94545	15	1.0533	42.8034
8.05354	15	1.0533	42.7545
8.16162	15	1.0533	42.6921
8.2697	15	1.0533	42.622
8.37778	15	1.0533	42.548
8.48586	15	1.0533	42.4703
8.59394	15	1.0533	42.3897
8.70202	15	1.0533	42.3068
8.8101	15	1.0533	42.2216
8.91818	15	1.0533	42.1338
9.02626	15	1.0533	42.0442
9.13434	15	1.0533	41.9538
9.24242	15	1.0533	41.8596
9.35051	15	1.0533	41.7635
9.45859	15	1.0533	41.6664
9.56667	15	1.0533	41.5655
9.67475	15	1.0533	41.4649
9.78283	15	1.0533	41.3631
9.89091	15	1.0533	41.255
9.99899	15	1.0533	41.1495
10.1071	15	1.0533	41.0366
10.2152	15	1.0533	40.9303
10.3232	15	1.0533	40.8198
10.4313	15	1.0533	40.7023
10.5394	15	1.0533	40.5858
10.6475	15	1.0533	40.4649
10.7556	15	1.0533	40.3498
10.8636	15	1.0533	40.2152
10.9717	15	1.0533	40.0772
11.0798	15	1.0533	39.9357
11.1879	15	1.0533	39.7905
11.296	15	1.0533	39.6418
11.404	15	1.0533	39.4888
11.5121	15	1.0533	39.3321
11.6202	15	1.0533	39.1708
11.7283	15	1.0533	39.0059
11.8364	15	1.0533	38.8355
11.9444	15	1.0533	38.661
12.0525	15	1.0533	38.4803
12.1606	15	1.0533	38.3005
12.2687	15	1.0533	38.1095
12.3768	15	1.0533	37.9149
12.4848	15	1.0533	37.7254
12.5929	15	1.0533	37.521
12.701	15	1.0533	37.3105
12.8091	15	1.0533	37.1063
12.9172	15	1.0533	36.8692
13.0253	15	1.0533	36.6236
13.1333	15	1.0533	36.3684
13.2414	15	1.0533	36.1037
13.3495	15	1.0533	35.8294
13.4576	15	1.0533	35.544
13.5657	15	1.0533	35.2506
13.6737	15	1.0533	34.9443
13.7818	15	1.0533	34.6284
13.8899	15	1.0533	34.2941
13.998	15	1.0533	33.9448
14.1061	15	1.0533	33.5823
14.2141	15	1.0533	33.2079
14.3222	15	1.0533	32.8201
14.4303	15	1.0533	32.419
14.5384	15	1.0533	31.9914
14.6465	15	1.0533	31.5454
14.7545	15	1.0533	31.0833
14.8626	15	1.0533	30.6024
14.9707	15	1.0533	30.1011
15.0788	15	1.0533	29.5804
15.1869	15	1.0533	29.0384
15.2949	15	1.0533	28.4725
15.403	15	1.0533	27.8871
15.5111	15	1.0533	27.2791
15.6192	15	1.0533	26.647
15.7273	15	1.0533	25.9933
15.8354	15	1.0533	25.3155
15.9434	15	1.0533	24.6143
16.0515	15	1.0533	23.889
16.1596	15	1.0533	23.1389
16.2677	15	1.0533	22.3603
16.3758	15	1.0533	21.5506
16.4838	15	1.0533	20.6991
16.5919	15	1.0533	19.7735
16.7	15	1.0533	18.6195
6	16	1.11851	42.9314
6.10808	16	1.11851	42.9314
6.21616	16	1.11851	42.9313
6.32424	16	1.11851	42.9313
6.43232	16	1.11851	42.9313
6.5404	16	1.11851	42.9313
6.64848	16	1.11851	42.9312
6.75657	16	1.11851	42.9311
6.86465	16	1.11851	42.9308
6.97273	16	1.11851	42.9305
7.08081	16	1.11851	42.93
7.18889	16	1.11851	42.9291
7.29697	16	1.11851	42.9277
7.40505	16	1.11851	42.9254
7.51313	16	1.11851	42.9218
7.62121	16	1.11851	42.916
7.72929	16	1.11851	42.9071
7.83737	16	1.11851	42.8924
7.94545	16	1.11851	42.8576
8.05354	16	1.11851	42.8089
8.16162	16	1.11851	42.7466
8.2697	16	1.11851	42.6766
8.37778	16	1.11851	42.6026
8.48586	16	1.11851	42.5249
8.59394	16	1.11851	42.4442
8.70202	16	1.11851	42.361
8.8101	16	1.11851	42.2754
8.91818	16	1.11851	42.1871
9.02626	16	1.11851	42.097
9.13434	16	1.11851	42.0058
9.24242	16	1.11851	41.9108
9.35051	16	1.11851	41.8138
9.45859	16	1.11851	41.7156
9.56667	16	1.11851	41.6135
9.67475	16	1.11851	41.5115
9.78283	16	1.11851	41.4082
9.89091	16	1.11851	41.2985
9.99899	16	1.11851	41.1912
10.1071	16	1.11851	41.0764
10.2152	16	1.11851	40.9682
10.3232	16	1.11851	40.8555
10.4313	16	1.11851	40.7358
10.5394	16	1.11851	40.617
10.6475	16	1.11851	40.4937
10.7556	16	1.11851	40.3761
10.8636	16	1.11851	40.2388
10.9717	16	1.11851	40.098
11.0798	16	1.11851	39.9534
11.1879	16	1.11851	39.805
11.296	16	1.11851	39.6528
11.404	16	1.11851	39.4964
11.5121	16	1.11851	39.3359
11.6202	16	1.11851	39.1708
11.7283	16	1.11851	39.0017
11.8364	16	1.11851	38.8269
11.9444	16	1.11851	38.6478
12.0525	16	1.11851	38.4622
12.1606	16	1.11851	38.277
12.2687	16	1.11851	38.0806
12.3768	16	1.11851	37.8801
12.4848	16	1.11851	37.6844
12.5929	16	1.11851	37.4736
12.701	16	1.11851	37.2564
12.8091	16	1.11851	37.0458
12.9172	16	1.11851	36.8013
13.0253	16	1.11851	36.5479
13.1333	16	1.11851	36.2845
13.2414	16	1.11851	36.0113
13.3495	16	1.11851	35.7279
13.4576	16	1.11851	35.433
13.5657	16	1.11851	35.1297
13.6737	16	1.11851	34.8131
13.7818	16	1.11851	34.4864
13.8899	16	1.11851	34.141
13.998	16	1.11851	33.7801
14.1061	16	1.11851	33.4054
14.2141	16	1.11851	33.0183
14.3222	16	1.11851	32.6175
14.4303	16	1.11851	32.2033
14.5384	16	1.11851	31.7622
14.6465	16	1.11851	31.3024
14.7545	16	1.11851	30.8262
14.8626	16	1.11851	30.3311
14.9707	16	1.11851	29.8153
15.0788	16	1.11851	29.28
15.1869	16	1.11851	28.7232
15.2949	16	1.11851	28.1425
15.403	16	1.11851	27.5419
15.5111	16	1.11851	26.9186
15.6192	16	1.11851	26.271
15.7273	16	1.11851	25.6013
15.8354	16	1.11851	24.9072
15.9434	16	1.11851	24.1893
16.0515	16	1.11851	23.447
16.1596	16	1.11851	22.6798
16.2677	16	1.11851	21.8843
16.3758	16	1.11851	21.0584
16.4838	16	1.11851	20.1925
16.5919	16	1.11851	19.2552
16.7	16	1.11851	18.0932
6	17	1.18372	42.9867
6.10808	17	1.18372	42.9867
6.21616	17	1.18372	42.9867
6.32424	17	1.18372	42.9867
6.43232	17	1.18372	42.9867
6.5404	17	1.18372	42.9866
6.64848	17	1.18372	42.9866
6.75657	17	1.18372	42.9864
6.86465	17	1.18372	42.9862
6.97273	17	1.18372	42.9859
7.08081	17	1.18372	42.9854
7.18889	17	1.18372	42.9845
7.29697	17	1.18372	42.9831
7.40505	17	1.18372	42.9808
7.51313	17	1.18372	42.9772
7.62121	17	1.18372	42.9715
7.72929	17	1.18372	42.9625
7.83737	17	1.18372	42.9478
7.94545	17	1.18372	42.9132
8.05354	17	1.18372	42.8646
8.16162	17	1.18372	42.8024
8.2697	17	1.18372	42.7325
8.37778	17	1.18372	42.6584
8.48586	17	1.18372	42.5806
8.59394	17	1.18372	42.4997
8.70202	17	1.18372	42.4161
8.8101	17	1.18372	42.3301
8.91818	17	1.18372	42.2412
9.02626	17	1.18372	42.1503
9.13434	17	1.18372	42.0583
9.24242	17	1.18372	41.9623
9.35051	17	1.18372	41.8642
9.45859	17	1.18372	41.7647
9.56667	17	1.18372	41.6613
9.67475	17	1.18372	41.5578
9.78283	17	1.18372	41.4527
9.89091	17	1.18372	41.3413
9.99899	17	1.18372	41.232
10.1071	17	1.18372	41.1152
10.2152	17	1.18372	41.0047
10.3232	17	1.18372	40.8896
10.4313	17	1.18372	40.7675
10.5394	17	1.18372	40.6461
10.6475	17	1.18372	40.5202
10.7556	17	1.18372	40.4001
10.8636	17	1.18372	40.2598
10.9717	17	1.18372	40.1158
11.0798	17	1.18372	39.968
11.1879	17	1.18372	39.8161
11.296	17	1.18372	39.6603
11.404	17	1.18372	39.5001
11.5121	17	1.18372	39.3357
11.6202	17	1.18372	39.1664
11.7283	17	1.18372	38.9928
11.8364	17	1.18372	38.8134
11.9444	17	1.18372	38.6293
12.0525	17	1.18372	38.4387
12.1606	17	1.18372	38.2476
12.2687	17	1.18372	38.0455
12.3768	17	1.18372	37.8389
12.4848	17	1.18372	37.6366
12.5929	17	1.18372	37.419
12.701	17	1.18372	37.1949
12.8091	17	1.18372	36.9774
12.9172	17	1.18372	36.7253
13.0253	17	1.18372	36.4638
13.1333	17	1.18372	36.192
13.2414	17	1.18372	35.9098
13.3495	17	1.18372	35.6172
13.4576	17	1.18372	35.3126
13.5657	17	1.18372	34.999
13.6737	17	1.18372	34.6719
13.7818	17	1.18372	34.3344
13.8899	17	1.18372	33.9778
13.998	17	1.18372	33.605
14.1061	17	1.18372	33.2181
14.2141	17	1.18372	32.8183
14.3222	17	1.18372	32.4045
14.4303	17	1.18372	31.9771
14.5384	17	1.18372	31.5225
14.6465	17	1.18372	31.0489
14.7545	17	1.18372	30.5586
14.8626	17	1.18372	30.0492
14.9707	17	1.18372	29.519
15.0788	17	1.18372	28.9689
15.1869	17	1.18372	28.3973
15.2949	17	1.18372	27.8014
15.403	17	1.18372	27.1855
15.5111	17	1.18372	26.5465
15.6192	17	1.18372	25.883
15.7273	17	1.18372	25.1969
15.8354	17	1.18372	24.4861
15.9434	17	1.18372	23.7509
16.0515	17	1.18372	22.9909
16.1596	17	1.18372	22.2057
16.2677	17	1.18372	21.3921
16.3758	17	1.18372	20.5485
16.4838	17	1.18372	19.6663
16.5919	17	1.18372	18.7152
16.7	17	1.18372	17.543
6	18	1.24893	43.0483
6.10808	18	1.24893	43.0483
6.21616	18	1.24893	43.0483
6.32424	18	1.24893	43.0483
6.43232	18	1.24893	43.0483
6.5404	18	1.24893	43.0482
6.64848	18	1.24893	43.0482
6.75657	18	1.24893	43.048
6.86465	18	1.24893	43.0478
6.97273	18	1.24893	43.0475
7.08081	18	1.24893	43.047
7.18889	18	1.24893	43.0461
7.29697	18	1.24893	43.0447
7.40505	18	1.24893	43.0424
7.51313	18	1.24893	43.0388
7.62121	18	1.24893	43.0331
7.72929	18	1.24893	43.0242
7.83737	18	1.24893	43.0095
7.94545	18	1.24893	42.9749
8.05354	18	1.24893	42.9264
8.16162	18	1.24893	42.8644
8.2697	18	1.24893	42.7944
8.37778	18	1.24893	42.7202
8.48586	18	1.24893	42.6421
8.59394	18	1.24893	42.5609
8.70202	18	1.24893	42.4769
8.8101	18	1.24893	42.3902
8.91818	18	1.24893	42.3007
9.02626	18	1.24893	42.2089
9.13434	18	1.24893	42.1158
9.24242	18	1.24893	42.0187
9.35051	18	1.24893	41.9194
9.45859	18	1.24893	41.8184
9.56667	18	1.24893	41.7134
9.67475	18	1.24893	41.6082
9.78283	18	1.24893	41.5012
9.89091	18	1.24893	41.3878
9.99899	18	1.24893	41.2762
10.1071	18	1.24893	41.1572
10.2152	18	1.24893	41.0442
10.3232	18	1.24893	40.9266
10.4313	18	1.24893	40.8018
10.5394	18	1.24893	40.6776
10.6475	18	1.24893	40.5489
10.7556	18	1.24893	40.4259
10.8636	18	1.24893	40.2824
10.9717	18	1.24893	40.1351
11.0798	18	1.24893	39.9837
11.1879	18	1.24893	39.8282
11.296	18	1.24893	39.6685
11.404	18	1.24893	39.5042
11.5121	18	1.24893	39.3355
11.6202	18	1.24893	39.1618
11.7283	18	1.24893	38.9835
11.8364	18	1.24893	38.7991
11.9444	18	1.24893	38.6098
12.0525	18	1.24893	38.4137
12.1606	18	1.24893	38.2166
12.2687	18	1.24893	38.0084
12.3768	18	1.24893	37.7954
12.4848	18	1.24893	37.586
12.5929	18	1.24893	37.3614
12.701	18	1.24893	37.13
12.8091	18	1.24893	36.9054
12.9172	18	1.24893	36.6453
13.0253	18	1.24893	36.3754
13.1333	18	1.24893	36.0949
13.2414	18	1.24893	35.8037
13.3495	18	1.24893	35.5015
13.4576	18	1.24893	35.187
13.5657	18	1.24893	34.8631
13.6737	18	1.24893	34.5253
13.7818	18	1.24893	34.1769
13.8899	18	1.24893	33.8089
13.998	18	1.24893	33.4244
14.1061	18	1.24893	33.0252
14.2141	18	1.24893	32.6127
14.3222	18	1.24893	32.1859
14.4303	18	1.24893	31.7455
14.5384	18	1.24893	31.2775
14.6465	18	1.24893	30.7902
14.7545	18	1.24893	30.2859
14.8626	18	1.24893	29.7624
14.9707	18	1.24893	29.2177
15.0788	18	1.24893	28.6529
15.1869	18	1.24893	28.0664
15.2949	18	1.24893	27.4554
15.403	18	1.24893	26.824
15.5111	18	1.24893	26.1694
15.6192	18	1.24893	25.4898
15.7273	18	1.24893	24.7871
15.8354	18	1.24893	24.0592
15.9434	18	1.24893	23.3065
16.0515	18	1.24893	22.5284
16.1596	18	1.24893	21.7245
16.2677	18	1.24893	20.8922
16.3758	18	1.24893	20.0298
16.4838	18	1.24893	19.1298
16.5919	18	1.24893	18.1631
16.7	18	1.24893	16.9791
6	19	1.31414	43.1099
6.10808	19	1.31414	43.1099
6.21616	19	1.31414	43.1099
6.32424	19	1.31414	43.1099
6.43232	19	1.31414	43.1099
6.5404	19	1.31414	43.1098
6.64848	19	1.31414	43.1097
6.75657	19	1.31414	43.1096
6.86465	19	1.31414	43.1094
6.97273	19	1.31414	43.1091
7.08081	19	1.31414	43.1085
7.18889	19	1.31414	43.1077
7.29697	19	1.31414	43.1063
7.40505	19	1.31414	43.104
7.51313	19	1.31414	43.1004
7.62121	19	1.31414	43.0947
7.72929	19	1.31414	43.0857
7.83737	19	1.31414	43.0711
7.94545	19	1.31414	43.0366
8.05354	19	1.31414	42.9881
8.16162	19	1.31414	42.926
8.2697	19	1.31414	42.856
8.37778	19	1.31414	42.7815
8.48586	19	1.31414	42.7031
8.59394	19	1.31414	42.6214
8.70202	19	1.31414	42.5368
8.8101	19	1.31414	42.4494
8.91818	19	1.31414	42.3589
9.02626	19	1.31414	42.2661
9.13434	19	1.31414	42.1717
9.24242	19	1.31414	42.0734
9.35051	19	1.31414	41.9725
9.45859	19	1.31414	41.8699
9.56667	19	1.31414	41.7631
9.67475	19	1.31414	41.6559
9.78283	19	1.31414	41.5466
9.89091	19	1.31414	41.431
9.99899	19	1.31414	41.317
10.1071	19	1.31414	41.1955
10.2152	19	1.31414	41.0797
10.3232	19	1.31414	40.9592
10.4313	19	1.31414	40.8314
10.5394	19	1.31414	40.7042
10.6475	19	1.31414	40.5724
10.7556	19	1.31414	40.4463
10.8636	19	1.31414	40.2993
10.9717	19	1.31414	40.1483
11.0798	19	1.31414	39.9931
11.1879	19	1.31414	39.8335
11.296	19	1.31414	39.6696
11.404	19	1.31414	39.501
11.5121	19	1.31414	39.3277
11.6202	19	1.31414	39.1492
11.7283	19	1.31414	38.9657
11.8364	19	1.31414	38.7761
11.9444	19	1.31414	38.5811
12.0525	19	1.31414	38.3793
12.1606	19	1.31414	38.1756
12.2687	19	1.31414	37.961
12.3768	19	1.31414	37.7411
12.4848	19	1.31414	37.5242
12.5929	19	1.31414	37.2922
12.701	19	1.31414	37.053
12.8091	19	1.31414	36.8209
12.9172	19	1.31414	36.5525
13.0253	19	1.31414	36.2738
13.1333	19	1.31414	35.9843
13.2414	19	1.31414	35.6837
13.3495	19	1.31414	35.3717
13.4576	19	1.31414	35.047
13.5657	19	1.31414	34.7124
13.6737	19	1.31414	34.3638
13.7818	19	1.31414	34.0043
13.8899	19	1.31414	33.6248
13.998	19	1.31414	33.2283
14.1061	19	1.31414	32.8168
14.2141	19	1.31414	32.3916
14.3222	19	1.31414	31.9518
14.4303	19	1.31414	31.4981
14.5384	19	1.31414	31.0167
14.6465	19	1.31414	30.5157
14.7545	19	1.31414	29.9973
14.8626	19	1.31414	29.4595
14.9707	19	1.31414	28.9003
15.0788	19	1.31414	28.3207
15.1869	19	1.31414	27.7192
15.2949	19	1.31414	27.0929
15.403	19	1.31414	26.4457
15.5111	19	1.31414	25.7751
15.6192	19	1.31414	25.079
15.7273	19	1.31414	24.3593
15.8354	19	1.31414	23.614
15.9434	19	1.31414	22.8432
16.0515	19	1.31414	22.0465
16.1596	19	1.31414	21.2234
16.2677	19	1.31414	20.3715
16.3758	19	1.31414	19.4894
16.4838	19	1.31414	18.5703
16.5919	19	1.31414	17.5865
16.7	19	1.31414	16.3893
6	20	1.37935	43.1705
6.10808	20	1.37935	43.1705
6.21616	20	1.37935	43.1705
6.32424	20	1.37935	43.1705
6.43232	20	1.37935	43.1705
6.5404	20	1.37935	43.1704
6.64848	20	1.37935	43.1704
6.75657	20	1.37935	43.1702
6.86465	20	1.37935	43.17
6.97273	20	1.37935	43.1697
7.08081	20	1.37935	43.1692
7.18889	20	1.37935	43.1683
7.29697	20	1.37935	43.1669
7.40505	20	1.37935	43.1646
7.51313	20	1.37935	43.161
7.62121	20	1.37935	43.1553
7.72929	20	1.37935	43.1464
7.83737	20	1.37935	43.1317
7.94545	20	1.37935	43.0972
8.05354	20	1.37935	43.0487
8.16162	20	1.37935	42.9865
8.2697	20	1.37935	42.9163
8.37778	20	1.37935	42.8414
8.48586	20	1.37935	42.7625
8.59394	20	1.37935	42.6801
8.70202	20	1.37935	42.5948
8.8101	20	1.37935	42.5064
8.91818	20	1.37935	42.4148
9.02626	20	1.37935	42.3207
9.13434	20	1.37935	42.2248
9.24242	20	1.37935	42.1249
9.35051	20	1.37935	42.0223
9.45859	20	1.37935	41.9177
9.56667	20	1.37935	41.8089
9.67475	20	1.37935	41.6993
9.78283	20	1.37935	41.5876
9.89091	20	1.37935	41.4695
9.99899	20	1.37935	41.3526
10.1071	20	1.37935	41.2283
10.2152	20	1.37935	41.1094
10.3232	20	1.37935	40.9856
10.4313	20	1.37935	40.8546
10.5394	20	1.37935	40.724
10.6475	20	1.37935	40.5887
10.7556	20	1.37935	40.4593
10.8636	20	1.37935	40.3083
10.9717	20	1.37935	40.1533
11.0798	20	1.37935	39.9939
11.1879	20	1.37935	39.8299
11.296	20	1.37935	39.6614
11.404	20	1.37935	39.488
11.5121	20	1.37935	39.3097
11.6202	20	1.37935	39.126
11.7283	20	1.37935	38.937
11.8364	20	1.37935	38.7416
11.9444	20	1.37935	38.5406
12.0525	20	1.37935	38.3325
12.1606	20	1.37935	38.1219
12.2687	20	1.37935	37.9004
12.3768	20	1.37935	37.6731
12.4848	20	1.37935	37.4483
12.5929	20	1.37935	37.2083
12.701	20	1.37935	36.961
12.8091	20	1.37935	36.7209
12.9172	20	1.37935	36.4437
13.0253	20	1.37935	36.156
13.1333	20	1.37935	35.857
13.2414	20	1.37935	35.5466
13.3495	20	1.37935	35.2244
13.4576	20	1.37935	34.8892
13.5657	20	1.37935	34.5437
13.6737	20	1.37935	34.1839
13.7818	20	1.37935	33.813
13.8899	20	1.37935	33.4219
13.998	20	1.37935	33.0133
14.1061	20	1.37935	32.5892
14.2141	20	1.37935	32.1511
14.3222	20	1.37935	31.698
14.4303	20	1.37935	31.2311
14.5384	20	1.37935	30.7361
14.6465	20	1.37935	30.2212
14.7545	20	1.37935	29.6884
14.8626	20	1.37935	29.1362
14.9707	20	1.37935	28.5622
15.0788	20	1.37935	27.9676
15.1869	20	1.37935	27.3506
15.2949	20	1.37935	26.7086
15.403	20	1.37935	26.0454
15.5111	20	1.37935	25.3582
15.6192	20	1.37935	24.6453
15.7273	20	1.37935	23.908
15.8354	20	1.37935	23.1445
15.9434	20	1.37935	22.3551
16.0515	20	1.37935	21.539
16.1596	20	1.37935	20.6959
16.2677	20	1.37935	19.8234
16.3758	20	1.37935	18.9204
16.4838	20	1.37935	17.9808
16.5919	20	1.37935	16.9783
16.7	20	1.37935	15.7664
6	21	1.44456	43.2285
6.10808	21	1.44456	43.2285
6.21616	21	1.44456	43.2285
6.32424	21	1.44456	43.2285
6.43232	21	1.44456	43.2285
6.5404	21	1.44456	43.2284
6.64848	21	1.44456	43.2283
6.75657	21	1.44456	43.2282
6.86465	21	1.44456	43.228
6.97273	21	1.44456	43.2277
7.08081	21	1.44456	43.2271
7.18889	21	1.44456	43.2263
7.29697	21	1.44456	43.2249
7.40505	21	1.44456	43.2226
7.51313	21	1.44456	43.219
7.62121	21	1.44456	43.2132
7.72929	21	1.44456	43.2043
7.83737	21	1.44456	43.1896
7.94545	21	1.44456	43.1551
8.05354	21	1.44456	43.1064
8.16162	21	1.44456	43.044
8.2697	21	1.44456	42.9734
8.37778	21	1.44456	42.898
8.48586	21	1.44456	42.8184
8.59394	21	1.44456	42.7352
8.70202	21	1.44456	42.6488
8.8101	21	1.44456	42.5591
8.91818	21	1.44456	42.4662
9.02626	21	1.44456	42.3705
9.13434	21	1.44456	42.2729
9.24242	21	1.44456	42.171
9.35051	21	1.44456	42.0664
9.45859	21	1.44456	41.9595
9.56667	21	1.44456	41.8483
9.67475	21	1.44456	41.7361
9.78283	21	1.44456	41.6215
9.89091	21	1.44456	41.5005
9.99899	21	1.44456	41.3804
10.1071	21	1.44456	41.2528
10.2152	21	1.44456	41.1304
10.3232	21	1.44456	41.003
10.4313	21	1.44456	40.8684
10.5394	21	1.44456	40.734
10.6475	21	1.44456	40.5948
10.7556	21	1.44456	40.4615
10.8636	21	1.44456	40.3063
10.9717	21	1.44456	40.1468
11.0798	21	1.44456	39.9828
11.1879	21	1.44456	39.8139
11.296	21	1.44456	39.6404
11.404	21	1.44456	39.4618
11.5121	21	1.44456	39.278
11.6202	21	1.44456	39.0886
11.7283	21	1.44456	38.8936
11.8364	21	1.44456	38.692
11.9444	21	1.44456	38.4844
12.0525	21	1.44456	38.2696
12.1606	21	1.44456	38.0515
12.2687	21	1.44456	37.8226
12.3768	21	1.44456	37.5874
12.4848	21	1.44456	37.3541
12.5929	21	1.44456	37.1057
12.701	21	1.44456	36.8497
12.8091	21	1.44456	36.6011
12.9172	21	1.44456	36.3146
13.0253	21	1.44456	36.0174
13.1333	21	1.44456	35.7086
13.2414	21	1.44456	35.388
13.3495	21	1.44456	35.0553
13.4576	21	1.44456	34.7092
13.5657	21	1.44456	34.3524
13.6737	21	1.44456	33.9811
13.7818	21	1.44456	33.5985
13.8899	21	1.44456	33.1954
13.998	21	1.44456	32.7744
14.1061	21	1.44456	32.3376
14.2141	21	1.44456	31.8863
14.3222	21	1.44456	31.4198
14.4303	21	1.44456	30.9392
14.5384	21	1.44456	30.4305
14.6465	21	1.44456	29.9014
14.7545	21	1.44456	29.3541
14.8626	21	1.44456	28.7871
14.9707	21	1.44456	28.198
15.0788	21	1.44456	27.5879
15.1869	21	1.44456	26.9552
15.2949	21	1.44456	26.297
15.403	21	1.44456	25.617
15.5111	21	1.44456	24.9127
15.6192	21	1.44456	24.1822
15.7273	21	1.44456	23.4266
15.8354	21	1.44456	22.6443
15.9434	21	1.44456	21.8353
16.0515	21	1.44456	20.9989
16.1596	21	1.44456	20.1347
16.2677	21	1.44456	19.2404
16.3758	21	1.44456	18.3152
16.4838	21	1.44456	17.3535
16.5919	21	1.44456	16.3305
16.7	21	1.44456	15.1022
6	22	1.50977	43.2843
6.10808	22	1.50977	43.2843
6.21616	22	1.50977	43.2843
6.32424	22	1.50977	43.2843
6.43232	22	1.50977	43.2842
6.5404	22	1.50977	43.2842
6.64848	22	1.50977	43.2841
6.75657	22	1.50977	43.284
6.86465	22	1.50977	43.2838
6.97273	22	1.50977	43.2834
7.08081	22	1.50977	43.2829
7.18889	22	1.50977	43.282
7.29697	22	1.50977	43.2806
7.40505	22	1.50977	43.2783
7.51313	22	1.50977	43.2747
7.62121	22	1.50977	43.269
7.72929	22	1.50977	43.26
7.83737	22	1.50977	43.2452
7.94545	22	1.50977	43.2106
8.05354	22	1.50977	43.1617
8.16162	22	1.50977	43.0989
8.2697	22	1.50977	43.0277
8.37778	22	1.50977	42.9515
8.48586	22	1.50977	42.8709
8.59394	22	1.50977	42.7865
8.70202	22	1.50977	42.6988
8.8101	22	1.50977	42.6076
8.91818	22	1.50977	42.513
9.02626	22	1.50977	42.4154
9.13434	22	1.50977	42.3155
9.24242	22	1.50977	42.2115
9.35051	22	1.50977	42.1044
9.45859	22	1.50977	41.9947
9.56667	22	1.50977	41.8808
9.67475	22	1.50977	41.7654
9.78283	22	1.50977	41.6475
9.89091	22	1.50977	41.5232
9.99899	22	1.50977	41.3995
10.1071	22	1.50977	41.2682
10.2152	22	1.50977	41.1419
10.3232	22	1.50977	41.0103
10.4313	22	1.50977	40.8715
10.5394	22	1.50977	40.7328
10.6475	22	1.50977	40.5894
10.7556	22	1.50977	40.4518
10.8636	22	1.50977	40.2918
10.9717	22	1.50977	40.1274
11.0798	22	1.50977	39.9582
11.1879	22	1.50977	39.784
11.296	22	1.50977	39.6049
11.404	22	1.50977	39.4205
11.5121	22	1.50977	39.2308
11.6202	22	1.50977	39.0352
11.7283	22	1.50977	38.8336
11.8364	22	1.50977	38.6252
11.9444	22	1.50977	38.4106
12.0525	22	1.50977	38.1884
12.1606	22	1.50977	37.9623
12.2687	22	1.50977	37.7254
12.3768	22	1.50977	37.4819
12.4848	22	1.50977	37.2395
12.5929	22	1.50977	36.9821
12.701	22	1.50977	36.7168
12.8091	22	1.50977	36.4592
12.9172	22	1.50977	36.1631
13.0253	22	1.50977	35.8558
13.1333	22	1.50977	35.5367
13.2414	22	1.50977	35.2056
13.3495	22	1.50977	34.8619
13.4576	22	1.50977	34.5046
13.5657	22	1.50977	34.1362
13.6737	22	1.50977	33.7531
13.7818	22	1.50977	33.3585
13.8899	22	1.50977	32.9431
13.998	22	1.50977	32.5094
14.1061	22	1.50977	32.0596
14.2141	22	1.50977	31.595
14.3222	22	1.50977	31.1148
14.4303	22	1.50977	30.6204
14.5384	22	1.50977	30.0975
14.6465	22	1.50977	29.554
14.7545	22	1.50977	28.992
14.8626	22	1.50977	28.4098
14.9707	22	1.50977	27.8053
15.0788	22	1.50977	27.1792
15.1869	22	1.50977	26.5302
15.2949	22	1.50977	25.8553
15.403	22	1.50977	25.1581
15.5111	22	1.50977	24.436
15.6192	22	1.50977	23.6871
15.7273	22	1.50977	22.9124
15.8354	22	1.50977	22.1102
15.9434	22	1.50977	21.2806
16.0515	22	1.50977	20.4227
16.1596	22	1.50977	19.5361
16.2677	22	1.50977	18.6186
16.3758	22	1.50977	17.6695
16.4838	22	1.50977	16.6837
16.5919	22	1.50977	15.638
16.7	22	1.50977	14.3914
6	23	1.57498	43.3389
6.10808	23	1.57498	43.3389
6.21616	23	1.57498	43.3388
6.32424	23	1.57498	43.3388
6.43232	23	1.57498	43.3388
6.5404	23	1.57498	43.3388
6.64848	23	1.57498	43.3387
6.75657	23	1.57498	43.3385
6.86465	23	1.57498	43.3383
6.97273	23	1.57498	43.338
7.08081	23	1.57498	43.3375
7.18889	23	1.57498	43.3366
7.29697	23	1.57498	43.3352
7.40505	23	1.57498	43.3329
7.51313	23	1.57498	43.3292
7.62121	23	1.57498	43.3234
7.72929	23	1.57498	43.3144
7.83737	23	1.57498	43.2995
7.94545	23	1.57498	43.2646
8.05354	23	1.57498	43.2153
8.16162	23	1.57498	43.1519
8.2697	23	1.57498	43.0798
8.37778	23	1.57498	43.0025
8.48586	23	1.57498	42.9207
8.59394	23	1.57498	42.8348
8.70202	23	1.57498	42.7453
8.8101	23	1.57498	42.6522
8.91818	23	1.57498	42.5554
9.02626	23	1.57498	42.4555
9.13434	23	1.57498	42.353
9.24242	23	1.57498	42.2462
9.35051	23	1.57498	42.1361
9.45859	23	1.57498	42.0233
9.56667	23	1.57498	41.906
9.67475	23	1.57498	41.7871
9.78283	23	1.57498	41.6653
9.89091	23	1.57498	41.5372
9.99899	23	1.57498	41.4092
10.1071	23	1.57498	41.2738
10.2152	23	1.57498	41.1428
10.3232	23	1.57498	41.0066
10.4313	23	1.57498	40.8631
10.5394	23	1.57498	40.7196
10.6475	23	1.57498	40.5713
10.7556	23	1.57498	40.4289
10.8636	23	1.57498	40.2636
10.9717	23	1.57498	40.0936
11.0798	23	1.57498	39.9188
11.1879	23	1.57498	39.7386
11.296	23	1.57498	39.5534
11.404	23	1.57498	39.3627
11.5121	23	1.57498	39.1664
11.6202	23	1.57498	38.9639
11.7283	23	1.57498	38.7552
11.8364	23	1.57498	38.5394
11.9444	23	1.57498	38.3171
12.0525	23	1.57498	38.087
12.1606	23	1.57498	37.8524
12.2687	23	1.57498	37.6069
12.3768	23	1.57498	37.3544
12.4848	23	1.57498	37.1024
12.5929	23	1.57498	36.8354
12.701	23	1.57498	36.5604
12.8091	23	1.57498	36.2933
12.9172	23	1.57498	35.9871
13.0253	23	1.57498	35.6693
13.1333	23	1.57498	35.3396
13.2414	23	1.57498	34.9974
13.3495	23	1.57498	34.6425
13.4576	23	1.57498	34.2737
13.5657	23	1.57498	33.8933
13.6737	23	1.57498	33.4982
13.7818	23	1.57498	33.0913
13.8899	23	1.57498	32.6634
13.998	23	1.57498	32.217
14.1061	23	1.57498	31.7541
14.2141	23	1.57498	31.2759
14.3222	23	1.57498	30.7819
14.4303	23	1.57498	30.2735
14.5384	23	1.57498	29.7365
14.6465	23	1.57498	29.1785
14.7545	23	1.57498	28.6015
14.8626	23	1.57498	28.0041
14.9707	23	1.57498	27.3839
15.0788	23	1.57498	26.7417
15.1869	23	1.57498	26.0762
15.2949	23	1.57498	25.3843
15.403	23	1.57498	24.6694
15.5111	23	1.57498	23.9291
15.6192	23	1.57498	23.1614
15.7273	23	1.57498	22.3671
15.8354	23	1.57498	21.5445
15.9434	23	1.57498	20.6936
16.0515	23	1.57498	19.8135
16.1596	23	1.57498	18.9037
16.2677	23	1.57498	17.962
16.3758	23	1.57498	16.9878
16.4838	23	1.57498	15.9766
16.5919	23	1.57498	14.9066
16.7	23	1.57498	13.6401
6	24	1.64018	43.3866
6.10808	24	1.64018	43.3866
6.21616	24	1.64018	43.3866
6.32424	24	1.64018	43.3865
6.43232	24	1.64018	43.3865
6.5404	24	1.64018	43.3865
6.64848	24	1.64018	43.3864
6.75657	24	1.64018	43.3863
6.86465	24	1.64018	43.386
6.97273	24	1.64018	43.3857
7.08081	24	1.64018	43.3852
7.18889	24	1.64018	43.3843
7.29697	24	1.64018	43.3828
7.40505	24	1.64018	43.3805
7.51313	24	1.64018	43.3768
7.62121	24	1.64018	43.371
7.72929	24	1.64018	43.3618
7.83737	24	1.64018	43.3468
7.94545	24	1.64018	43.3116
8.05354	24	1.64018	43.2616
8.16162	24	1.64018	43.1972
8.2697	24	1.64018	43.1239
8.37778	24	1.64018	43.045
8.48586	24	1.64018	42.9614
8.59394	24	1.64018	42.8735
8.70202	24	1.64018	42.7818
8.8101	24	1.64018	42.6862
8.91818	24	1.64018	42.5867
9.02626	24	1.64018	42.4838
9.13434	24	1.64018	42.378
9.24242	24	1.64018	42.2678
9.35051	24	1.64018	42.1542
9.45859	24	1.64018	42.0375
9.56667	24	1.64018	41.9162
9.67475	24	1.64018	41.793
9.78283	24	1.64018	41.6666
9.89091	24	1.64018	41.534
9.99899	24	1.64018	41.4011
10.1071	24	1.64018	41.2608
10.2152	24	1.64018	41.1246
10.3232	24	1.64018	40.9829
10.4313	24	1.64018	40.8341
10.5394	24	1.64018	40.6849
10.6475	24	1.64018	40.5311
10.7556	24	1.64018	40.3833
10.8636	24	1.64018	40.2119
10.9717	24	1.64018	40.0357
11.0798	24	1.64018	39.8544
11.1879	24	1.64018	39.6676
11.296	24	1.64018	39.4755
11.404	24	1.64018	39.2777
11.5121	24	1.64018	39.074
11.6202	24	1.64018	38.8641
11.7283	24	1.64018	38.6474
11.8364	24	1.64018	38.4235
11.9444	24	1.64018	38.1928
12.0525	24	1.64018	37.9541
12.1606	24	1.64018	37.7102
12.2687	24	1.64018	37.4555
12.3768	24	1.64018	37.1933
12.4848	24	1.64018	36.9309
12.5929	24	1.64018	36.6537
12.701	24	1.64018	36.3684
12.8091	24	1.64018	36.0911
12.9172	24	1.64018	35.7741
13.0253	24	1.64018	35.4454
13.1333	24	1.64018	35.1044
13.2414	24	1.64018	34.7508
13.3495	24	1.64018	34.3842
13.4576	24	1.64018	34.0034
13.5657	24	1.64018	33.6106
13.6737	24	1.64018	33.203
13.7818	24	1.64018	32.7835
13.8899	24	1.64018	32.3427
13.998	24	1.64018	31.8831
14.1061	24	1.64018	31.4067
14.2141	24	1.64018	30.9147
14.3222	24	1.64018	30.4065
14.4303	24	1.64018	29.8838
14.5384	24	1.64018	29.3322
14.6465	24	1.64018	28.7593
14.7545	24	1.64018	28.1669
14.8626	24	1.64018	27.5537
14.9707	24	1.64018	26.9174
15.0788	24	1.64018	26.2586
15.1869	24	1.64018	25.5759
15.2949	24	1.64018	24.8663
15.403	24	1.64018	24.1331
15.5111	24	1.64018	23.3738
15.6192	24	1.64018	22.5864
15.7273	24	1.64018	21.7714
15.8354	24	1.64018	20.9273
15.9434	24	1.64018	20.054
16.0515	24	1.64018	19.1504
16.1596	24	1.64018	18.2159
16.2677	24	1.64018	17.2484
16.3758	24	1.64018	16.2473
16.4838	24	1.64018	15.2087
16.5919	24	1.64018	14.1121
16.7	24	1.64018	12.8239
6	25	1.70539	43.4269
6.10808	25	1.70539	43.4269
6.21616	25	1.70539	43.4269
6.32424	25	1.70539	43.4269
6.43232	25	1.70539	43.4268
6.5404	25	1.70539	43.4268
6.64848	25	1.70539	43.4267
6.75657	25	1.70539	43.4266
6.86465	25	1.70539	43.4264
6.97273	25	1.70539	43.426
7.08081	25	1.70539	43.4255
7.18889	25	1.70539	43.4246
7.29697	25	1.70539	43.4231
7.40505	25	1.70539	43.4208
7.51313	25	1.70539	43.417
7.62121	25	1.70539	43.4111
7.72929	25	1.70539	43.4018
7.83737	25	1.70539	43.3866
7.94545	25	1.70539	43.3506
8.05354	25	1.70539	43.2996
8.16162	25	1.70539	43.2339
8.2697	25	1.70539	43.1588
8.37778	25	1.70539	43.0777
8.48586	25	1.70539	42.9917
8.59394	25	1.70539	42.9012
8.70202	25	1.70539	42.8064
8.8101	25	1.70539	42.7075
8.91818	25	1.70539	42.6045
9.02626	25	1.70539	42.4978
9.13434	25	1.70539	42.3879
9.24242	25	1.70539	42.2736
9.35051	25	1.70539	42.1555
9.45859	25	1.70539	42.0341
9.56667	25	1.70539	41.908
9.67475	25	1.70539	41.7796
9.78283	25	1.70539	41.6478
9.89091	25	1.70539	41.5098
9.99899	25	1.70539	41.3711
10.1071	25	1.70539	41.2251
10.2152	25	1.70539	41.0826
10.3232	25	1.70539	40.9346
10.4313	25	1.70539	40.7795
10.5394	25	1.70539	40.624
10.6475	25	1.70539	40.4638
10.7556	25	1.70539	40.3097
10.8636	25	1.70539	40.1314
10.9717	25	1.70539	39.9481
11.0798	25	1.70539	39.7595
11.1879	25	1.70539	39.5652
11.296	25	1.70539	39.3654
11.404	25	1.70539	39.1597
11.5121	25	1.70539	38.9479
11.6202	25	1.70539	38.7295
11.7283	25	1.70539	38.5041
11.8364	25	1.70539	38.2714
11.9444	25	1.70539	38.0314
12.0525	25	1.70539	37.7833
12.1606	25	1.70539	37.5293
12.2687	25	1.70539	37.2646
12.3768	25	1.70539	36.992
12.4848	25	1.70539	36.7186
12.5929	25	1.70539	36.4306
12.701	25	1.70539	36.1341
12.8091	25	1.70539	35.8461
12.9172	25	1.70539	35.5178
13.0253	25	1.70539	35.1776
13.1333	25	1.70539	34.8249
13.2414	25	1.70539	34.4594
13.3495	25	1.70539	34.0805
13.4576	25	1.70539	33.6873
13.5657	25	1.70539	33.2819
13.6737	25	1.70539	32.8613
13.7818	25	1.70539	32.4288
13.8899	25	1.70539	31.9749
13.998	25	1.70539	31.5018
14.1061	25	1.70539	31.0116
14.2141	25	1.70539	30.5054
14.3222	25	1.70539	29.9827
14.4303	25	1.70539	29.4453
14.5384	25	1.70539	28.8789
14.6465	25	1.70539	28.2907
14.7545	25	1.70539	27.6825
14.8626	25	1.70539	27.0532
14.9707	25	1.70539	26.4003
15.0788	25	1.70539	25.7243
15.1869	25	1.70539	25.0238
15.2949	25	1.70539	24.2958
15.403	25	1.70539	23.5433
15.5111	25	1.70539	22.7641
15.6192	25	1.70539	21.9559
15.7273	25	1.70539	21.1191
15.8354	25	1.70539	20.2522
15.9434	25	1.70539	19.3549
16.0515	25	1.70539	18.4261
16.1596	25	1.70539	17.4649
16.2677	25	1.70539	16.4694
16.3758	25	1.70539	15.4389
16.4838	25	1.70539	14.3699
16.5919	25	1.70539	13.2437
16.7	25	1.70539	11.9308
6	26	1.7706	43.4601
6.10808	26	1.7706	43.4601
6.21616	26	1.7706	43.4601
6.32424	26	1.7706	43.4601
6.43232	26	1.7706	43.46
6.5404	26	1.7706	43.46
6.64848	26	1.7706	43.4599
6.75657	26	1.7706	43.4598
6.86465	26	1.7706	43.4596
6.97273	26	1.7706	43.4592
7.08081	26	1.7706	43.4586
7.18889	26	1.7706	43.4577
7.29697	26	1.7706	43.4562
7.40505	26	1.7706	43.4538
7.51313	26	1.7706	43.45
7.62121	26	1.7706	43.4439
7.72929	26	1.7706	43.4344
7.83737	26	1.7706	43.4188
7.94545	26	1.7706	43.382
8.05354	26	1.7706	43.3295
8.16162	26	1.7706	43.2617
8.2697	26	1.7706	43.184
8.37778	26	1.7706	43.0999
8.48586	26	1.7706	43.0106
8.59394	26	1.7706	42.9163
8.70202	26	1.7706	42.8176
8.8101	26	1.7706	42.7143
8.91818	26	1.7706	42.6067
9.02626	26	1.7706	42.4951
9.13434	26	1.7706	42.38
9.24242	26	1.7706	42.2604
9.35051	26	1.7706	42.1367
9.45859	26	1.7706	42.0094
9.56667	26	1.7706	41.8774
9.67475	26	1.7706	41.7427
9.78283	26	1.7706	41.6043
9.89091	26	1.7706	41.4598
9.99899	26	1.7706	41.3142
10.1071	26	1.7706	41.1613
10.2152	26	1.7706	41.0115
10.3232	26	1.7706	40.8561
10.4313	26	1.7706	40.6937
10.5394	26	1.7706	40.5306
10.6475	26	1.7706	40.3631
10.7556	26	1.7706	40.2017
10.8636	26	1.7706	40.0155
10.9717	26	1.7706	39.8241
11.0798	26	1.7706	39.6272
11.1879	26	1.7706	39.4245
11.296	26	1.7706	39.216
11.404	26	1.7706	39.0014
11.5121	26	1.7706	38.7805
11.6202	26	1.7706	38.5528
11.7283	26	1.7706	38.3178
11.8364	26	1.7706	38.0753
11.9444	26	1.7706	37.8253
12.0525	26	1.7706	37.5669
12.1606	26	1.7706	37.3022
12.2687	26	1.7706	37.0268
12.3768	26	1.7706	36.7431
12.4848	26	1.7706	36.458
12.5929	26	1.7706	36.1584
12.701	26	1.7706	35.8504
12.8091	26	1.7706	35.5509
12.9172	26	1.7706	35.2109
13.0253	26	1.7706	34.8588
13.1333	26	1.7706	34.494
13.2414	26	1.7706	34.1162
13.3495	26	1.7706	33.7249
13.4576	26	1.7706	33.3191
13.5657	26	1.7706	32.9007
13.6737	26	1.7706	32.4671
13.7818	26	1.7706	32.0214
13.8899	26	1.7706	31.5543
13.998	26	1.7706	31.0677
14.1061	26	1.7706	30.5637
14.2141	26	1.7706	30.0433
14.3222	26	1.7706	29.5062
14.4303	26	1.7706	28.9541
14.5384	26	1.7706	28.3729
14.6465	26	1.7706	27.7695
14.7545	26	1.7706	27.1456
14.8626	26	1.7706	26.5002
14.9707	26	1.7706	25.8307
15.0788	26	1.7706	25.1375
15.1869	26	1.7706	24.4192
15.2949	26	1.7706	23.6728
15.403	26	1.7706	22.9011
15.5111	26	1.7706	22.1018
15.6192	26	1.7706	21.2726
15.7273	26	1.7706	20.4136
15.8354	26	1.7706	19.5234
15.9434	26	1.7706	18.6016
16.0515	26	1.7706	17.6469
16.1596	26	1.7706	16.6583
16.2677	26	1.7706	15.6337
16.3758	26	1.7706	14.5726
16.4838	26	1.7706	13.4717
16.5919	26	1.7706	12.3138
16.7	26	1.7706	10.9741
6	27	1.83581	43.468
6.10808	27	1.83581	43.468
6.21616	27	1.83581	43.468
6.32424	27	1.83581	43.468
6.43232	27	1.83581	43.4679
6.5404	27	1.83581	43.4679
6.64848	27	1.83581	43.4678
6.75657	27	1.83581	43.4677
6.86465	27	1.83581	43.4674
6.97273	27	1.83581	43.4671
7.08081	27	1.83581	43.4665
7.18889	27	1.83581	43.4655
7.29697	27	1.83581	43.464
7.40505	27	1.83581	43.4615
7.51313	27	1.83581	43.4575
7.62121	27	1.83581	43.4513
7.72929	27	1.83581	43.4415
7.83737	27	1.83581	43.4253
7.94545	27	1.83581	43.3869
8.05354	27	1.83581	43.3322
8.16162	27	1.83581	43.2614
8.2697	27	1.83581	43.1797
8.37778	27	1.83581	43.0912
8.48586	27	1.83581	42.997
8.59394	27	1.83581	42.8975
8.70202	27	1.83581	42.7932
8.8101	27	1.83581	42.6839
8.91818	27	1.83581	42.5699
9.02626	27	1.83581	42.4517
9.13434	27	1.83581	42.3296
9.24242	27	1.83581	42.2029
9.35051	27	1.83581	42.072
9.45859	27	1.83581	41.9371
9.56667	27	1.83581	41.7974
9.67475	27	1.83581	41.6547
9.78283	27	1.83581	41.5081
9.89091	27	1.83581	41.3555
9.99899	27	1.83581	41.2013
10.1071	27	1.83581	41.04
10.2152	27	1.83581	40.8812
10.3232	27	1.83581	40.7167
10.4313	27	1.83581	40.5455
10.5394	27	1.83581	40.3734
10.6475	27	1.83581	40.1971
10.7556	27	1.83581	40.0269
10.8636	27	1.83581	39.8313
10.9717	27	1.83581	39.6305
11.0798	27	1.83581	39.4239
11.1879	27	1.83581	39.2113
11.296	27	1.83581	38.9928
11.404	27	1.83581	38.768
11.5121	27	1.83581	38.5367
11.6202	27	1.83581	38.2984
11.7283	27	1.83581	38.0526
11.8364	27	1.83581	37.799
11.9444	27	1.83581	37.5377
12.0525	27	1.83581	37.268
12.1606	27	1.83581	36.9914
12.2687	27	1.83581	36.7042
12.3768	27	1.83581	36.4084
12.4848	27	1.83581	36.1105
12.5929	27	1.83581	35.7984
12.701	27	1.83581	35.4778
12.8091	27	1.83581	35.166
12.9172	27	1.83581	34.8134
13.0253	27	1.83581	34.4485
13.1333	27	1.83581	34.0708
13.2414	27	1.83581	33.6801
13.3495	27	1.83581	33.2756
13.4576	27	1.83581	32.8564
13.5657	27	1.83581	32.4244
13.6737	27	1.83581	31.9772
13.7818	27	1.83581	31.5177
13.8899	27	1.83581	31.0367
13.998	27	1.83581	30.536
14.1061	27	1.83581	30.0176
14.2141	27	1.83581	29.4825
14.3222	27	1.83581	28.9303
14.4303	27	1.83581	28.363
14.5384	27	1.83581	27.7663
14.6465	27	1.83581	27.1471
14.7545	27	1.83581	26.5068
14.8626	27	1.83581	25.8447
14.9707	27	1.83581	25.1579
15.0788	27	1.83581	24.4467
15.1869	27	1.83581	23.7098
15.2949	27	1.83581	22.944
15.403	27	1.83581	22.152
15.5111	27	1.83581	21.3315
15.6192	27	1.83581	20.4802
15.7273	27	1.83581	19.5978
15.8354	27	1.83581	18.6829
15.9434	27	1.83581	17.7351
16.0515	27	1.83581	16.7528
16.1596	27	1.83581	15.7349
16.2677	27	1.83581	14.6793
16.3758	27	1.83581	13.5852
16.4838	27	1.83581	12.4499
16.5919	27	1.83581	11.2574
16.7	27	1.83581	9.88825
6	28	1.90102	43.4286
6.10808	28	1.90102	43.4285
6.21616	28	1.90102	43.4285
6.32424	28	1.90102	43.4285
6.43232	28	1.90102	43.4285
6.5404	28	1.90102	43.4284
6.64848	28	1.90102	43.4283
6.75657	28	1.90102	43.4282
6.86465	28	1.90102	43.428
6.97273	28	1.90102	43.4276
7.08081	28	1.90102	43.427
7.18889	28	1.90102	43.426
7.29697	28	1.90102	43.4243
7.40505	28	1.90102	43.4217
7.51313	28	1.90102	43.4176
7.62121	28	1.90102	43.411
7.72929	28	1.90102	43.4007
7.83737	28	1.90102	43.3837
7.94545	28	1.90102	43.3429
8.05354	28	1.90102	43.2846
8.16162	28	1.90102	43.2088
8.2697	28	1.90102	43.1211
8.37778	28	1.90102	43.0258
8.48586	28	1.90102	42.9243
8.59394	28	1.90102	42.8169
8.70202	28	1.90102	42.7042
8.8101	28	1.90102	42.586
8.91818	28	1.90102	42.4629
9.02626	28	1.90102	42.3354
9.13434	28	1.90102	42.2036
9.24242	28	1.90102	42.0671
9.35051	28	1.90102	41.9262
9.45859	28	1.90102	41.7811
9.56667	28	1.90102	41.6313
9.67475	28	1.90102	41.4781
9.78283	28	1.90102	41.3209
9.89091	28	1.90102	41.1579
9.99899	28	1.90102	40.9928
10.1071	28	1.90102	40.8209
10.2152	28	1.90102	40.651
10.3232	28	1.90102	40.4753
10.4313	28	1.90102	40.2932
10.5394	28	1.90102	40.11
10.6475	28	1.90102	39.923
10.7556	28	1.90102	39.7422
10.8636	28	1.90102	39.5355
10.9717	28	1.90102	39.3234
11.0798	28	1.90102	39.1055
11.1879	28	1.90102	38.8813
11.296	28	1.90102	38.6511
11.404	28	1.90102	38.4145
11.5121	28	1.90102	38.1712
11.6202	28	1.90102	37.9209
11.7283	28	1.90102	37.6627
11.8364	28	1.90102	37.3967
11.9444	28	1.90102	37.1229
12.0525	28	1.90102	36.8405
12.1606	28	1.90102	36.5508
12.2687	28	1.90102	36.2505
12.3768	28	1.90102	35.9415
12.4848	28	1.90102	35.6296
12.5929	28	1.90102	35.304
12.701	28	1.90102	34.9697
12.8091	28	1.90102	34.6447
12.9172	28	1.90102	34.2785
13.0253	28	1.90102	33.9001
13.1333	28	1.90102	33.5087
13.2414	28	1.90102	33.1042
13.3495	28	1.90102	32.6858
13.4576	28	1.90102	32.2526
13.5657	28	1.90102	31.8063
13.6737	28	1.90102	31.3447
13.7818	28	1.90102	30.8707
13.8899	28	1.90102	30.3752
13.998	28	1.90102	29.8598
14.1061	28	1.90102	29.3264
14.2141	28	1.90102	28.7759
14.3222	28	1.90102	28.208
14.4303	28	1.90102	27.6247
14.5384	28	1.90102	27.012
14.6465	28	1.90102	26.3762
14.7545	28	1.90102	25.7188
14.8626	28	1.90102	25.039
14.9707	28	1.90102	24.334
15.0788	28	1.90102	23.604
15.1869	28	1.90102	22.8474
15.2949	28	1.90102	22.0611
15.403	28	1.90102	21.2475
15.5111	28	1.90102	20.4045
15.6192	28	1.90102	19.5295
15.7273	28	1.90102	18.6219
15.8354	28	1.90102	17.6804
15.9434	28	1.90102	16.7045
16.0515	28	1.90102	15.6923
16.1596	28	1.90102	14.6425
16.2677	28	1.90102	13.5529
16.3758	28	1.90102	12.4227
16.4838	28	1.90102	11.2493
16.5919	28	1.90102	10.0183
16.7	28	1.90102	8.61583
6	29	1.96623	43.2728
6.10808	29	1.96623	43.2728
6.21616	29	1.96623	43.2728
6.32424	29	1.96623	43.2728
6.43232	29	1.96623	43.2727
6.5404	29	1.96623	43.2727
6.64848	29	1.96623	43.2726
6.75657	29	1.96623	43.2724
6.86465	29	1.96623	43.2722
6.97273	29	1.96623	43.2717
7.08081	29	1.96623	43.2711
7.18889	29	1.96623	43.27
7.29697	29	1.96623	43.2683
7.40505	29	1.96623	43.2655
7.51313	29	1.96623	43.261
7.62121	29	1.96623	43.2539
7.72929	29	1.96623	43.2428
7.83737	29	1.96623	43.2244
7.94545	29	1.96623	43.1796
8.05354	29	1.96623	43.1152
8.16162	29	1.96623	43.0312
8.2697	29	1.96623	42.9333
8.37778	29	1.96623	42.8267
8.48586	29	1.96623	42.7131
8.59394	29	1.96623	42.5931
8.70202	29	1.96623	42.4669
8.8101	29	1.96623	42.3349
8.91818	29	1.96623	42.1976
9.02626	29	1.96623	42.0557
9.13434	29	1.96623	41.9095
9.24242	29	1.96623	41.7586
9.35051	29	1.96623	41.6035
9.45859	29	1.96623	41.4441
9.56667	29	1.96623	41.2802
9.67475	29	1.96623	41.1129
9.78283	29	1.96623	40.9415
9.89091	29	1.96623	40.7647
9.99899	29	1.96623	40.5856
10.1071	29	1.96623	40.4001
10.2152	29	1.96623	40.2159
10.3232	29	1.96623	40.0262
10.4313	29	1.96623	39.8307
10.5394	29	1.96623	39.6338
10.6475	29	1.96623	39.4337
10.7556	29	1.96623	39.24
10.8636	29	1.96623	39.02
10.9717	29	1.96623	38.7945
11.0798	29	1.96623	38.5631
11.1879	29	1.96623	38.3255
11.296	29	1.96623	38.0817
11.404	29	1.96623	37.8316
11.5121	29	1.96623	37.5747
11.6202	29	1.96623	37.3106
11.7283	29	1.96623	37.0387
11.8364	29	1.96623	36.7589
11.9444	29	1.96623	36.4711
12.0525	29	1.96623	36.1748
12.1606	29	1.96623	35.8709
12.2687	29	1.96623	35.5565
12.3768	29	1.96623	35.2332
12.4848	29	1.96623	34.9065
12.5929	29	1.96623	34.5665
12.701	29	1.96623	34.2178
12.8091	29	1.96623	33.8786
12.9172	29	1.96623	33.4983
13.0253	29	1.96623	33.1057
13.1333	29	1.96623	32.7002
13.2414	29	1.96623	32.2814
13.3495	29	1.96623	31.8487
13.4576	29	1.96623	31.4011
13.5657	29	1.96623	30.9402
13.6737	29	1.96623	30.464
13.7818	29	1.96623	29.9753
13.8899	29	1.96623	29.4651
13.998	29	1.96623	28.9348
14.1061	29	1.96623	28.3863
14.2141	29	1.96623	27.8203
14.3222	29	1.96623	27.2366
14.4303	29	1.96623	26.6373
14.5384	29	1.96623	26.0083
14.6465	29	1.96623	25.3558
14.7545	29	1.96623	24.6812
14.8626	29	1.96623	23.9836
14.9707	29	1.96623	23.2602
15.0788	29	1.96623	22.5109
15.1869	29	1.96623	21.7342
15.2949	29	1.96623	20.9271
15.403	29	1.96623	20.0913
15.5111	29	1.96623	19.2251
15.6192	29	1.96623	18.3255
15.7273	29	1.96623	17.3917
15.8354	29	1.96623	16.4223
15.9434	29	1.96623	15.4167
16.0515	29	1.96623	14.3729
16.1596	29	1.96623	13.2889
16.2677	29	1.96623	12.1628
16.3758	29	1.96623	10.9935
16.4838	29	1.96623	9.77857
16.5919	29	1.96623	8.50491
16.7	29	1.96623	7.06481
