-5.00054	0	-100
-4.78842	0	-100
-4.5763	0	-100
-4.36418	0	-100
-4.15206	0	-100
-3.93994	0	-100
-3.72782	0	-100
-3.51569	0	-100
-3.30357	0	-100
-3.09145	0	-100
-2.87933	0	-100
-2.66721	0	-100
-2.45509	0	-100
-2.24297	0	-100
-2.03085	0	-100
-1.81872	0	-100
-1.6066	0	-100
-1.39448	0	-100
-1.18236	0	-100
-0.970239	0	-100
-0.758118	0	-100
-0.545997	0	-100
-0.333876	0	-100
-0.121755	0	-100
0.0903666	0	-100
0.302488	0	-100
0.514609	0	-100
0.72673	0	-100
0.938851	0	-100
1.15097	0	-100
1.36309	0	-100
1.57522	0	-100
1.78734	0	-100
1.99946	0	-100
2.21158	0	-100
2.4237	0	-100
2.63582	0	-100
2.84794	0	-100
3.06006	0	-100
3.27218	0	-100
3.48431	0	-100
3.69643	0	-100
3.90855	0	-100
4.12067	0	-100
4.33279	0	-100
4.54491	0	-100
4.75703	0	-100
4.96915	0	-100
5.18128	0	-100
5.3934	0	-100
5.60552	0	-100
5.81764	0	-100
6.02976	0	-100
6.24188	0	-100
6.454	0	-100
6.66612	0	-100
6.87825	0	-100
7.09037	0	-100
7.30249	0	-100
7.51461	0	-100
7.72673	0	-100
7.93885	0	-100
8.15097	0	-100
8.36309	0	-100
8.57522	0	-100
8.78734	0	-100
8.99946	0	-100
9.21158	0	-100
9.4237	0	-100
9.63582	0	-100
9.84794	0	-100
10.0601	0	-100
10.2722	0	-100
10.4843	0	-100
10.6964	0	-100
10.9085	0	-100
11.1207	0	-100
11.3328	0	-100
11.5449	0	-100
11.757	0	-100
11.9692	0	-100
12.1813	0	-100
12.3934	0	-100
12.6055	0	-100
12.8176	0	-100
13.0298	0	-100
13.2419	0	-100
13.454	0	-100
13.6661	0	-100
13.8782	0	-100
14.0904	0	-100
14.3025	0	-100
14.5146	0	-100
14.7267	0	-100
14.9389	0	-100
15.151	0	-100
15.3631	0	-100
15.5752	0	-100
15.7873	0	-100
15.9995	0	-100
-5.00054	1	-100
-4.78842	1	-100
-4.5763	1	-100
-4.36418	1	-100
-4.15206	1	-100
-3.93994	1	-100
-3.72782	1	-100
-3.51569	1	-100
-3.30357	1	-100
-3.09145	1	-100
-2.87933	1	-100
-2.66721	1	-100
-2.45509	1	-100
-2.24297	1	-100
-2.03085	1	-100
-1.81872	1	-100
-1.6066	1	-100
-1.39448	1	-100
-1.18236	1	-100
-0.970239	1	-100
-0.758118	1	-100
-0.545997	1	-100
-0.333876	1	-100
-0.121755	1	-100
0.0903666	1	-100
0.302488	1	-100
0.514609	1	-100
0.72673	1	-100
0.938851	1	-100
1.15097	1	-100
1.36309	1	-100
1.57522	1	-100
1.78734	1	-100
1.99946	1	-100
2.21158	1	-100
2.4237	1	-100
2.63582	1	-100
2.84794	1	-100
3.06006	1	-100
3.27218	1	-100
3.48431	1	-100
3.69643	1	-100
3.90855	1	-100
4.12067	1	-100
4.33279	1	-100
4.54491	1	-100
4.75703	1	-100
4.96915	1	-100
5.18128	1	-100
5.3934	1	-100
5.60552	1	-100
5.81764	1	-100
6.02976	1	-100
6.24188	1	-100
6.454	1	-100
6.66612	1	-100
6.87825	1	-100
7.09037	1	-100
7.30249	1	-100
7.51461	1	-100
7.72673	1	-100
7.93885	1	-100
8.15097	1	-100
8.36309	1	-100
8.57522	1	-100
8.78734	1	-100
8.99946	1	-100
9.21158	1	-100
9.4237	1	-100
9.63582	1	-100
9.84794	1	-100
10.0601	1	-100
10.2722	1	-100
10.4843	1	-100
10.6964	1	-100
10.9085	1	-100
11.1207	1	-100
11.3328	1	-100
11.5449	1	-100
11.757	1	-100
11.9692	1	-100
12.1813	1	-100
12.3934	1	-100
12.6055	1	-100
12.8176	1	-100
13.0298	1	-100
13.2419	1	-100
13.454	1	-100
13.6661	1	-100
13.8782	1	-100
14.0904	1	-100
14.3025	1	-100
14.5146	1	-100
14.7267	1	-100
14.9389	1	-100
15.151	1	-100
15.3631	1	-100
15.5752	1	-100
15.7873	1	-100
15.9995	1	-100
-5.00054	2	-100
-4.78842	2	-100
-4.5763	2	-100
-4.36418	2	-100
-4.15206	2	-100
-3.93994	2	-100
-3.72782	2	-100
-3.51569	2	-100
-3.30357	2	-100
-3.09145	2	-100
-2.87933	2	-100
-2.66721	2	-100
-2.45509	2	-100
-2.24297	2	-100
-2.03085	2	-100
-1.81872	2	-100
-1.6066	2	-100
-1.39448	2	-100
-1.18236	2	-100
-0.970239	2	-100
-0.758118	2	-100
-0.545997	2	-100
-0.333876	2	-100
-0.121755	2	-100
0.0903666	2	-100
0.302488	2	-100
0.514609	2	-100
0.72673	2	-100
0.938851	2	-100
1.15097	2	-100
1.36309	2	-100
1.57522	2	-100
1.78734	2	-100
1.99946	2	-100
2.21158	2	-100
2.4237	2	-100
2.63582	2	-100
2.84794	2	-100
3.06006	2	-100
3.27218	2	-100
3.48431	2	-100
3.69643	2	-100
3.90855	2	-100
4.12067	2	-100
4.33279	2	-100
4.54491	2	-100
4.75703	2	-100
4.96915	2	-100
5.18128	2	-100
5.3934	2	-100
5.60552	2	-100
5.81764	2	-100
6.02976	2	-100
6.24188	2	-100
6.454	2	-100
6.66612	2	-100
6.87825	2	-100
7.09037	2	-100
7.30249	2	-100
7.51461	2	-100
7.72673	2	-100
7.93885	2	-100
8.15097	2	-100
8.36309	2	-100
8.57522	2	-100
8.78734	2	-100
8.99946	2	-100
9.21158	2	-100
9.4237	2	-100
9.63582	2	-100
9.84794	2	-100
10.0601	2	-100
10.2722	2	-100
10.4843	2	-100
10.6964	2	-100
10.9085	2	-100
11.1207	2	-100
11.3328	2	-100
11.5449	2	-100
11.757	2	-100
11.9692	2	-100
12.1813	2	-100
12.3934	2	-100
12.6055	2	-100
12.8176	2	-100
13.0298	2	-100
13.2419	2	-100
13.454	2	-100
13.6661	2	-100
13.8782	2	-100
14.0904	2	-100
14.3025	2	-100
14.5146	2	-100
14.7267	2	-100
14.9389	2	-100
15.151	2	-100
15.3631	2	-100
15.5752	2	-100
15.7873	2	-100
15.9995	2	-100
-5.00054	3	-100
-4.78842	3	-100
-4.5763	3	-100
-4.36418	3	-100
-4.15206	3	-100
-3.93994	3	-100
-3.72782	3	-100
-3.51569	3	-100
-3.30357	3	-100
-3.09145	3	-100
-2.87933	3	-100
-2.66721	3	-100
-2.45509	3	-100
-2.24297	3	-100
-2.03085	3	-100
-1.81872	3	-100
-1.6066	3	-100
-1.39448	3	-100
-1.18236	3	-100
-0.970239	3	-100
-0.758118	3	-100
-0.545997	3	-100
-0.333876	3	-100
-0.121755	3	-100
0.0903666	3	-100
0.302488	3	-100
0.514609	3	-100
0.72673	3	-100
0.938851	3	-100
1.15097	3	-100
1.36309	3	-100
1.57522	3	-100
1.78734	3	-100
1.99946	3	-100
2.21158	3	-100
2.4237	3	-100
2.63582	3	-100
2.84794	3	-100
3.06006	3	-100
3.27218	3	-100
3.48431	3	-100
3.69643	3	-100
3.90855	3	-100
4.12067	3	-100
4.33279	3	-100
4.54491	3	-100
4.75703	3	-100
4.96915	3	-100
5.18128	3	-100
5.3934	3	-100
5.60552	3	-100
5.81764	3	-100
6.02976	3	-100
6.24188	3	-100
6.454	3	-100
6.66612	3	-100
6.87825	3	-100
7.09037	3	-100
7.30249	3	-100
7.51461	3	-100
7.72673	3	-100
7.93885	3	-100
8.15097	3	-100
8.36309	3	-100
8.57522	3	-100
8.78734	3	-100
8.99946	3	-100
9.21158	3	-100
9.4237	3	-100
9.63582	3	-100
9.84794	3	-100
10.0601	3	-100
10.2722	3	-100
10.4843	3	-100
10.6964	3	-100
10.9085	3	-100
11.1207	3	-100
11.3328	3	-100
11.5449	3	-100
11.757	3	-100
11.9692	3	-100
12.1813	3	-100
12.3934	3	-100
12.6055	3	-100
12.8176	3	-100
13.0298	3	-100
13.2419	3	-100
13.454	3	-100
13.6661	3	-100
13.8782	3	-100
14.0904	3	-100
14.3025	3	-100
14.5146	3	-100
14.7267	3	-100
14.9389	3	-100
15.151	3	-100
15.3631	3	-100
15.5752	3	-100
15.7873	3	-100
15.9995	3	-100
-5.00054	4	-100
-4.78842	4	-100
-4.5763	4	-100
-4.36418	4	-100
-4.15206	4	-100
-3.93994	4	-100
-3.72782	4	-100
-3.51569	4	-100
-3.30357	4	-100
-3.09145	4	-100
-2.87933	4	-100
-2.66721	4	-100
-2.45509	4	-100
-2.24297	4	-100
-2.03085	4	-100
-1.81872	4	-100
-1.6066	4	-100
-1.39448	4	-100
-1.18236	4	-100
-0.970239	4	-100
-0.758118	4	-100
-0.545997	4	-100
-0.333876	4	-100
-0.121755	4	-100
0.0903666	4	-100
0.302488	4	-100
0.514609	4	-100
0.72673	4	-100
0.938851	4	-100
1.15097	4	-100
1.36309	4	-100
1.57522	4	-100
1.78734	4	-100
1.99946	4	-100
2.21158	4	-100
2.4237	4	-100
2.63582	4	-100
2.84794	4	-100
3.06006	4	-100
3.27218	4	-100
3.48431	4	-100
3.69643	4	-100
3.90855	4	-100
4.12067	4	-100
4.33279	4	-100
4.54491	4	-100
4.75703	4	-100
4.96915	4	-100
5.18128	4	-100
5.3934	4	-100
5.60552	4	-100
5.81764	4	-100
6.02976	4	-100
6.24188	4	-100
6.454	4	-100
6.66612	4	-100
6.87825	4	-100
7.09037	4	-100
7.30249	4	-100
7.51461	4	-100
7.72673	4	-100
7.93885	4	-100
8.15097	4	-100
8.36309	4	-100
8.57522	4	-100
8.78734	4	-100
8.99946	4	-100
9.21158	4	-100
9.4237	4	-100
9.63582	4	-100
9.84794	4	-100
10.0601	4	-100
10.2722	4	-100
10.4843	4	-100
10.6964	4	-100
10.9085	4	-100
11.1207	4	-100
11.3328	4	-100
11.5449	4	-100
11.757	4	-100
11.9692	4	-100
12.1813	4	-100
12.3934	4	-100
12.6055	4	-100
12.8176	4	-100
13.0298	4	-100
13.2419	4	-100
13.454	4	-100
13.6661	4	-100
13.8782	4	-100
14.0904	4	-100
14.3025	4	-100
14.5146	4	-100
14.7267	4	-100
14.9389	4	-100
15.151	4	-100
15.3631	4	-100
15.5752	4	-100
15.7873	4	-100
15.9995	4	-100
-5.00054	5	-100
-4.78842	5	-100
-4.5763	5	-100
-4.36418	5	-100
-4.15206	5	-100
-3.93994	5	-100
-3.72782	5	-100
-3.51569	5	-100
-3.30357	5	-100
-3.09145	5	-100
-2.87933	5	-100
-2.66721	5	-100
-2.45509	5	-100
-2.24297	5	-100
-2.03085	5	-100
-1.81872	5	-100
-1.6066	5	-100
-1.39448	5	-100
-1.18236	5	-100
-0.970239	5	-100
-0.758118	5	-100
-0.545997	5	-100
-0.333876	5	-100
-0.121755	5	-100
0.0903666	5	-100
0.302488	5	-100
0.514609	5	-100
0.72673	5	-100
0.938851	5	-100
1.15097	5	-100
1.36309	5	-100
1.57522	5	-100
1.78734	5	-100
1.99946	5	-100
2.21158	5	-100
2.4237	5	-100
2.63582	5	-100
2.84794	5	-100
3.06006	5	-100
3.27218	5	-100
3.48431	5	-100
3.69643	5	-100
3.90855	5	-100
4.12067	5	-100
4.33279	5	-100
4.54491	5	-100
4.75703	5	-100
4.96915	5	-100
5.18128	5	-100
5.3934	5	-100
5.60552	5	-100
5.81764	5	-100
6.02976	5	-100
6.24188	5	-100
6.454	5	-100
6.66612	5	-100
6.87825	5	-100
7.09037	5	-100
7.30249	5	-100
7.51461	5	-100
7.72673	5	-100
7.93885	5	-100
8.15097	5	-100
8.36309	5	-100
8.57522	5	-100
8.78734	5	-100
8.99946	5	-100
9.21158	5	-100
9.4237	5	-100
9.63582	5	-100
9.84794	5	-100
10.0601	5	-100
10.2722	5	-100
10.4843	5	-100
10.6964	5	-100
10.9085	5	-100
11.1207	5	-100
11.3328	5	-100
11.5449	5	-100
11.757	5	-100
11.9692	5	-100
12.1813	5	-100
12.3934	5	-100
12.6055	5	-100
12.8176	5	-100
13.0298	5	-100
13.2419	5	-100
13.454	5	-100
13.6661	5	-100
13.8782	5	-100
14.0904	5	-100
14.3025	5	-100
14.5146	5	-100
14.7267	5	-100
14.9389	5	-100
15.151	5	-100
15.3631	5	-100
15.5752	5	-100
15.7873	5	-100
15.9995	5	-100
-5.00054	6	-100
-4.78842	6	-100
-4.5763	6	-100
-4.36418	6	-100
-4.15206	6	-100
-3.93994	6	-100
-3.72782	6	-100
-3.51569	6	-100
-3.30357	6	-100
-3.09145	6	-100
-2.87933	6	-100
-2.66721	6	-100
-2.45509	6	-100
-2.24297	6	-100
-2.03085	6	-100
-1.81872	6	-100
-1.6066	6	-100
-1.39448	6	-100
-1.18236	6	-100
-0.970239	6	-100
-0.758118	6	-100
-0.545997	6	-100
-0.333876	6	-100
-0.121755	6	-100
0.0903666	6	-100
0.302488	6	-100
0.514609	6	-100
0.72673	6	-100
0.938851	6	-100
1.15097	6	-100
1.36309	6	-100
1.57522	6	-100
1.78734	6	-100
1.99946	6	-100
2.21158	6	-100
2.4237	6	-100
2.63582	6	-100
2.84794	6	-100
3.06006	6	-100
3.27218	6	-100
3.48431	6	-100
3.69643	6	-100
3.90855	6	-100
4.12067	6	-100
4.33279	6	-100
4.54491	6	-100
4.75703	6	-100
4.96915	6	-100
5.18128	6	-100
5.3934	6	-100
5.60552	6	-100
5.81764	6	-100
6.02976	6	-100
6.24188	6	-100
6.454	6	-100
6.66612	6	-100
6.87825	6	-100
7.09037	6	-100
7.30249	6	-100
7.51461	6	-100
7.72673	6	-100
7.93885	6	-100
8.15097	6	-100
8.36309	6	-100
8.57522	6	-100
8.78734	6	-100
8.99946	6	-100
9.21158	6	-100
9.4237	6	-100
9.63582	6	-100
9.84794	6	-100
10.0601	6	-100
10.2722	6	-100
10.4843	6	-100
10.6964	6	-100
10.9085	6	-100
11.1207	6	-100
11.3328	6	-100
11.5449	6	-100
11.757	6	-100
11.9692	6	-100
12.1813	6	-100
12.3934	6	-100
12.6055	6	-100
12.8176	6	-100
13.0298	6	-100
13.2419	6	-100
13.454	6	-100
13.6661	6	-100
13.8782	6	-100
14.0904	6	-100
14.3025	6	-100
14.5146	6	-100
14.7267	6	-100
14.9389	6	-100
15.151	6	-100
15.3631	6	-100
15.5752	6	-100
15.7873	6	-100
15.9995	6	-100
-5.00054	7	-100
-4.78842	7	-100
-4.5763	7	-100
-4.36418	7	-100
-4.15206	7	-100
-3.93994	7	-100
-3.72782	7	-100
-3.51569	7	-100
-3.30357	7	-100
-3.09145	7	-100
-2.87933	7	-100
-2.66721	7	-100
-2.45509	7	-100
-2.24297	7	-100
-2.03085	7	-100
-1.81872	7	-100
-1.6066	7	-100
-1.39448	7	-100
-1.18236	7	-100
-0.970239	7	-100
-0.758118	7	-100
-0.545997	7	-100
-0.333876	7	-100
-0.121755	7	-100
0.0903666	7	-100
0.302488	7	-100
0.514609	7	-100
0.72673	7	-100
0.938851	7	-100
1.15097	7	-100
1.36309	7	-100
1.57522	7	-100
1.78734	7	-100
1.99946	7	-100
2.21158	7	-100
2.4237	7	-100
2.63582	7	-100
2.84794	7	-100
3.06006	7	-100
3.27218	7	-100
3.48431	7	-100
3.69643	7	-100
3.90855	7	-100
4.12067	7	-100
4.33279	7	-100
4.54491	7	-100
4.75703	7	-100
4.96915	7	-100
5.18128	7	-100
5.3934	7	-100
5.60552	7	-100
5.81764	7	-100
6.02976	7	-100
6.24188	7	-100
6.454	7	-100
6.66612	7	-100
6.87825	7	-100
7.09037	7	-100
7.30249	7	-100
7.51461	7	-100
7.72673	7	-100
7.93885	7	-100
8.15097	7	-100
8.36309	7	-100
8.57522	7	-100
8.78734	7	-100
8.99946	7	-100
9.21158	7	-100
9.4237	7	-100
9.63582	7	-100
9.84794	7	-100
10.0601	7	-100
10.2722	7	-100
10.4843	7	-100
10.6964	7	-100
10.9085	7	-100
11.1207	7	-100
11.3328	7	-100
11.5449	7	-100
11.757	7	-100
11.9692	7	-100
12.1813	7	-100
12.3934	7	-100
12.6055	7	-100
12.8176	7	-100
13.0298	7	-100
13.2419	7	-100
13.454	7	-100
13.6661	7	-100
13.8782	7	-100
14.0904	7	-100
14.3025	7	-100
14.5146	7	-100
14.7267	7	-100
14.9389	7	-100
15.151	7	-100
15.3631	7	-100
15.5752	7	-100
15.7873	7	-100
15.9995	7	-100
-5.00054	8	-100
-4.78842	8	-100
-4.5763	8	-100
-4.36418	8	-100
-4.15206	8	-100
-3.93994	8	-100
-3.72782	8	-100
-3.51569	8	-100
-3.30357	8	-100
-3.09145	8	-100
-2.87933	8	-100
-2.66721	8	-100
-2.45509	8	-100
-2.24297	8	-100
-2.03085	8	-100
-1.81872	8	-100
-1.6066	8	-100
-1.39448	8	-100
-1.18236	8	-100
-0.970239	8	-100
-0.758118	8	-100
-0.545997	8	-100
-0.333876	8	-100
-0.121755	8	-100
0.0903666	8	-100
0.302488	8	-100
0.514609	8	-100
0.72673	8	-100
0.938851	8	-100
1.15097	8	-100
1.36309	8	-100
1.57522	8	-100
1.78734	8	-100
1.99946	8	-100
2.21158	8	-100
2.4237	8	-100
2.63582	8	-100
2.84794	8	-100
3.06006	8	-100
3.27218	8	-100
3.48431	8	-100
3.69643	8	-100
3.90855	8	-100
4.12067	8	-100
4.33279	8	-100
4.54491	8	-100
4.75703	8	-100
4.96915	8	-100
5.18128	8	-100
5.3934	8	-100
5.60552	8	-100
5.81764	8	-100
6.02976	8	-100
6.24188	8	-100
6.454	8	-100
6.66612	8	-100
6.87825	8	-100
7.09037	8	-100
7.30249	8	-100
7.51461	8	-100
7.72673	8	-100
7.93885	8	-100
8.15097	8	-100
8.36309	8	-100
8.57522	8	-100
8.78734	8	-100
8.99946	8	-100
9.21158	8	-100
9.4237	8	-100
9.63582	8	-100
9.84794	8	-100
10.0601	8	-100
10.2722	8	-100
10.4843	8	-100
10.6964	8	-100
10.9085	8	-100
11.1207	8	-100
11.3328	8	-100
11.5449	8	-100
11.757	8	-100
11.9692	8	-100
12.1813	8	-100
12.3934	8	-100
12.6055	8	-100
12.8176	8	-100
13.0298	8	-100
13.2419	8	-100
13.454	8	-100
13.6661	8	-100
13.8782	8	-100
14.0904	8	-100
14.3025	8	-100
14.5146	8	-100
14.7267	8	-100
14.9389	8	-100
15.151	8	-100
15.3631	8	-100
15.5752	8	-100
15.7873	8	-100
15.9995	8	-100
-5.00054	9	-100
-4.78842	9	-100
-4.5763	9	-100
-4.36418	9	-100
-4.15206	9	-100
-3.93994	9	-100
-3.72782	9	-100
-3.51569	9	-100
-3.30357	9	-100
-3.09145	9	-100
-2.87933	9	-100
-2.66721	9	-100
-2.45509	9	-100
-2.24297	9	-100
-2.03085	9	-100
-1.81872	9	-100
-1.6066	9	-100
-1.39448	9	-100
-1.18236	9	-100
-0.970239	9	-100
-0.758118	9	-100
-0.545997	9	-100
-0.333876	9	-100
-0.121755	9	-100
0.0903666	9	-100
0.302488	9	-100
0.514609	9	-100
0.72673	9	-100
0.938851	9	-100
1.15097	9	-100
1.36309	9	-100
1.57522	9	-100
1.78734	9	-100
1.99946	9	-100
2.21158	9	-100
2.4237	9	-100
2.63582	9	-100
2.84794	9	-100
3.06006	9	-100
3.27218	9	-100
3.48431	9	-100
3.69643	9	-100
3.90855	9	-100
4.12067	9	-100
4.33279	9	-100
4.54491	9	-100
4.75703	9	-100
4.96915	9	-100
5.18128	9	-100
5.3934	9	-100
5.60552	9	-100
5.81764	9	-100
6.02976	9	-100
6.24188	9	-100
6.454	9	-100
6.66612	9	-100
6.87825	9	-100
7.09037	9	-100
7.30249	9	-100
7.51461	9	-100
7.72673	9	-100
7.93885	9	-100
8.15097	9	-100
8.36309	9	-100
8.57522	9	-100
8.78734	9	-100
8.99946	9	-100
9.21158	9	-100
9.4237	9	-100
9.63582	9	-100
9.84794	9	-100
10.0601	9	-100
10.2722	9	-100
10.4843	9	-100
10.6964	9	-100
10.9085	9	-100
11.1207	9	-100
11.3328	9	-100
11.5449	9	-100
11.757	9	-100
11.9692	9	-100
12.1813	9	-100
12.3934	9	-100
12.6055	9	-100
12.8176	9	-100
13.0298	9	-100
13.2419	9	-100
13.454	9	-100
13.6661	9	-100
13.8782	9	-100
14.0904	9	-100
14.3025	9	-100
14.5146	9	-100
14.7267	9	-100
14.9389	9	-100
15.151	9	-100
15.3631	9	-100
15.5752	9	-100
15.7873	9	-100
15.9995	9	-100
-5.00054	10	-100
-4.78842	10	-100
-4.5763	10	-100
-4.36418	10	-100
-4.15206	10	-100
-3.93994	10	-100
-3.72782	10	-100
-3.51569	10	-100
-3.30357	10	-100
-3.09145	10	-100
-2.87933	10	-100
-2.66721	10	-100
-2.45509	10	-100
-2.24297	10	-100
-2.03085	10	-100
-1.81872	10	-100
-1.6066	10	-100
-1.39448	10	-100
-1.18236	10	-100
-0.970239	10	-100
-0.758118	10	-100
-0.545997	10	-100
-0.333876	10	-100
-0.121755	10	-100
0.0903666	10	-100
0.302488	10	-100
0.514609	10	-100
0.72673	10	-100
0.938851	10	-100
1.15097	10	-100
1.36309	10	-100
1.57522	10	-100
1.78734	10	-100
1.99946	10	-100
2.21158	10	-100
2.4237	10	-100
2.63582	10	-100
2.84794	10	-100
3.06006	10	-100
3.27218	10	-100
3.48431	10	-100
3.69643	10	-100
3.90855	10	-100
4.12067	10	-100
4.33279	10	-100
4.54491	10	-100
4.75703	10	-100
4.96915	10	-100
5.18128	10	-100
5.3934	10	-100
5.60552	10	-100
5.81764	10	-100
6.02976	10	-100
6.24188	10	-100
6.454	10	-100
6.66612	10	-100
6.87825	10	-100
7.09037	10	-100
7.30249	10	-100
7.51461	10	-100
7.72673	10	-100
7.93885	10	-100
8.15097	10	-100
8.36309	10	-100
8.57522	10	-100
8.78734	10	-100
8.99946	10	-100
9.21158	10	-100
9.4237	10	-100
9.63582	10	-100
9.84794	10	-100
10.0601	10	-100
10.2722	10	-100
10.4843	10	-100
10.6964	10	-100
10.9085	10	-100
11.1207	10	-100
11.3328	10	-100
11.5449	10	-100
11.757	10	-100
11.9692	10	-100
12.1813	10	-100
12.3934	10	-100
12.6055	10	-100
12.8176	10	-100
13.0298	10	-100
13.2419	10	-100
13.454	10	-100
13.6661	10	-100
13.8782	10	-100
14.0904	10	-100
14.3025	10	-100
14.5146	10	-100
14.7267	10	-100
14.9389	10	-100
15.151	10	-100
15.3631	10	-100
15.5752	10	-100
15.7873	10	-100
15.9995	10	-100
-5.00054	11	-100
-4.78842	11	-100
-4.5763	11	-100
-4.36418	11	-100
-4.15206	11	-100
-3.93994	11	-100
-3.72782	11	-100
-3.51569	11	-100
-3.30357	11	-100
-3.09145	11	-100
-2.87933	11	-100
-2.66721	11	-100
-2.45509	11	-100
-2.24297	11	-100
-2.03085	11	-100
-1.81872	11	-100
-1.6066	11	-100
-1.39448	11	-100
-1.18236	11	-100
-0.970239	11	-100
-0.758118	11	-100
-0.545997	11	-100
-0.333876	11	-100
-0.121755	11	-100
0.0903666	11	-100
0.302488	11	-100
0.514609	11	-100
0.72673	11	-100
0.938851	11	-100
1.15097	11	-100
1.36309	11	-100
1.57522	11	-100
1.78734	11	-100
1.99946	11	-100
2.21158	11	-100
2.4237	11	-100
2.63582	11	-100
2.84794	11	-100
3.06006	11	-100
3.27218	11	-100
3.48431	11	-100
3.69643	11	-100
3.90855	11	-100
4.12067	11	-100
4.33279	11	-100
4.54491	11	-100
4.75703	11	-100
4.96915	11	-100
5.18128	11	-100
5.3934	11	-100
5.60552	11	-100
5.81764	11	-100
6.02976	11	-100
6.24188	11	-100
6.454	11	-100
6.66612	11	-100
6.87825	11	-100
7.09037	11	-100
7.30249	11	-100
7.51461	11	-100
7.72673	11	-100
7.93885	11	-100
8.15097	11	-100
8.36309	11	-100
8.57522	11	-100
8.78734	11	-100
8.99946	11	-100
9.21158	11	-100
9.4237	11	-100
9.63582	11	-100
9.84794	11	-100
10.0601	11	-100
10.2722	11	-100
10.4843	11	-100
10.6964	11	-100
10.9085	11	-100
11.1207	11	-100
11.3328	11	-100
11.5449	11	-100
11.757	11	-100
11.9692	11	-100
12.1813	11	-100
12.3934	11	-100
12.6055	11	-100
12.8176	11	-100
13.0298	11	-100
13.2419	11	-100
13.454	11	-100
13.6661	11	-100
13.8782	11	-100
14.0904	11	-100
14.3025	11	-100
14.5146	11	-100
14.7267	11	-100
14.9389	11	-100
15.151	11	-100
15.3631	11	-100
15.5752	11	-100
15.7873	11	-100
15.9995	11	-100
-5.00054	12	-100
-4.78842	12	-100
-4.5763	12	-100
-4.36418	12	-100
-4.15206	12	-100
-3.93994	12	-100
-3.72782	12	-100
-3.51569	12	-100
-3.30357	12	-100
-3.09145	12	-100
-2.87933	12	-100
-2.66721	12	-100
-2.45509	12	-100
-2.24297	12	-100
-2.03085	12	-100
-1.81872	12	-100
-1.6066	12	-100
-1.39448	12	-100
-1.18236	12	-100
-0.970239	12	-100
-0.758118	12	-100
-0.545997	12	-100
-0.333876	12	-100
-0.121755	12	-100
0.0903666	12	-100
0.302488	12	-100
0.514609	12	-100
0.72673	12	-100
0.938851	12	-100
1.15097	12	-100
1.36309	12	-100
1.57522	12	-100
1.78734	12	-100
1.99946	12	-100
2.21158	12	-100
2.4237	12	-100
2.63582	12	-100
2.84794	12	-100
3.06006	12	-100
3.27218	12	-100
3.48431	12	-100
3.69643	12	-100
3.90855	12	-100
4.12067	12	-100
4.33279	12	-100
4.54491	12	-100
4.75703	12	-100
4.96915	12	-100
5.18128	12	-100
5.3934	12	-100
5.60552	12	-100
5.81764	12	-100
6.02976	12	-100
6.24188	12	-100
6.454	12	-100
6.66612	12	-100
6.87825	12	-100
7.09037	12	-100
7.30249	12	-100
7.51461	12	-100
7.72673	12	-100
7.93885	12	-100
8.15097	12	-100
8.36309	12	-100
8.57522	12	-100
8.78734	12	-100
8.99946	12	-100
9.21158	12	-100
9.4237	12	-100
9.63582	12	-100
9.84794	12	-100
10.0601	12	-100
10.2722	12	-100
10.4843	12	-100
10.6964	12	-100
10.9085	12	-100
11.1207	12	-100
11.3328	12	-100
11.5449	12	-100
11.757	12	-100
11.9692	12	-100
12.1813	12	-100
12.3934	12	-100
12.6055	12	-100
12.8176	12	-100
13.0298	12	-100
13.2419	12	-100
13.454	12	-100
13.6661	12	-100
13.8782	12	-100
14.0904	12	-100
14.3025	12	-100
14.5146	12	-100
14.7267	12	-100
14.9389	12	-100
15.151	12	-100
15.3631	12	-100
15.5752	12	-100
15.7873	12	-100
15.9995	12	-100
-5.00054	13	-100
-4.78842	13	-100
-4.5763	13	-100
-4.36418	13	-100
-4.15206	13	-100
-3.93994	13	-100
-3.72782	13	-100
-3.51569	13	-100
-3.30357	13	-100
-3.09145	13	-100
-2.87933	13	-100
-2.66721	13	-100
-2.45509	13	-100
-2.24297	13	-100
-2.03085	13	-100
-1.81872	13	-100
-1.6066	13	-100
-1.39448	13	-100
-1.18236	13	-100
-0.970239	13	-100
-0.758118	13	-100
-0.545997	13	-100
-0.333876	13	-100
-0.121755	13	-100
0.0903666	13	-100
0.302488	13	-100
0.514609	13	-100
0.72673	13	-100
0.938851	13	-100
1.15097	13	-100
1.36309	13	-100
1.57522	13	-100
1.78734	13	-100
1.99946	13	-100
2.21158	13	-100
2.4237	13	-100
2.63582	13	-100
2.84794	13	-100
3.06006	13	-100
3.27218	13	-100
3.48431	13	-100
3.69643	13	-100
3.90855	13	-100
4.12067	13	-100
4.33279	13	-100
4.54491	13	-100
4.75703	13	-100
4.96915	13	-100
5.18128	13	-100
5.3934	13	-100
5.60552	13	-100
5.81764	13	-100
6.02976	13	-100
6.24188	13	-100
6.454	13	-100
6.66612	13	-100
6.87825	13	-100
7.09037	13	-100
7.30249	13	-100
7.51461	13	-100
7.72673	13	-100
7.93885	13	-100
8.15097	13	-100
8.36309	13	-100
8.57522	13	-100
8.78734	13	-100
8.99946	13	-100
9.21158	13	-100
9.4237	13	-100
9.63582	13	-100
9.84794	13	-100
10.0601	13	-100
10.2722	13	-100
10.4843	13	-100
10.6964	13	-100
10.9085	13	-100
11.1207	13	-100
11.3328	13	-100
11.5449	13	-100
11.757	13	-100
11.9692	13	-100
12.1813	13	-100
12.3934	13	-100
12.6055	13	-100
12.8176	13	-100
13.0298	13	-100
13.2419	13	-100
13.454	13	-100
13.6661	13	-100
13.8782	13	-100
14.0904	13	-100
14.3025	13	-100
14.5146	13	-100
14.7267	13	-100
14.9389	13	-100
15.151	13	-100
15.3631	13	-100
15.5752	13	-100
15.7873	13	-100
15.9995	13	-100
-5.00054	14	-100
-4.78842	14	-100
-4.5763	14	-100
-4.36418	14	-100
-4.15206	14	-100
-3.93994	14	-100
-3.72782	14	-100
-3.51569	14	-100
-3.30357	14	-100
-3.09145	14	-100
-2.87933	14	-100
-2.66721	14	-100
-2.45509	14	-100
-2.24297	14	-100
-2.03085	14	-100
-1.81872	14	-100
-1.6066	14	-100
-1.39448	14	-100
-1.18236	14	-100
-0.970239	14	-100
-0.758118	14	-100
-0.545997	14	-100
-0.333876	14	-100
-0.121755	14	-100
0.0903666	14	-100
0.302488	14	-100
0.514609	14	-100
0.72673	14	-100
0.938851	14	-100
1.15097	14	-100
1.36309	14	-100
1.57522	14	-100
1.78734	14	-100
1.99946	14	-100
2.21158	14	-100
2.4237	14	-100
2.63582	14	-100
2.84794	14	-100
3.06006	14	-100
3.27218	14	-100
3.48431	14	-100
3.69643	14	-100
3.90855	14	-100
4.12067	14	-100
4.33279	14	-100
4.54491	14	-100
4.75703	14	-100
4.96915	14	-100
5.18128	14	-100
5.3934	14	-100
5.60552	14	-100
5.81764	14	-100
6.02976	14	-100
6.24188	14	-100
6.454	14	-100
6.66612	14	-100
6.87825	14	-100
7.09037	14	-100
7.30249	14	-100
7.51461	14	-100
7.72673	14	-100
7.93885	14	-100
8.15097	14	-100
8.36309	14	-100
8.57522	14	-100
8.78734	14	-100
8.99946	14	-100
9.21158	14	-100
9.4237	14	-100
9.63582	14	-100
9.84794	14	-100
10.0601	14	-100
10.2722	14	-100
10.4843	14	-100
10.6964	14	-100
10.9085	14	-100
11.1207	14	-100
11.3328	14	-100
11.5449	14	-100
11.757	14	-100
11.9692	14	-100
12.1813	14	-100
12.3934	14	-100
12.6055	14	-100
12.8176	14	-100
13.0298	14	-100
13.2419	14	-100
13.454	14	-100
13.6661	14	-100
13.8782	14	-100
14.0904	14	-100
14.3025	14	-100
14.5146	14	-100
14.7267	14	-100
14.9389	14	-100
15.151	14	-100
15.3631	14	-100
15.5752	14	-100
15.7873	14	-100
15.9995	14	-100
-5.00054	15	-100
-4.78842	15	-100
-4.5763	15	-100
-4.36418	15	-100
-4.15206	15	-100
-3.93994	15	-100
-3.72782	15	-100
-3.51569	15	-100
-3.30357	15	-100
-3.09145	15	-100
-2.87933	15	-100
-2.66721	15	-100
-2.45509	15	-100
-2.24297	15	-100
-2.03085	15	-100
-1.81872	15	-100
-1.6066	15	-100
-1.39448	15	-100
-1.18236	15	-100
-0.970239	15	-100
-0.758118	15	-100
-0.545997	15	-100
-0.333876	15	-100
-0.121755	15	-100
0.0903666	15	-100
0.302488	15	-100
0.514609	15	-100
0.72673	15	-100
0.938851	15	-100
1.15097	15	-100
1.36309	15	-100
1.57522	15	-100
1.78734	15	-100
1.99946	15	-100
2.21158	15	-100
2.4237	15	-100
2.63582	15	-100
2.84794	15	-100
3.06006	15	-100
3.27218	15	-100
3.48431	15	-100
3.69643	15	-100
3.90855	15	-100
4.12067	15	-100
4.33279	15	-100
4.54491	15	-100
4.75703	15	-100
4.96915	15	-100
5.18128	15	-100
5.3934	15	-100
5.60552	15	-100
5.81764	15	-100
6.02976	15	-100
6.24188	15	-100
6.454	15	-100
6.66612	15	-100
6.87825	15	-100
7.09037	15	-100
7.30249	15	-100
7.51461	15	-100
7.72673	15	-100
7.93885	15	-100
8.15097	15	-100
8.36309	15	-100
8.57522	15	-100
8.78734	15	-100
8.99946	15	-100
9.21158	15	-100
9.4237	15	-100
9.63582	15	-100
9.84794	15	-100
10.0601	15	-100
10.2722	15	-100
10.4843	15	-100
10.6964	15	-100
10.9085	15	-100
11.1207	15	-100
11.3328	15	-100
11.5449	15	-100
11.757	15	-100
11.9692	15	-100
12.1813	15	-100
12.3934	15	-100
12.6055	15	-100
12.8176	15	-100
13.0298	15	-100
13.2419	15	-100
13.454	15	-100
13.6661	15	-100
13.8782	15	-100
14.0904	15	-100
14.3025	15	-100
14.5146	15	-100
14.7267	15	-100
14.9389	15	-100
15.151	15	-100
15.3631	15	-100
15.5752	15	-100
15.7873	15	-100
15.9995	15	-100
-5.00054	16	-100
-4.78842	16	-100
-4.5763	16	-100
-4.36418	16	-100
-4.15206	16	-100
-3.93994	16	-100
-3.72782	16	-100
-3.51569	16	-100
-3.30357	16	-100
-3.09145	16	-100
-2.87933	16	-100
-2.66721	16	-100
-2.45509	16	-100
-2.24297	16	-100
-2.03085	16	-100
-1.81872	16	-100
-1.6066	16	-100
-1.39448	16	-100
-1.18236	16	-100
-0.970239	16	-100
-0.758118	16	-100
-0.545997	16	-100
-0.333876	16	-100
-0.121755	16	-100
0.0903666	16	-100
0.302488	16	-100
0.514609	16	-100
0.72673	16	-100
0.938851	16	-100
1.15097	16	-100
1.36309	16	-100
1.57522	16	-100
1.78734	16	-100
1.99946	16	-100
2.21158	16	-100
2.4237	16	-100
2.63582	16	-100
2.84794	16	-100
3.06006	16	-100
3.27218	16	-100
3.48431	16	-100
3.69643	16	-100
3.90855	16	-100
4.12067	16	-100
4.33279	16	-100
4.54491	16	-100
4.75703	16	-100
4.96915	16	-100
5.18128	16	-100
5.3934	16	-100
5.60552	16	-100
5.81764	16	-100
6.02976	16	-100
6.24188	16	-100
6.454	16	-100
6.66612	16	-100
6.87825	16	-100
7.09037	16	-100
7.30249	16	-100
7.51461	16	-100
7.72673	16	-100
7.93885	16	-100
8.15097	16	-100
8.36309	16	-100
8.57522	16	-100
8.78734	16	-100
8.99946	16	-100
9.21158	16	-100
9.4237	16	-100
9.63582	16	-100
9.84794	16	-100
10.0601	16	-100
10.2722	16	-100
10.4843	16	-100
10.6964	16	-100
10.9085	16	-100
11.1207	16	-100
11.3328	16	-100
11.5449	16	-100
11.757	16	-100
11.9692	16	-100
12.1813	16	-100
12.3934	16	-100
12.6055	16	-100
12.8176	16	-100
13.0298	16	-100
13.2419	16	-100
13.454	16	-100
13.6661	16	-100
13.8782	16	-100
14.0904	16	-100
14.3025	16	-100
14.5146	16	-100
14.7267	16	-100
14.9389	16	-100
15.151	16	-100
15.3631	16	-100
15.5752	16	-100
15.7873	16	-100
15.9995	16	-100
-5.00054	17	-100
-4.78842	17	-100
-4.5763	17	-100
-4.36418	17	-100
-4.15206	17	-100
-3.93994	17	-100
-3.72782	17	-100
-3.51569	17	-100
-3.30357	17	-100
-3.09145	17	-100
-2.87933	17	-100
-2.66721	17	-100
-2.45509	17	-100
-2.24297	17	-100
-2.03085	17	-100
-1.81872	17	-100
-1.6066	17	-100
-1.39448	17	-100
-1.18236	17	-100
-0.970239	17	-100
-0.758118	17	-100
-0.545997	17	-100
-0.333876	17	-100
-0.121755	17	-100
0.0903666	17	-100
0.302488	17	-100
0.514609	17	-100
0.72673	17	-100
0.938851	17	-100
1.15097	17	-100
1.36309	17	-100
1.57522	17	-100
1.78734	17	-100
1.99946	17	-100
2.21158	17	-100
2.4237	17	-100
2.63582	17	-100
2.84794	17	-100
3.06006	17	-100
3.27218	17	-100
3.48431	17	-100
3.69643	17	-100
3.90855	17	-100
4.12067	17	-100
4.33279	17	-100
4.54491	17	-100
4.75703	17	-100
4.96915	17	-100
5.18128	17	-100
5.3934	17	-100
5.60552	17	-100
5.81764	17	-100
6.02976	17	-100
6.24188	17	-100
6.454	17	-100
6.66612	17	-100
6.87825	17	-100
7.09037	17	-100
7.30249	17	-100
7.51461	17	-100
7.72673	17	-100
7.93885	17	-100
8.15097	17	-100
8.36309	17	-100
8.57522	17	-100
8.78734	17	-100
8.99946	17	-100
9.21158	17	-100
9.4237	17	-100
9.63582	17	-100
9.84794	17	-100
10.0601	17	-100
10.2722	17	-100
10.4843	17	-100
10.6964	17	-100
10.9085	17	-100
11.1207	17	-100
11.3328	17	-100
11.5449	17	-100
11.757	17	-100
11.9692	17	-100
12.1813	17	-100
12.3934	17	-100
12.6055	17	-100
12.8176	17	-100
13.0298	17	-100
13.2419	17	-100
13.454	17	-100
13.6661	17	-100
13.8782	17	-100
14.0904	17	-100
14.3025	17	-100
14.5146	17	-100
14.7267	17	-100
14.9389	17	-100
15.151	17	-100
15.3631	17	-100
15.5752	17	-100
15.7873	17	-100
15.9995	17	-100
-5.00054	18	-100
-4.78842	18	-100
-4.5763	18	-100
-4.36418	18	-100
-4.15206	18	-100
-3.93994	18	-100
-3.72782	18	-100
-3.51569	18	-100
-3.30357	18	-100
-3.09145	18	-100
-2.87933	18	-100
-2.66721	18	-100
-2.45509	18	-100
-2.24297	18	-100
-2.03085	18	-100
-1.81872	18	-100
-1.6066	18	-100
-1.39448	18	-100
-1.18236	18	-100
-0.970239	18	-100
-0.758118	18	-100
-0.545997	18	-100
-0.333876	18	-100
-0.121755	18	-100
0.0903666	18	-100
0.302488	18	-100
0.514609	18	-100
0.72673	18	-100
0.938851	18	-100
1.15097	18	-100
1.36309	18	-100
1.57522	18	-100
1.78734	18	-100
1.99946	18	-100
2.21158	18	-100
2.4237	18	-100
2.63582	18	-100
2.84794	18	-100
3.06006	18	-100
3.27218	18	-100
3.48431	18	-100
3.69643	18	-100
3.90855	18	-100
4.12067	18	-100
4.33279	18	-100
4.54491	18	-100
4.75703	18	-100
4.96915	18	-100
5.18128	18	-100
5.3934	18	-100
5.60552	18	-100
5.81764	18	-100
6.02976	18	-100
6.24188	18	-100
6.454	18	-100
6.66612	18	-100
6.87825	18	-100
7.09037	18	-100
7.30249	18	-100
7.51461	18	-100
7.72673	18	-100
7.93885	18	-100
8.15097	18	-100
8.36309	18	-100
8.57522	18	-100
8.78734	18	-100
8.99946	18	-100
9.21158	18	-100
9.4237	18	-100
9.63582	18	-100
9.84794	18	-100
10.0601	18	-100
10.2722	18	-100
10.4843	18	-100
10.6964	18	-100
10.9085	18	-100
11.1207	18	-100
11.3328	18	-100
11.5449	18	-100
11.757	18	-100
11.9692	18	-100
12.1813	18	-100
12.3934	18	-100
12.6055	18	-100
12.8176	18	-100
13.0298	18	-100
13.2419	18	-100
13.454	18	-100
13.6661	18	-100
13.8782	18	-100
14.0904	18	-100
14.3025	18	-100
14.5146	18	-100
14.7267	18	-100
14.9389	18	-100
15.151	18	-100
15.3631	18	-100
15.5752	18	-100
15.7873	18	-100
15.9995	18	-100
-5.00054	19	-100
-4.78842	19	-100
-4.5763	19	-100
-4.36418	19	-100
-4.15206	19	-100
-3.93994	19	-100
-3.72782	19	-100
-3.51569	19	-100
-3.30357	19	-100
-3.09145	19	-100
-2.87933	19	-100
-2.66721	19	-100
-2.45509	19	-100
-2.24297	19	-100
-2.03085	19	-100
-1.81872	19	-100
-1.6066	19	-100
-1.39448	19	-100
-1.18236	19	-100
-0.970239	19	-100
-0.758118	19	-100
-0.545997	19	-100
-0.333876	19	-100
-0.121755	19	-100
0.0903666	19	-100
0.302488	19	-100
0.514609	19	-100
0.72673	19	-100
0.938851	19	-100
1.15097	19	-100
1.36309	19	-100
1.57522	19	-100
1.78734	19	-100
1.99946	19	-100
2.21158	19	-100
2.4237	19	-100
2.63582	19	-100
2.84794	19	-100
3.06006	19	-100
3.27218	19	-100
3.48431	19	-100
3.69643	19	-100
3.90855	19	-100
4.12067	19	-100
4.33279	19	-100
4.54491	19	-100
4.75703	19	-100
4.96915	19	-100
5.18128	19	-100
5.3934	19	-100
5.60552	19	-100
5.81764	19	-100
6.02976	19	-100
6.24188	19	-100
6.454	19	-100
6.66612	19	-100
6.87825	19	-100
7.09037	19	-100
7.30249	19	-100
7.51461	19	-100
7.72673	19	-100
7.93885	19	-100
8.15097	19	-100
8.36309	19	-100
8.57522	19	-100
8.78734	19	-100
8.99946	19	-100
9.21158	19	-100
9.4237	19	-100
9.63582	19	-100
9.84794	19	-100
10.0601	19	-100
10.2722	19	-100
10.4843	19	-100
10.6964	19	-100
10.9085	19	-100
11.1207	19	-100
11.3328	19	-100
11.5449	19	-100
11.757	19	-100
11.9692	19	-100
12.1813	19	-100
12.3934	19	-100
12.6055	19	-100
12.8176	19	-100
13.0298	19	-100
13.2419	19	-100
13.454	19	-100
13.6661	19	-100
13.8782	19	-100
14.0904	19	-100
14.3025	19	-100
14.5146	19	-100
14.7267	19	-100
14.9389	19	-100
15.151	19	-100
15.3631	19	-100
15.5752	19	-100
15.7873	19	-100
15.9995	19	-100
-5.00054	20	-100
-4.78842	20	-100
-4.5763	20	-100
-4.36418	20	-100
-4.15206	20	-100
-3.93994	20	-100
-3.72782	20	-100
-3.51569	20	-100
-3.30357	20	-100
-3.09145	20	-100
-2.87933	20	-100
-2.66721	20	-100
-2.45509	20	-100
-2.24297	20	-100
-2.03085	20	-100
-1.81872	20	-100
-1.6066	20	-100
-1.39448	20	-100
-1.18236	20	-100
-0.970239	20	-100
-0.758118	20	-100
-0.545997	20	-100
-0.333876	20	-100
-0.121755	20	-100
0.0903666	20	-100
0.302488	20	-100
0.514609	20	-100
0.72673	20	-100
0.938851	20	-100
1.15097	20	-100
1.36309	20	-100
1.57522	20	-100
1.78734	20	-100
1.99946	20	-100
2.21158	20	-100
2.4237	20	-100
2.63582	20	-100
2.84794	20	-100
3.06006	20	-100
3.27218	20	-100
3.48431	20	-100
3.69643	20	-100
3.90855	20	-100
4.12067	20	-100
4.33279	20	-100
4.54491	20	-100
4.75703	20	-100
4.96915	20	-100
5.18128	20	-100
5.3934	20	-100
5.60552	20	-100
5.81764	20	-100
6.02976	20	-100
6.24188	20	-100
6.454	20	-100
6.66612	20	-100
6.87825	20	-100
7.09037	20	-100
7.30249	20	-100
7.51461	20	-100
7.72673	20	-100
7.93885	20	-100
8.15097	20	-100
8.36309	20	-100
8.57522	20	-100
8.78734	20	-100
8.99946	20	-100
9.21158	20	-100
9.4237	20	-100
9.63582	20	-100
9.84794	20	-100
10.0601	20	-100
10.2722	20	-100
10.4843	20	-100
10.6964	20	-100
10.9085	20	-100
11.1207	20	-100
11.3328	20	-100
11.5449	20	-100
11.757	20	-100
11.9692	20	-100
12.1813	20	-100
12.3934	20	-100
12.6055	20	-100
12.8176	20	-100
13.0298	20	-100
13.2419	20	-100
13.454	20	-100
13.6661	20	-100
13.8782	20	-100
14.0904	20	-100
14.3025	20	-100
14.5146	20	-100
14.7267	20	-100
14.9389	20	-100
15.151	20	-100
15.3631	20	-100
15.5752	20	-100
15.7873	20	-100
15.9995	20	-100
-5.00054	21	-100
-4.78842	21	-100
-4.5763	21	-100
-4.36418	21	-100
-4.15206	21	-100
-3.93994	21	-100
-3.72782	21	-100
-3.51569	21	-100
-3.30357	21	-100
-3.09145	21	-100
-2.87933	21	-100
-2.66721	21	-100
-2.45509	21	-100
-2.24297	21	-100
-2.03085	21	-100
-1.81872	21	-100
-1.6066	21	-100
-1.39448	21	-100
-1.18236	21	-100
-0.970239	21	-100
-0.758118	21	-100
-0.545997	21	-100
-0.333876	21	-100
-0.121755	21	-100
0.0903666	21	-100
0.302488	21	-100
0.514609	21	-100
0.72673	21	-100
0.938851	21	-100
1.15097	21	-100
1.36309	21	-100
1.57522	21	-100
1.78734	21	-100
1.99946	21	-100
2.21158	21	-100
2.4237	21	-100
2.63582	21	-100
2.84794	21	-100
3.06006	21	-100
3.27218	21	-100
3.48431	21	-100
3.69643	21	-100
3.90855	21	-100
4.12067	21	-100
4.33279	21	-100
4.54491	21	-100
4.75703	21	-100
4.96915	21	-100
5.18128	21	-100
5.3934	21	-100
5.60552	21	-100
5.81764	21	-100
6.02976	21	-100
6.24188	21	-100
6.454	21	-100
6.66612	21	-100
6.87825	21	-100
7.09037	21	-100
7.30249	21	-100
7.51461	21	-100
7.72673	21	-100
7.93885	21	-100
8.15097	21	-100
8.36309	21	-100
8.57522	21	-100
8.78734	21	-100
8.99946	21	-100
9.21158	21	-100
9.4237	21	-100
9.63582	21	-100
9.84794	21	-100
10.0601	21	-100
10.2722	21	-100
10.4843	21	-100
10.6964	21	-100
10.9085	21	-100
11.1207	21	-100
11.3328	21	-100
11.5449	21	-100
11.757	21	-100
11.9692	21	-100
12.1813	21	-100
12.3934	21	-100
12.6055	21	-100
12.8176	21	-100
13.0298	21	-100
13.2419	21	-100
13.454	21	-100
13.6661	21	-100
13.8782	21	-100
14.0904	21	-100
14.3025	21	-100
14.5146	21	-100
14.7267	21	-100
14.9389	21	-100
15.151	21	-100
15.3631	21	-100
15.5752	21	-100
15.7873	21	-100
15.9995	21	-100
-5.00054	22	-100
-4.78842	22	-100
-4.5763	22	-100
-4.36418	22	-100
-4.15206	22	-100
-3.93994	22	-100
-3.72782	22	-100
-3.51569	22	-100
-3.30357	22	-100
-3.09145	22	-100
-2.87933	22	-100
-2.66721	22	-100
-2.45509	22	-100
-2.24297	22	-100
-2.03085	22	-100
-1.81872	22	-100
-1.6066	22	-100
-1.39448	22	-100
-1.18236	22	-100
-0.970239	22	-100
-0.758118	22	-100
-0.545997	22	-100
-0.333876	22	-100
-0.121755	22	-100
0.0903666	22	-100
0.302488	22	-100
0.514609	22	-100
0.72673	22	-100
0.938851	22	-100
1.15097	22	-100
1.36309	22	-100
1.57522	22	-100
1.78734	22	-100
1.99946	22	-100
2.21158	22	-100
2.4237	22	-100
2.63582	22	-100
2.84794	22	-100
3.06006	22	-100
3.27218	22	-100
3.48431	22	-100
3.69643	22	-100
3.90855	22	-100
4.12067	22	-100
4.33279	22	-100
4.54491	22	-100
4.75703	22	-100
4.96915	22	-100
5.18128	22	-100
5.3934	22	-100
5.60552	22	-100
5.81764	22	-100
6.02976	22	-100
6.24188	22	-100
6.454	22	-100
6.66612	22	-100
6.87825	22	-100
7.09037	22	-100
7.30249	22	-100
7.51461	22	-100
7.72673	22	-100
7.93885	22	-100
8.15097	22	-100
8.36309	22	-100
8.57522	22	-100
8.78734	22	-100
8.99946	22	-100
9.21158	22	-100
9.4237	22	-100
9.63582	22	-100
9.84794	22	-100
10.0601	22	-100
10.2722	22	-100
10.4843	22	-100
10.6964	22	-100
10.9085	22	-100
11.1207	22	-100
11.3328	22	-100
11.5449	22	-100
11.757	22	-100
11.9692	22	-100
12.1813	22	-100
12.3934	22	-100
12.6055	22	-100
12.8176	22	-100
13.0298	22	-100
13.2419	22	-100
13.454	22	-100
13.6661	22	-100
13.8782	22	-100
14.0904	22	-100
14.3025	22	-100
14.5146	22	-100
14.7267	22	-100
14.9389	22	-100
15.151	22	-100
15.3631	22	-100
15.5752	22	-100
15.7873	22	-100
15.9995	22	-100
-5.00054	23	-100
-4.78842	23	-100
-4.5763	23	-100
-4.36418	23	-100
-4.15206	23	-100
-3.93994	23	-100
-3.72782	23	-100
-3.51569	23	-100
-3.30357	23	-100
-3.09145	23	-100
-2.87933	23	-100
-2.66721	23	-100
-2.45509	23	-100
-2.24297	23	-100
-2.03085	23	-100
-1.81872	23	-100
-1.6066	23	-100
-1.39448	23	-100
-1.18236	23	-100
-0.970239	23	-100
-0.758118	23	-100
-0.545997	23	-100
-0.333876	23	-100
-0.121755	23	-100
0.0903666	23	-100
0.302488	23	-100
0.514609	23	-100
0.72673	23	-100
0.938851	23	-100
1.15097	23	-100
1.36309	23	-100
1.57522	23	-100
1.78734	23	-100
1.99946	23	-100
2.21158	23	-100
2.4237	23	-100
2.63582	23	-100
2.84794	23	-100
3.06006	23	-100
3.27218	23	-100
3.48431	23	-100
3.69643	23	-100
3.90855	23	-100
4.12067	23	-100
4.33279	23	-100
4.54491	23	-100
4.75703	23	-100
4.96915	23	-100
5.18128	23	-100
5.3934	23	-100
5.60552	23	-100
5.81764	23	-100
6.02976	23	-100
6.24188	23	-100
6.454	23	-100
6.66612	23	-100
6.87825	23	-100
7.09037	23	-100
7.30249	23	-100
7.51461	23	-100
7.72673	23	-100
7.93885	23	-100
8.15097	23	-100
8.36309	23	-100
8.57522	23	-100
8.78734	23	-100
8.99946	23	-100
9.21158	23	-100
9.4237	23	-100
9.63582	23	-100
9.84794	23	-100
10.0601	23	-100
10.2722	23	-100
10.4843	23	-100
10.6964	23	-100
10.9085	23	-100
11.1207	23	-100
11.3328	23	-100
11.5449	23	-100
11.757	23	-100
11.9692	23	-100
12.1813	23	-100
12.3934	23	-100
12.6055	23	-100
12.8176	23	-100
13.0298	23	-100
13.2419	23	-100
13.454	23	-100
13.6661	23	-100
13.8782	23	-100
14.0904	23	-100
14.3025	23	-100
14.5146	23	-100
14.7267	23	-100
14.9389	23	-100
15.151	23	-100
15.3631	23	-100
15.5752	23	-100
15.7873	23	-100
15.9995	23	-100
-5.00054	24	-100
-4.78842	24	-100
-4.5763	24	-100
-4.36418	24	-100
-4.15206	24	-100
-3.93994	24	-100
-3.72782	24	-100
-3.51569	24	-100
-3.30357	24	-100
-3.09145	24	-100
-2.87933	24	-100
-2.66721	24	-100
-2.45509	24	-100
-2.24297	24	-100
-2.03085	24	-100
-1.81872	24	-100
-1.6066	24	-100
-1.39448	24	-100
-1.18236	24	-100
-0.970239	24	-100
-0.758118	24	-100
-0.545997	24	-100
-0.333876	24	-100
-0.121755	24	-100
0.0903666	24	-100
0.302488	24	-100
0.514609	24	-100
0.72673	24	-100
0.938851	24	-100
1.15097	24	-100
1.36309	24	-100
1.57522	24	-100
1.78734	24	-100
1.99946	24	-100
2.21158	24	-100
2.4237	24	-100
2.63582	24	-100
2.84794	24	-100
3.06006	24	-100
3.27218	24	-100
3.48431	24	-100
3.69643	24	-100
3.90855	24	-100
4.12067	24	-100
4.33279	24	-100
4.54491	24	-100
4.75703	24	-100
4.96915	24	-100
5.18128	24	-100
5.3934	24	-100
5.60552	24	-100
5.81764	24	-100
6.02976	24	-100
6.24188	24	-100
6.454	24	-100
6.66612	24	-100
6.87825	24	-100
7.09037	24	-100
7.30249	24	-100
7.51461	24	-100
7.72673	24	-100
7.93885	24	-100
8.15097	24	-100
8.36309	24	-100
8.57522	24	-100
8.78734	24	-100
8.99946	24	-100
9.21158	24	-100
9.4237	24	-100
9.63582	24	-100
9.84794	24	-100
10.0601	24	-100
10.2722	24	-100
10.4843	24	-100
10.6964	24	-100
10.9085	24	-100
11.1207	24	-100
11.3328	24	-100
11.5449	24	-100
11.757	24	-100
11.9692	24	-100
12.1813	24	-100
12.3934	24	-100
12.6055	24	-100
12.8176	24	-100
13.0298	24	-100
13.2419	24	-100
13.454	24	-100
13.6661	24	-100
13.8782	24	-100
14.0904	24	-100
14.3025	24	-100
14.5146	24	-100
14.7267	24	-100
14.9389	24	-100
15.151	24	-100
15.3631	24	-100
15.5752	24	-100
15.7873	24	-100
15.9995	24	-100
-5.00054	25	-100
-4.78842	25	-100
-4.5763	25	-100
-4.36418	25	-100
-4.15206	25	-100
-3.93994	25	-100
-3.72782	25	-100
-3.51569	25	-100
-3.30357	25	-100
-3.09145	25	-100
-2.87933	25	-100
-2.66721	25	-100
-2.45509	25	-100
-2.24297	25	-100
-2.03085	25	-100
-1.81872	25	-100
-1.6066	25	-100
-1.39448	25	-100
-1.18236	25	-100
-0.970239	25	-100
-0.758118	25	-100
-0.545997	25	-100
-0.333876	25	-100
-0.121755	25	-100
0.0903666	25	-100
0.302488	25	-100
0.514609	25	-100
0.72673	25	-100
0.938851	25	-100
1.15097	25	-100
1.36309	25	-100
1.57522	25	-100
1.78734	25	-100
1.99946	25	-100
2.21158	25	-100
2.4237	25	-100
2.63582	25	-100
2.84794	25	-100
3.06006	25	-100
3.27218	25	-100
3.48431	25	-100
3.69643	25	-100
3.90855	25	-100
4.12067	25	-100
4.33279	25	-100
4.54491	25	-100
4.75703	25	-100
4.96915	25	-100
5.18128	25	-100
5.3934	25	-100
5.60552	25	-100
5.81764	25	-100
6.02976	25	-100
6.24188	25	-100
6.454	25	-100
6.66612	25	-100
6.87825	25	-100
7.09037	25	-100
7.30249	25	-100
7.51461	25	-100
7.72673	25	-100
7.93885	25	-100
8.15097	25	-100
8.36309	25	-100
8.57522	25	-100
8.78734	25	-100
8.99946	25	-100
9.21158	25	-100
9.4237	25	-100
9.63582	25	-100
9.84794	25	-100
10.0601	25	-100
10.2722	25	-100
10.4843	25	-100
10.6964	25	-100
10.9085	25	-100
11.1207	25	-100
11.3328	25	-100
11.5449	25	-100
11.757	25	-100
11.9692	25	-100
12.1813	25	-100
12.3934	25	-100
12.6055	25	-100
12.8176	25	-100
13.0298	25	-100
13.2419	25	-100
13.454	25	-100
13.6661	25	-100
13.8782	25	-100
14.0904	25	-100
14.3025	25	-100
14.5146	25	-100
14.7267	25	-100
14.9389	25	-100
15.151	25	-100
15.3631	25	-100
15.5752	25	-100
15.7873	25	-100
15.9995	25	-100
-5.00054	26	-100
-4.78842	26	-100
-4.5763	26	-100
-4.36418	26	-100
-4.15206	26	-100
-3.93994	26	-100
-3.72782	26	-100
-3.51569	26	-100
-3.30357	26	-100
-3.09145	26	-100
-2.87933	26	-100
-2.66721	26	-100
-2.45509	26	-100
-2.24297	26	-100
-2.03085	26	-100
-1.81872	26	-100
-1.6066	26	-100
-1.39448	26	-100
-1.18236	26	-100
-0.970239	26	-100
-0.758118	26	-100
-0.545997	26	-100
-0.333876	26	-100
-0.121755	26	-100
0.0903666	26	-100
0.302488	26	-100
0.514609	26	-100
0.72673	26	-100
0.938851	26	-100
1.15097	26	-100
1.36309	26	-100
1.57522	26	-100
1.78734	26	-100
1.99946	26	-100
2.21158	26	-100
2.4237	26	-100
2.63582	26	-100
2.84794	26	-100
3.06006	26	-100
3.27218	26	-100
3.48431	26	-100
3.69643	26	-100
3.90855	26	-100
4.12067	26	-100
4.33279	26	-100
4.54491	26	-100
4.75703	26	-100
4.96915	26	-100
5.18128	26	-100
5.3934	26	-100
5.60552	26	-100
5.81764	26	-100
6.02976	26	-100
6.24188	26	-100
6.454	26	-100
6.66612	26	-100
6.87825	26	-100
7.09037	26	-100
7.30249	26	-100
7.51461	26	-100
7.72673	26	-100
7.93885	26	-100
8.15097	26	-100
8.36309	26	-100
8.57522	26	-100
8.78734	26	-100
8.99946	26	-100
9.21158	26	-100
9.4237	26	-100
9.63582	26	-100
9.84794	26	-100
10.0601	26	-100
10.2722	26	-100
10.4843	26	-100
10.6964	26	-100
10.9085	26	-100
11.1207	26	-100
11.3328	26	-100
11.5449	26	-100
11.757	26	-100
11.9692	26	-100
12.1813	26	-100
12.3934	26	-100
12.6055	26	-100
12.8176	26	-100
13.0298	26	-100
13.2419	26	-100
13.454	26	-100
13.6661	26	-100
13.8782	26	-100
14.0904	26	-100
14.3025	26	-100
14.5146	26	-100
14.7267	26	-100
14.9389	26	-100
15.151	26	-100
15.3631	26	-100
15.5752	26	-100
15.7873	26	-100
15.9995	26	-100
-5.00054	27	-100
-4.78842	27	-100
-4.5763	27	-100
-4.36418	27	-100
-4.15206	27	-100
-3.93994	27	-100
-3.72782	27	-100
-3.51569	27	-100
-3.30357	27	-100
-3.09145	27	-100
-2.87933	27	-100
-2.66721	27	-100
-2.45509	27	-100
-2.24297	27	-100
-2.03085	27	-100
-1.81872	27	-100
-1.6066	27	-100
-1.39448	27	-100
-1.18236	27	-100
-0.970239	27	-100
-0.758118	27	-100
-0.545997	27	-100
-0.333876	27	-100
-0.121755	27	-100
0.0903666	27	-100
0.302488	27	-100
0.514609	27	-100
0.72673	27	-100
0.938851	27	-100
1.15097	27	-100
1.36309	27	-100
1.57522	27	-100
1.78734	27	-100
1.99946	27	-100
2.21158	27	-100
2.4237	27	-100
2.63582	27	-100
2.84794	27	-100
3.06006	27	-100
3.27218	27	-100
3.48431	27	-100
3.69643	27	-100
3.90855	27	-100
4.12067	27	-100
4.33279	27	-100
4.54491	27	-100
4.75703	27	-100
4.96915	27	-100
5.18128	27	-100
5.3934	27	-100
5.60552	27	-100
5.81764	27	-100
6.02976	27	-100
6.24188	27	-100
6.454	27	-100
6.66612	27	-100
6.87825	27	-100
7.09037	27	-100
7.30249	27	-100
7.51461	27	-100
7.72673	27	-100
7.93885	27	-100
8.15097	27	-100
8.36309	27	-100
8.57522	27	-100
8.78734	27	-100
8.99946	27	-100
9.21158	27	-100
9.4237	27	-100
9.63582	27	-100
9.84794	27	-100
10.0601	27	-100
10.2722	27	-100
10.4843	27	-100
10.6964	27	-100
10.9085	27	-100
11.1207	27	-100
11.3328	27	-100
11.5449	27	-100
11.757	27	-100
11.9692	27	-100
12.1813	27	-100
12.3934	27	-100
12.6055	27	-100
12.8176	27	-100
13.0298	27	-100
13.2419	27	-100
13.454	27	-100
13.6661	27	-100
13.8782	27	-100
14.0904	27	-100
14.3025	27	-100
14.5146	27	-100
14.7267	27	-100
14.9389	27	-100
15.151	27	-100
15.3631	27	-100
15.5752	27	-100
15.7873	27	-100
15.9995	27	-100
-5.00054	28	-100
-4.78842	28	-100
-4.5763	28	-100
-4.36418	28	-100
-4.15206	28	-100
-3.93994	28	-100
-3.72782	28	-100
-3.51569	28	-100
-3.30357	28	-100
-3.09145	28	-100
-2.87933	28	-100
-2.66721	28	-100
-2.45509	28	-100
-2.24297	28	-100
-2.03085	28	-100
-1.81872	28	-100
-1.6066	28	-100
-1.39448	28	-100
-1.18236	28	-100
-0.970239	28	-100
-0.758118	28	-100
-0.545997	28	-100
-0.333876	28	-100
-0.121755	28	-100
0.0903666	28	-100
0.302488	28	-100
0.514609	28	-100
0.72673	28	-100
0.938851	28	-100
1.15097	28	-100
1.36309	28	-100
1.57522	28	-100
1.78734	28	-100
1.99946	28	-100
2.21158	28	-100
2.4237	28	-100
2.63582	28	-100
2.84794	28	-100
3.06006	28	-100
3.27218	28	-100
3.48431	28	-100
3.69643	28	-100
3.90855	28	-100
4.12067	28	-100
4.33279	28	-100
4.54491	28	-100
4.75703	28	-100
4.96915	28	-100
5.18128	28	-100
5.3934	28	-100
5.60552	28	-100
5.81764	28	-100
6.02976	28	-100
6.24188	28	-100
6.454	28	-100
6.66612	28	-100
6.87825	28	-100
7.09037	28	-100
7.30249	28	-100
7.51461	28	-100
7.72673	28	-100
7.93885	28	-100
8.15097	28	-100
8.36309	28	-100
8.57522	28	-100
8.78734	28	-100
8.99946	28	-100
9.21158	28	-100
9.4237	28	-100
9.63582	28	-100
9.84794	28	-100
10.0601	28	-100
10.2722	28	-100
10.4843	28	-100
10.6964	28	-100
10.9085	28	-100
11.1207	28	-100
11.3328	28	-100
11.5449	28	-100
11.757	28	-100
11.9692	28	-100
12.1813	28	-100
12.3934	28	-100
12.6055	28	-100
12.8176	28	-100
13.0298	28	-100
13.2419	28	-100
13.454	28	-100
13.6661	28	-100
13.8782	28	-100
14.0904	28	-100
14.3025	28	-100
14.5146	28	-100
14.7267	28	-100
14.9389	28	-100
15.151	28	-100
15.3631	28	-100
15.5752	28	-100
15.7873	28	-100
15.9995	28	-100
-5.00054	29	-100
-4.78842	29	-100
-4.5763	29	-100
-4.36418	29	-100
-4.15206	29	-100
-3.93994	29	-100
-3.72782	29	-100
-3.51569	29	-100
-3.30357	29	-100
-3.09145	29	-100
-2.87933	29	-100
-2.66721	29	-100
-2.45509	29	-100
-2.24297	29	-100
-2.03085	29	-100
-1.81872	29	-100
-1.6066	29	-100
-1.39448	29	-100
-1.18236	29	-100
-0.970239	29	-100
-0.758118	29	-100
-0.545997	29	-100
-0.333876	29	-100
-0.121755	29	-100
0.0903666	29	-100
0.302488	29	-100
0.514609	29	-100
0.72673	29	-100
0.938851	29	-100
1.15097	29	-100
1.36309	29	-100
1.57522	29	-100
1.78734	29	-100
1.99946	29	-100
2.21158	29	-100
2.4237	29	-100
2.63582	29	-100
2.84794	29	-100
3.06006	29	-100
3.27218	29	-100
3.48431	29	-100
3.69643	29	-100
3.90855	29	-100
4.12067	29	-100
4.33279	29	-100
4.54491	29	-100
4.75703	29	-100
4.96915	29	-100
5.18128	29	-100
5.3934	29	-100
5.60552	29	-100
5.81764	29	-100
6.02976	29	-100
6.24188	29	-100
6.454	29	-100
6.66612	29	-100
6.87825	29	-100
7.09037	29	-100
7.30249	29	-100
7.51461	29	-100
7.72673	29	-100
7.93885	29	-100
8.15097	29	-100
8.36309	29	-100
8.57522	29	-100
8.78734	29	-100
8.99946	29	-100
9.21158	29	-100
9.4237	29	-100
9.63582	29	-100
9.84794	29	-100
10.0601	29	-100
10.2722	29	-100
10.4843	29	-100
10.6964	29	-100
10.9085	29	-100
11.1207	29	-100
11.3328	29	-100
11.5449	29	-100
11.757	29	-100
11.9692	29	-100
12.1813	29	-100
12.3934	29	-100
12.6055	29	-100
12.8176	29	-100
13.0298	29	-100
13.2419	29	-100
13.454	29	-100
13.6661	29	-100
13.8782	29	-100
14.0904	29	-100
14.3025	29	-100
14.5146	29	-100
14.7267	29	-100
14.9389	29	-100
15.151	29	-100
15.3631	29	-100
15.5752	29	-100
15.7873	29	-100
15.9995	29	-100
