-2	0	20.034
-1.80808	0	20.2797
-1.61616	0	20.6529
-1.42424	0	21.1948
-1.23232	0	21.3662
-1.0404	0	21.4202
-0.848485	0	21.4178
-0.656566	0	21.3846
-0.464646	0	21.3308
-0.272727	0	21.2647
-0.0808081	0	21.1769
0.111111	0	21.0751
0.30303	0	20.9441
0.494949	0	20.7949
0.686869	0	20.6447
0.878788	0	20.4865
1.07071	0	20.321
1.26263	0	20.144
1.45455	0	19.9329
1.64646	0	19.7047
1.83838	0	19.4763
2.0303	0	19.248
2.22222	0	19.0194
2.41414	0	18.791
2.60606	0	18.5438
2.79798	0	18.2974
2.9899	0	18.0541
3.18182	0	17.8113
3.37374	0	17.5684
3.56566	0	17.3191
3.75758	0	17.06
3.94949	0	16.7939
4.14141	0	16.5132
4.33333	0	16.2146
4.52525	0	15.8981
4.71717	0	15.5624
4.90909	0	15.1998
5.10101	0	14.7933
5.29293	0	14.3334
5.48485	0	13.8391
5.67677	0	13.3497
5.86869	0	12.8761
6.06061	0	12.4184
6.25253	0	11.983
6.44444	0	11.5779
6.63636	0	11.1939
6.82828	0	10.8061
7.0202	0	10.4147
7.21212	0	10.0607
7.40404	0	9.90278
7.59596	0	9.93471
7.78788	0	9.84597
7.9798	0	9.7615
8.17172	0	9.52031
8.36364	0	9.00249
8.55556	0	8.27407
8.74747	0	7.10248
8.93939	0	5.42499
9.13131	0	4.39715
9.32323	0	3.63878
9.51515	0	2.78514
9.70707	0	1.95832
9.89899	0	1.09285
10.0909	0	-0.0847437
10.2828	0	-1.24542
10.4747	0	-2.25604
10.6667	0	-3.84359
10.8586	0	-4.22483
11.0505	0	-4.43047
11.2424	0	-4.63283
11.4343	0	-4.83153
11.6263	0	-5.02779
11.8182	0	-5.22057
12.0101	0	-5.41089
12.202	0	-5.59921
12.3939	0	-5.78377
12.5859	0	-5.9599
12.7778	0	-6.11442
12.9697	0	-6.20615
13.1616	0	-6.215
13.3535	0	-6.15552
13.5455	0	-6.02665
13.7374	0	-5.90682
13.9293	0	-5.81045
14.1212	0	-5.81014
14.3131	0	-6.01925
14.5051	0	-6.58877
14.697	0	-7.72987
14.8889	0	-9.40953
15.0808	0	-11.5907
15.2727	0	-14.3508
15.4646	0	-17.85
15.6566	0	-23.0623
15.8485	0	-31.6521
16.0404	0	-46.2884
16.2323	0	-71.556
16.4242	0	-100.83
16.6162	0	-113.877
16.8081	0	-128.851
17	0	-167.491
-2	1	19.9276
-1.80808	1	20.4737
-1.61616	1	21.2172
-1.42424	1	21.5992
-1.23232	1	21.731
-1.0404	1	21.838
-0.848485	1	21.882
-0.656566	1	21.8784
-0.464646	1	21.8493
-0.272727	1	21.7943
-0.0808081	1	21.7239
0.111111	1	21.6384
0.30303	1	21.5337
0.494949	1	21.4128
0.686869	1	21.2855
0.878788	1	21.1552
1.07071	1	21.0176
1.26263	1	20.8678
1.45455	1	20.6921
1.64646	1	20.4932
1.83838	1	20.2839
2.0303	1	20.0731
2.22222	1	19.851
2.41414	1	19.6246
2.60606	1	19.3708
2.79798	1	19.0984
2.9899	1	18.8193
3.18182	1	18.539
3.37374	1	18.2564
3.56566	1	17.9721
3.75758	1	17.6732
3.94949	1	17.3666
4.14141	1	17.0527
4.33333	1	16.7299
4.52525	1	16.3988
4.71717	1	16.0571
4.90909	1	15.6953
5.10101	1	15.3122
5.29293	1	14.9098
5.48485	1	14.5069
5.67677	1	14.1165
5.86869	1	13.7328
6.06061	1	13.3514
6.25253	1	12.9713
6.44444	1	12.5916
6.63636	1	12.2064
6.82828	1	11.8109
7.0202	1	11.4031
7.21212	1	10.9753
7.40404	1	10.5268
7.59596	1	10.0437
7.78788	1	9.51803
7.9798	1	8.95657
8.17172	1	8.34862
8.36364	1	7.7068
8.55556	1	7.04702
8.74747	1	6.35102
8.93939	1	5.6114
9.13131	1	4.88546
9.32323	1	4.13175
9.51515	1	3.29708
9.70707	1	2.47684
9.89899	1	1.61555
10.0909	1	0.560742
10.2828	1	-0.487612
10.4747	1	-1.5523
10.6667	1	-3.24579
10.8586	1	-4.45707
11.0505	1	-4.72094
11.2424	1	-4.93636
11.4343	1	-5.14596
11.6263	1	-5.35221
11.8182	1	-5.55405
12.0101	1	-5.7513
12.202	1	-5.94259
12.3939	1	-6.12206
12.5859	1	-6.27479
12.7778	1	-6.37349
12.9697	1	-6.38296
13.1616	1	-6.30985
13.3535	1	-6.167
13.5455	1	-5.994
13.7374	1	-5.83249
13.9293	1	-5.71845
14.1212	1	-5.71803
14.3131	1	-5.93812
14.5051	1	-6.62668
14.697	1	-8.15754
14.8889	1	-10.7075
15.0808	1	-13.9079
15.2727	1	-19.4664
15.4646	1	-29.4973
15.6566	1	-46.7638
15.8485	1	-68.6695
16.0404	1	-78.8221
16.2323	1	-89.034
16.4242	1	-100.472
16.6162	1	-113.374
16.8081	1	-128.191
17	1	-166.011
-2	2	20.2484
-1.80808	2	20.9723
-1.61616	2	21.6802
-1.42424	2	21.7821
-1.23232	2	21.8515
-1.0404	2	21.9096
-0.848485	2	21.9208
-0.656566	2	21.9051
-0.464646	2	21.8571
-0.272727	2	21.7919
-0.0808081	2	21.7121
0.111111	2	21.6173
0.30303	2	21.5034
0.494949	2	21.3756
0.686869	2	21.2433
0.878788	2	21.1065
1.07071	2	20.9599
1.26263	2	20.7981
1.45455	2	20.609
1.64646	2	20.3994
1.83838	2	20.1824
2.0303	2	19.9633
2.22222	2	19.7343
2.41414	2	19.4996
2.60606	2	19.2391
2.79798	2	18.9663
2.9899	2	18.6908
3.18182	2	18.4142
3.37374	2	18.1359
3.56566	2	17.8535
3.75758	2	17.5578
3.94949	2	17.2551
4.14141	2	16.9417
4.33333	2	16.6157
4.52525	2	16.2791
4.71717	2	15.9279
4.90909	2	15.5519
5.10101	2	15.1473
5.29293	2	14.7196
5.48485	2	14.2948
5.67677	2	13.8897
5.86869	2	13.4945
6.06061	2	13.1068
6.25253	2	12.724
6.44444	2	12.3404
6.63636	2	11.9542
6.82828	2	11.5582
7.0202	2	11.1482
7.21212	2	10.7225
7.40404	2	10.2789
7.59596	2	9.80288
7.78788	2	9.291
7.9798	2	8.73831
8.17172	2	8.14163
8.36364	2	7.51051
8.55556	2	6.85272
8.74747	2	6.16901
8.93939	2	5.44029
9.13131	2	4.7276
9.32323	2	3.97461
9.51515	2	3.14977
9.70707	2	2.33713
9.89899	2	1.48398
10.0909	2	0.44206
10.2828	2	-0.594707
10.4747	2	-1.64234
10.6667	2	-3.23966
10.8586	2	-4.19573
11.0505	2	-4.44413
11.2424	2	-4.66097
11.4343	2	-4.87257
11.6263	2	-5.08195
11.8182	2	-5.28797
12.0101	2	-5.4905
12.202	2	-5.68922
12.3939	2	-5.88011
12.5859	2	-6.05215
12.7778	2	-6.18371
12.9697	2	-6.23842
13.1616	2	-6.21585
13.3535	2	-6.12687
13.5455	2	-5.99885
13.7374	2	-5.88004
13.9293	2	-5.79981
14.1212	2	-5.82992
14.3131	2	-6.06547
14.5051	2	-6.7361
14.697	2	-8.21588
14.8889	2	-10.6516
15.0808	2	-13.7427
15.2727	2	-19.0893
15.4646	2	-28.8287
15.6566	2	-45.816
15.8485	2	-67.5301
16.0404	2	-77.4742
16.2323	2	-87.5067
16.4242	2	-98.7645
16.6162	2	-111.489
16.8081	2	-126.137
17	2	-163.73
-2	3	20.5897
-1.80808	3	21.5023
-1.61616	3	21.9125
-1.42424	3	21.9191
-1.23232	3	21.9442
-1.0404	3	21.9618
-0.848485	3	21.946
-0.656566	3	21.9166
-0.464646	3	21.8565
-0.272727	3	21.7817
-0.0808081	3	21.6933
0.111111	3	21.5905
0.30303	3	21.4694
0.494949	3	21.3369
0.686869	3	21.2012
0.878788	3	21.0593
1.07071	3	20.906
1.26263	3	20.736
1.45455	3	20.538
1.64646	3	20.3243
1.83838	3	20.1054
2.0303	3	19.8838
2.22222	3	19.6532
2.41414	3	19.4152
2.60606	3	19.1536
2.79798	3	18.8853
2.9899	3	18.6151
3.18182	3	18.3427
3.37374	3	18.0678
3.56566	3	17.7855
3.75758	3	17.4908
3.94949	3	17.1873
4.14141	3	16.8687
4.33333	3	16.5353
4.52525	3	16.1899
4.71717	3	15.8267
4.90909	3	15.4341
5.10101	3	15.0078
5.29293	3	14.5595
5.48485	3	14.1244
5.67677	3	13.7117
5.86869	3	13.3118
6.06061	3	12.9218
6.25253	3	12.5377
6.44444	3	12.1547
6.63636	3	11.7675
6.82828	3	11.3701
7.0202	3	10.9598
7.21212	3	10.5345
7.40404	3	10.0936
7.59596	3	9.62257
7.78788	3	9.11763
7.9798	3	8.57246
8.17172	3	7.98453
8.36364	3	7.36197
8.55556	3	6.70989
8.74747	3	6.03328
8.93939	3	5.31137
9.13131	3	4.60397
9.32323	3	3.85611
9.51515	3	3.03892
9.70707	3	2.23483
9.89899	3	1.38715
10.0909	3	0.36774
10.2828	3	-0.650612
10.4747	3	-1.69131
10.6667	3	-3.18162
10.8586	3	-3.96567
11.0505	3	-4.20862
11.2424	3	-4.42708
11.4343	3	-4.64084
11.6263	3	-4.85286
11.8182	3	-5.06267
12.0101	3	-5.26989
12.202	3	-5.47476
12.3939	3	-5.67468
12.5859	3	-5.86112
12.7778	3	-6.01711
12.9697	3	-6.10833
13.1616	3	-6.12568
13.3535	3	-6.08414
13.5455	3	-5.99773
13.7374	3	-5.92075
13.9293	3	-5.87885
14.1212	3	-5.93999
14.3131	3	-6.20387
14.5051	3	-6.88222
14.697	3	-8.346
14.8889	3	-10.7101
15.0808	3	-13.7478
15.2727	3	-19.0095
15.4646	3	-28.5558
15.6566	3	-45.0192
15.8485	3	-66.4286
16.0404	3	-76.1612
16.2323	3	-86.0175
16.4242	3	-97.0896
16.6162	3	-109.636
16.8081	3	-124.113
17	3	-161.436
-2	4	21.0328
-1.80808	4	21.9726
-1.61616	4	22.0835
-1.42424	4	22.0459
-1.23232	4	22.0343
-1.0404	4	22.0171
-0.848485	4	21.9958
-0.656566	4	21.936
-0.464646	4	21.8637
-0.272727	4	21.7789
-0.0808081	4	21.6816
0.111111	4	21.5712
0.30303	4	21.4434
0.494949	4	21.3071
0.686869	4	21.1679
0.878788	4	21.0208
1.07071	4	20.8616
1.26263	4	20.6841
1.45455	4	20.4799
1.64646	4	20.2653
1.83838	4	20.0461
2.0303	4	19.8234
2.22222	4	19.5929
2.41414	4	19.3522
2.60606	4	19.0917
2.79798	4	18.8278
2.9899	4	18.5609
3.18182	4	18.2899
3.37374	4	18.0143
3.56566	4	17.7287
3.75758	4	17.4311
3.94949	4	17.1214
4.14141	4	16.7929
4.33333	4	16.4491
4.52525	4	16.0925
4.71717	4	15.7153
4.90909	4	15.3043
5.10101	4	14.8573
5.29293	4	14.3963
5.48485	4	13.9599
5.67677	4	13.5454
5.86869	4	13.1458
6.06061	4	12.7564
6.25253	4	12.373
6.44444	4	11.9911
6.63636	4	11.6027
6.82828	4	11.2041
7.0202	4	10.7938
7.21212	4	10.3689
7.40404	4	9.93033
7.59596	4	9.46311
7.78788	4	8.96369
7.9798	4	8.42521
8.17172	4	7.84528
8.36364	4	7.23069
8.55556	4	6.58532
8.74747	4	5.91502
8.93939	4	5.19858
9.13131	4	4.49675
9.32323	4	3.75325
9.51515	4	2.94419
9.70707	4	2.1479
9.89899	4	1.30689
10.0909	4	0.309028
10.2828	4	-0.691213
10.4747	4	-1.72131
10.6667	4	-3.09803
10.8586	4	-3.75403
11.0505	4	-3.99457
11.2424	4	-4.21497
11.4343	4	-4.43118
11.6263	4	-4.64601
11.8182	4	-4.85973
12.0101	4	-5.07204
12.202	4	-5.28319
12.3939	4	-5.49196
12.5859	4	-5.69169
12.7778	4	-5.86929
12.9697	4	-5.99442
13.1616	4	-6.04973
13.3535	4	-6.05231
13.5455	4	-6.00957
13.7374	4	-5.97249
13.9293	4	-5.97547
14.1212	4	-6.06954
14.3131	4	-6.36689
14.5051	4	-7.05668
14.697	4	-8.50883
14.8889	4	-10.8276
15.0808	4	-13.8363
15.2727	4	-19.0257
15.4646	4	-28.3596
15.6566	4	-44.2203
15.8485	4	-65.3389
16.0404	4	-74.8659
16.2323	4	-84.542
16.4242	4	-95.4292
16.6162	4	-107.794
16.8081	4	-122.099
17	4	-159.133
-2	5	21.5842
-1.80808	5	22.2687
-1.61616	5	22.2335
-1.42424	5	22.1696
-1.23232	5	22.1272
-1.0404	5	22.0802
-0.848485	5	22.0427
-0.656566	5	21.9671
-0.464646	5	21.8823
-0.272727	5	21.787
-0.0808081	5	21.6807
0.111111	5	21.5622
0.30303	5	21.4281
0.494949	5	21.2882
0.686869	5	21.1447
0.878788	5	20.992
1.07071	5	20.8272
1.26263	5	20.6425
1.45455	5	20.4342
1.64646	5	20.22
1.83838	5	20.0003
2.0303	5	19.7769
2.22222	5	19.5457
2.41414	5	19.3017
2.60606	5	19.0421
2.79798	5	18.7801
2.9899	5	18.5128
3.18182	5	18.2394
3.37374	5	17.9587
3.56566	5	17.6667
3.75758	5	17.3622
3.94949	5	17.0418
4.14141	5	16.7002
4.33333	5	16.3442
4.52525	5	15.9755
4.71717	5	15.5828
4.90909	5	15.1535
5.10101	5	14.6905
5.29293	5	14.2264
5.48485	5	13.7962
5.67677	5	13.3854
5.86869	5	12.9892
6.06061	5	12.6016
6.25253	5	12.2208
6.44444	5	11.8384
6.63636	5	11.4495
6.82828	5	11.0498
7.0202	5	10.6396
7.21212	5	10.219
7.40404	5	9.77801
7.59596	5	9.31455
7.78788	5	8.82088
7.9798	5	8.28906
8.17172	5	7.72296
8.36364	5	7.10837
8.55556	5	6.47099
8.74747	5	5.80772
8.93939	5	5.0975
9.13131	5	4.4038
9.32323	5	3.66034
9.51515	5	2.86294
9.70707	5	2.07072
9.89899	5	1.23655
10.0909	5	0.252436
10.2828	5	-0.730932
10.4747	5	-1.73903
10.6667	5	-3.00144
10.8586	5	-3.55363
11.0505	5	-3.79325
11.2424	5	-4.01415
11.4343	5	-4.23328
11.6263	5	-4.45089
11.8182	5	-4.66889
12.0101	5	-4.88681
12.202	5	-5.10497
12.3939	5	-5.32305
12.5859	5	-5.53634
12.7778	5	-5.73455
12.9697	5	-5.89266
13.1616	5	-5.98703
13.3535	5	-6.03237
13.5455	5	-6.03677
13.7374	5	-6.04046
13.9293	5	-6.09085
14.1212	5	-6.22152
14.3131	5	-6.55211
14.5051	5	-7.25461
14.697	5	-8.68266
14.8889	5	-10.974
15.0808	5	-13.9787
15.2727	5	-19.0425
15.4646	5	-28.0307
15.6566	5	-43.3759
15.8485	5	-64.2596
16.0404	5	-73.5767
16.2323	5	-83.0755
16.4242	5	-93.779
16.6162	5	-105.958
16.8081	5	-120.089
17	5	-156.824
-2	6	22.254
-1.80808	6	22.4661
-1.61616	6	22.3738
-1.42424	6	22.2925
-1.23232	6	22.2256
-1.0404	6	22.1869
-0.848485	6	22.1035
-0.656566	6	22.0131
-0.464646	6	21.9159
-0.272727	6	21.8094
-0.0808081	6	21.6935
0.111111	6	21.5661
0.30303	6	21.4253
0.494949	6	21.2806
0.686869	6	21.1307
0.878788	6	20.9708
1.07071	6	20.7992
1.26263	6	20.6063
1.45455	6	20.394
1.64646	6	20.1784
1.83838	6	19.9564
2.0303	6	19.7305
2.22222	6	19.4958
2.41414	6	19.2466
2.60606	6	18.986
2.79798	6	18.7222
2.9899	6	18.4504
3.18182	6	18.1705
3.37374	6	17.881
3.56566	6	17.5798
3.75758	6	17.2648
3.94949	6	16.9299
4.14141	6	16.5732
4.33333	6	16.2046
4.52525	6	15.8226
4.71717	6	15.4129
4.90909	6	14.9653
5.10101	6	14.4914
5.29293	6	14.0339
5.48485	6	13.6113
5.67677	6	13.2048
5.86869	6	12.8122
6.06061	6	12.4262
6.25253	6	12.0475
6.44444	6	11.6654
6.63636	6	11.275
6.82828	6	10.8752
7.0202	6	10.4652
7.21212	6	10.0462
7.40404	6	9.60875
7.59596	6	9.14936
7.78788	6	8.6623
7.9798	6	8.13893
8.17172	6	7.58243
8.36364	6	6.977
8.55556	6	6.34891
8.74747	6	5.69227
8.93939	6	4.9882
9.13131	6	4.30061
9.32323	6	3.5616
9.51515	6	2.7732
9.70707	6	1.98712
9.89899	6	1.16124
10.0909	6	0.196699
10.2828	6	-0.768454
10.4747	6	-1.75701
10.6667	6	-2.88231
10.8586	6	-3.347
11.0505	6	-3.5855
11.2424	6	-3.80872
11.4343	6	-4.0313
11.6263	6	-4.25291
11.8182	6	-4.47594
12.0101	6	-4.70076
12.202	6	-4.9275
12.3939	6	-5.15674
12.5859	6	-5.3856
12.7778	6	-5.60638
12.9697	6	-5.7995
13.1616	6	-5.93831
13.3535	6	-6.029
13.5455	6	-6.08706
13.7374	6	-6.13604
13.9293	6	-6.23533
14.1212	6	-6.40809
14.3131	6	-6.76941
14.5051	6	-7.48478
14.697	6	-8.85863
14.8889	6	-11.0776
15.0808	6	-14.0006
15.2727	6	-18.8682
15.4646	6	-27.4937
15.6566	6	-42.5136
15.8485	6	-63.1936
16.0404	6	-72.2906
16.2323	6	-81.621
16.4242	6	-92.1394
16.6162	6	-104.13
16.8081	6	-118.085
17	6	-154.524
-2	7	22.6775
-1.80808	7	22.6153
-1.61616	7	22.5056
-1.42424	7	22.4113
-1.23232	7	22.3251
-1.0404	7	22.2714
-0.848485	7	22.1727
-0.656566	7	22.0691
-0.464646	7	21.9598
-0.272727	7	21.8421
-0.0808081	7	21.7165
0.111111	7	21.5792
0.30303	7	21.4314
0.494949	7	21.2802
0.686869	7	21.1217
0.878788	7	20.954
1.07071	7	20.7737
1.26263	7	20.5715
1.45455	7	20.355
1.64646	7	20.1359
1.83838	7	19.9092
2.0303	7	19.6786
2.22222	7	19.4372
2.41414	7	19.181
2.60606	7	18.9164
2.79798	7	18.6468
2.9899	7	18.3664
3.18182	7	18.0763
3.37374	7	17.7749
3.56566	7	17.4619
3.75758	7	17.1328
3.94949	7	16.7801
4.14141	7	16.407
4.33333	7	16.0256
4.52525	7	15.6293
4.71717	7	15.202
4.90909	7	14.7389
5.10101	7	14.2635
5.29293	7	13.82
5.48485	7	13.4067
5.67677	7	13.0058
5.86869	7	12.6177
6.06061	7	12.2366
6.25253	7	11.8566
6.44444	7	11.4739
6.63636	7	11.0834
6.82828	7	10.683
7.0202	7	10.2758
7.21212	7	9.8563
7.40404	7	9.42319
7.59596	7	8.9713
7.78788	7	8.48928
7.9798	7	7.97772
8.17172	7	7.43094
8.36364	7	6.83736
8.55556	7	6.22422
8.74747	7	5.57083
8.93939	7	4.87707
9.13131	7	4.19323
9.32323	7	3.46008
9.51515	7	2.68143
9.70707	7	1.90268
9.89899	7	1.08228
10.0909	7	0.139102
10.2828	7	-0.81724
10.4747	7	-1.76634
10.6667	7	-2.74435
10.8586	7	-3.13825
11.0505	7	-3.37104
11.2424	7	-3.59705
11.4343	7	-3.82265
11.6263	7	-4.04916
11.8182	7	-4.27794
12.0101	7	-4.51085
12.202	7	-4.74784
12.3939	7	-4.99019
12.5859	7	-5.2368
12.7778	7	-5.48222
12.9697	7	-5.71199
13.1616	7	-5.90019
13.3535	7	-6.04056
13.5455	7	-6.15566
13.7374	7	-6.25872
13.9293	7	-6.40681
14.1212	7	-6.63217
14.3131	7	-7.02449
14.5051	7	-7.7525
14.697	7	-9.07974
14.8889	7	-11.2153
15.0808	7	-14.0754
15.2727	7	-18.7701
15.4646	7	-27.0178
15.6566	7	-41.702
15.8485	7	-62.1576
16.0404	7	-71.0321
16.2323	7	-80.186
16.4242	7	-90.5302
16.6162	7	-102.33
16.8081	7	-116.1
17	7	-152.255
-2	8	22.8589
-1.80808	8	22.7407
-1.61616	8	22.6238
-1.42424	8	22.5186
-1.23232	8	22.4596
-1.0404	8	22.3518
-0.848485	8	22.2405
-0.656566	8	22.1254
-0.464646	8	22.0047
-0.272727	8	21.877
-0.0808081	8	21.7416
0.111111	8	21.5946
0.30303	8	21.44
0.494949	8	21.2811
0.686869	8	21.1134
0.878788	8	20.9376
1.07071	8	20.7475
1.26263	8	20.5361
1.45455	8	20.3145
1.64646	8	20.0895
1.83838	8	19.8564
2.0303	8	19.6183
2.22222	8	19.3666
2.41414	8	19.1012
2.60606	8	18.8289
2.79798	8	18.5486
2.9899	8	18.2554
3.18182	8	17.9514
3.37374	8	17.6356
3.56566	8	17.3081
3.75758	8	16.9608
3.94949	8	16.5881
4.14141	8	16.1993
4.33333	8	15.8059
4.52525	8	15.395
4.71717	8	14.9534
4.90909	8	14.4849
5.10101	8	14.0262
5.29293	8	13.6059
5.48485	8	13.2058
5.67677	8	12.8151
5.86869	8	12.4327
6.06061	8	12.0547
6.25253	8	11.6766
6.44444	8	11.2925
6.63636	8	10.9015
6.82828	8	10.5015
7.0202	8	10.0948
7.21212	8	9.6782
7.40404	8	9.24858
7.59596	8	8.80157
7.78788	8	8.3269
7.9798	8	7.82554
8.17172	8	7.29063
8.36364	8	6.70943
8.55556	8	6.10789
8.74747	8	5.46285
8.93939	8	4.7782
9.13131	8	4.09992
9.32323	8	3.37381
9.51515	8	2.60458
9.70707	8	1.83071
9.89899	8	1.0204
10.0909	8	0.0956128
10.2828	8	-0.838053
10.4747	8	-1.7503
10.6667	8	-2.58312
10.8586	8	-2.93102
11.0505	8	-3.16489
11.2424	8	-3.39391
11.4343	8	-3.62425
11.6263	8	-3.8565
11.8182	8	-4.09227
12.0101	8	-4.33424
12.202	8	-4.58304
12.3939	8	-4.83997
12.5859	8	-5.10545
12.7778	8	-5.37603
12.9697	8	-5.64133
13.1616	8	-5.87925
13.3535	8	-6.07201
13.5455	8	-6.24344
13.7374	8	-6.40679
13.9293	8	-6.60445
14.1212	8	-6.8885
14.3131	8	-7.32403
14.5051	8	-8.07412
14.697	8	-9.39078
14.8889	8	-11.4549
15.0808	8	-14.2484
15.2727	8	-18.7911
15.4646	8	-26.7359
15.6566	8	-41.0538
15.8485	8	-61.2005
16.0404	8	-69.8266
16.2323	8	-78.7961
16.4242	8	-88.9729
16.6162	8	-100.585
16.8081	8	-114.166
17	8	-150.021
-2	9	22.9863
-1.80808	9	22.8571
-1.61616	9	22.7337
-1.42424	9	22.618
-1.23232	9	22.5479
-1.0404	9	22.4281
-0.848485	9	22.3055
-0.656566	9	22.1793
-0.464646	9	22.0477
-0.272727	9	21.9106
-0.0808081	9	21.7652
0.111111	9	21.6092
0.30303	9	21.4476
0.494949	9	21.28
0.686869	9	21.1036
0.878788	9	20.9194
1.07071	9	20.7187
1.26263	9	20.4989
1.45455	9	20.271
1.64646	9	20.0382
1.83838	9	19.7973
2.0303	9	19.5492
2.22222	9	19.285
2.41414	9	19.0087
2.60606	9	18.7256
2.79798	9	18.4313
2.9899	9	18.1229
3.18182	9	17.8033
3.37374	9	17.4723
3.56566	9	17.1284
3.75758	9	16.7611
3.94949	9	16.3694
4.14141	9	15.9689
4.33333	9	15.5667
4.52525	9	15.145
4.71717	9	14.6998
4.90909	9	14.2451
5.10101	9	13.8172
5.29293	9	13.4211
5.48485	9	13.0348
5.67677	9	12.6541
5.86869	9	12.278
6.06061	9	11.9003
6.25253	9	11.5234
6.44444	9	11.1394
6.63636	9	10.7467
6.82828	9	10.3474
7.0202	9	9.94303
7.21212	9	9.52716
7.40404	9	9.10136
7.59596	9	8.65634
7.78788	9	8.18836
7.9798	9	7.70026
8.17172	9	7.17075
8.36364	9	6.60193
8.55556	9	6.00942
8.74747	9	5.37427
8.93939	9	4.70482
9.13131	9	4.02385
9.32323	9	3.30868
9.51515	9	2.54472
9.70707	9	1.77963
9.89899	9	0.976766
10.0909	9	0.0722871
10.2828	9	-0.838928
10.4747	9	-1.7162
10.6667	9	-2.4296
10.8586	9	-2.74088
11.0505	9	-2.97716
11.2424	9	-3.2068
11.4343	9	-3.44174
11.6263	9	-3.68004
11.8182	9	-3.92381
12.0101	9	-4.17564
12.202	9	-4.43743
12.3939	9	-4.7102
12.5859	9	-4.99518
12.7778	9	-5.2908
12.9697	9	-5.58964
13.1616	9	-5.87449
13.3535	9	-6.12095
13.5455	9	-6.34671
13.7374	9	-6.57051
13.9293	9	-6.82069
14.1212	9	-7.16346
14.3131	9	-7.65775
14.5051	9	-8.44667
14.697	9	-9.78725
14.8889	9	-11.8197
15.0808	9	-14.5959
15.2727	9	-19.1979
15.4646	9	-27.054
15.6566	9	-41.0591
15.8485	9	-60.5222
16.0404	9	-68.676
16.2323	9	-77.4596
16.4242	9	-87.46
16.6162	9	-98.898
16.8081	9	-112.286
17	9	-147.815
-2	10	23.0974
-1.80808	10	22.9623
-1.61616	10	22.8321
-1.42424	10	22.7552
-1.23232	10	22.6265
-1.0404	10	22.4958
-0.848485	10	22.3628
-0.656566	10	22.2261
-0.464646	10	22.0844
-0.272727	10	21.9378
-0.0808081	10	21.7828
0.111111	10	21.6187
0.30303	10	21.4497
0.494949	10	21.2735
0.686869	10	21.0893
0.878788	10	20.8964
1.07071	10	20.6852
1.26263	10	20.457
1.45455	10	20.2218
1.64646	10	19.9802
1.83838	10	19.7299
2.0303	10	19.4698
2.22222	10	19.1919
2.41414	10	18.9032
2.60606	10	18.6068
2.79798	10	18.2964
2.9899	10	17.9719
3.18182	10	17.6372
3.37374	10	17.2916
3.56566	10	16.931
3.75758	10	16.5459
3.94949	10	16.1425
4.14141	10	15.7401
4.33333	10	15.3368
4.52525	10	14.9174
4.71717	10	14.4888
4.90909	10	14.0684
5.10101	10	13.6769
5.29293	10	13.2997
5.48485	10	12.9243
5.67677	10	12.5502
5.86869	10	12.1767
6.06061	10	11.801
6.25253	10	11.4245
6.44444	10	11.0398
6.63636	10	10.6477
6.82828	10	10.2487
7.0202	10	9.84593
7.21212	10	9.43248
7.40404	10	9.0084
7.59596	10	8.56629
7.78788	10	8.10262
7.9798	10	7.62048
8.17172	10	7.09824
8.36364	10	6.53781
8.55556	10	5.95163
8.74747	10	5.32344
8.93939	10	4.661
9.13131	10	3.98351
9.32323	10	3.27521
9.51515	10	2.51793
9.70707	10	1.75966
9.89899	10	0.965261
10.0909	10	0.0775545
10.2828	10	-0.808531
10.4747	10	-1.64613
10.6667	10	-2.27892
10.8586	10	-2.57787
11.0505	10	-2.81787
11.2424	10	-3.05252
11.4343	10	-3.2927
11.6263	10	-3.53875
11.8182	10	-3.79182
12.0101	10	-4.05482
12.202	10	-4.33068
12.3939	10	-4.62046
12.5859	10	-4.9253
12.7778	10	-5.24515
12.9697	10	-5.57468
13.1616	10	-5.90096
13.3535	10	-6.19855
13.5455	10	-6.47502
13.7374	10	-6.75615
13.9293	10	-7.06098
14.1212	10	-7.46167
14.3131	10	-8.01954
14.5051	10	-8.87072
14.697	10	-10.2749
14.8889	10	-12.3317
15.0808	10	-15.1677
15.2727	10	-19.9127
15.4646	10	-27.9711
15.6566	10	-42.2779
15.8485	10	-59.9309
16.0404	10	-67.5811
16.2323	10	-76.1736
16.4242	10	-85.9926
16.6162	10	-97.2596
16.8081	10	-110.459
17	10	-145.631
-2	11	23.2013
-1.80808	11	23.0607
-1.61616	11	22.9233
-1.42424	11	22.8377
-1.23232	11	22.6988
-1.0404	11	22.5579
-0.848485	11	22.4145
-0.656566	11	22.2672
-0.464646	11	22.1153
-0.272727	11	21.9587
-0.0808081	11	21.7936
0.111111	11	21.6207
0.30303	11	21.4429
0.494949	11	21.2573
0.686869	11	21.0645
0.878788	11	20.8615
1.07071	11	20.6387
1.26263	11	20.4013
1.45455	11	20.1573
1.64646	11	19.9059
1.83838	11	19.6447
2.0303	11	19.3711
2.22222	11	19.0791
2.41414	11	18.778
2.60606	11	18.4672
2.79798	11	18.1409
2.9899	11	17.8022
3.18182	11	17.455
3.37374	11	17.0968
3.56566	11	16.7228
3.75758	11	16.3273
3.94949	11	15.9242
4.14141	11	15.5304
4.33333	11	15.1344
4.52525	11	14.73
4.71717	11	14.3279
4.90909	11	13.9396
5.10101	11	13.5697
5.29293	11	13.2005
5.48485	11	12.8299
5.67677	11	12.458
5.86869	11	12.0853
6.06061	11	11.7112
6.25253	11	11.3343
6.44444	11	10.9493
6.63636	11	10.5579
6.82828	11	10.1593
7.0202	11	9.75842
7.21212	11	9.34687
7.40404	11	8.92416
7.59596	11	8.4849
7.78788	11	8.0252
7.9798	11	7.54825
8.17172	11	7.033
8.36364	11	6.48046
8.55556	11	5.90003
8.74747	11	5.27898
8.93939	11	4.62263
9.13131	11	3.94955
9.32323	11	3.2473
9.51515	11	2.49608
9.70707	11	1.74558
9.89899	11	0.958172
10.0909	11	0.0878136
10.2828	11	-0.773445
10.4747	11	-1.56548
10.6667	11	-2.12907
10.8586	11	-2.41849
11.0505	11	-2.6628
11.2424	11	-2.9032
11.4343	11	-3.1501
11.6263	11	-3.40507
11.8182	11	-3.66925
12.0101	11	-3.94521
12.202	11	-4.23675
12.3939	11	-4.54545
12.5859	11	-4.87203
12.7778	11	-5.2176
12.9697	11	-5.57877
13.1616	11	-5.94598
13.3535	11	-6.2961
13.5455	11	-6.62521
13.7374	11	-6.96415
13.9293	11	-7.32803
14.1212	11	-7.78771
14.3131	11	-8.41134
14.5051	11	-9.33031
14.697	11	-10.8002
14.8889	11	-12.8932
15.0808	11	-15.8104
15.2727	11	-20.7334
15.4646	11	-29.0907
15.6566	11	-43.8475
15.8485	11	-59.0259
16.0404	11	-66.4998
16.2323	11	-74.9035
16.4242	11	-84.537
16.6162	11	-95.6304
16.8081	11	-108.649
17	11	-143.455
-2	12	23.2929
-1.80808	12	23.1464
-1.61616	12	23.0014
-1.42424	12	22.9072
-1.23232	12	22.7586
-1.0404	12	22.6077
-0.848485	12	22.454
-0.656566	12	22.296
-0.464646	12	22.1335
-0.272727	12	21.9663
-0.0808081	12	21.7907
0.111111	12	21.6081
0.30303	12	21.4201
0.494949	12	21.2246
0.686869	12	21.0224
0.878788	12	20.8077
1.07071	12	20.5724
1.26263	12	20.3251
1.45455	12	20.0712
1.64646	12	19.8092
1.83838	12	19.5363
2.0303	12	19.2486
2.22222	12	18.9433
2.41414	12	18.6302
2.60606	12	18.3054
2.79798	12	17.9655
2.9899	12	17.6173
3.18182	12	17.2621
3.37374	12	16.8957
3.56566	12	16.5158
3.75758	12	16.1218
3.94949	12	15.7328
4.14141	12	15.3544
4.33333	12	14.9715
4.52525	12	14.5877
4.71717	12	14.2094
4.90909	12	13.8385
5.10101	12	13.4782
5.29293	12	13.1121
5.48485	12	12.7426
5.67677	12	12.3712
5.86869	12	11.9994
6.06061	12	11.6252
6.25253	12	11.2486
6.44444	12	10.8631
6.63636	12	10.4723
6.82828	12	10.0779
7.0202	12	9.67457
7.21212	12	9.26488
7.40404	12	8.84504
7.59596	12	8.40808
7.78788	12	7.95613
7.9798	12	7.4794
8.17172	12	6.97165
8.36364	12	6.43041
8.55556	12	5.85373
8.74747	12	5.24267
8.93939	12	4.58853
9.13131	12	3.92177
9.32323	12	3.22748
9.51515	12	2.48126
9.70707	12	1.7469
9.89899	12	0.955906
10.0909	12	0.109197
10.2828	12	-0.731169
10.4747	12	-1.48104
10.6667	12	-1.98818
10.8586	12	-2.275
11.0505	12	-2.51807
11.2424	12	-2.7639
11.4343	12	-3.01744
11.6263	12	-3.28188
11.8182	12	-3.55869
12.0101	12	-3.84961
12.202	12	-4.15863
12.3939	12	-4.4883
12.5859	12	-4.83889
12.7778	12	-5.21221
12.9697	12	-5.60666
13.1616	12	-6.01542
13.3535	12	-6.4192
13.5455	12	-6.80439
13.7374	12	-7.20216
13.9293	12	-7.62941
14.1212	12	-8.15038
14.3131	12	-8.84169
14.5051	12	-9.83081
14.697	12	-11.3606
14.8889	12	-13.4951
15.0808	12	-16.5058
15.2727	12	-21.6278
15.4646	12	-30.6369
15.6566	12	-46.1418
15.8485	12	-58.1194
16.0404	12	-65.4277
16.2323	12	-73.6513
16.4242	12	-83.0944
16.6162	12	-94.0094
16.8081	12	-106.854
17	12	-141.29
-2	13	23.3717
-1.80808	13	23.2185
-1.61616	13	23.118
-1.42424	13	22.9621
-1.23232	13	22.8037
-1.0404	13	22.6427
-0.848485	13	22.4782
-0.656566	13	22.309
-0.464646	13	22.1356
-0.272727	13	21.9571
-0.0808081	13	21.7704
0.111111	13	21.5771
0.30303	13	21.3782
0.494949	13	21.1725
0.686869	13	20.9602
0.878788	13	20.7327
1.07071	13	20.4846
1.26263	13	20.2274
1.45455	13	19.9636
1.64646	13	19.6911
1.83838	13	19.4069
2.0303	13	19.1062
2.22222	13	18.7897
2.41414	13	18.4665
2.60606	13	18.1304
2.79798	13	17.7828
2.9899	13	17.4318
3.18182	13	17.074
3.37374	13	16.706
3.56566	13	16.3297
3.75758	13	15.9482
3.94949	13	15.5792
4.14141	13	15.214
4.33333	13	14.8434
4.52525	13	14.4743
4.71717	13	14.1084
4.90909	13	13.746
5.10101	13	13.388
5.29293	13	13.0217
5.48485	13	12.6527
5.67677	13	12.281
5.86869	13	11.9099
6.06061	13	11.5366
6.25253	13	11.159
6.44444	13	10.7737
6.63636	13	10.3832
6.82828	13	9.9898
7.0202	13	9.58855
7.21212	13	9.17992
7.40404	13	8.76168
7.59596	13	8.32736
7.78788	13	7.8796
7.9798	13	7.40824
8.17172	13	6.9079
8.36364	13	6.3745
8.55556	13	5.80502
8.74747	13	5.20141
8.93939	13	4.55352
9.13131	13	3.89359
9.32323	13	3.20408
9.51515	13	2.46465
9.70707	13	1.73735
9.89899	13	0.954043
10.0909	13	0.126011
10.2828	13	-0.685214
10.4747	13	-1.38124
10.6667	13	-1.84004
10.8586	13	-2.12293
11.0505	13	-2.37235
11.2424	13	-2.62644
11.4343	13	-2.89016
11.6263	13	-3.16627
11.8182	13	-3.45785
12.0101	13	-3.76606
12.202	13	-4.09475
12.3939	13	-4.44733
12.5859	13	-4.82439
12.7778	13	-5.22769
12.9697	13	-5.65736
13.1616	13	-6.10881
13.3535	13	-6.56693
13.5455	13	-7.01206
13.7374	13	-7.47027
13.9293	13	-7.96419
14.1212	13	-8.54872
14.3131	13	-9.30793
14.5051	13	-10.3672
14.697	13	-11.9471
14.8889	13	-14.1224
15.0808	13	-17.2262
15.2727	13	-22.4953
15.4646	13	-31.7845
15.6566	13	-47.3823
15.8485	13	-57.2166
16.0404	13	-64.3601
16.2323	13	-72.4146
16.4242	13	-81.6654
16.6162	13	-92.3971
16.8081	13	-105.071
17	13	-139.142
-2	14	23.4328
-1.80808	14	23.2721
-1.61616	14	23.1627
-1.42424	14	22.997
-1.23232	14	22.8285
-1.0404	14	22.6569
-0.848485	14	22.481
-0.656566	14	22.3002
-0.464646	14	22.1154
-0.272727	14	21.9253
-0.0808081	14	21.7269
0.111111	14	21.5223
0.30303	14	21.3122
0.494949	14	21.0966
0.686869	14	20.8738
0.878788	14	20.6327
1.07071	14	20.3723
1.26263	14	20.106
1.45455	14	19.8328
1.64646	14	19.551
1.83838	14	19.2572
2.0303	14	18.9457
2.22222	14	18.6214
2.41414	14	18.2912
2.60606	14	17.9491
2.79798	14	17.6016
2.9899	14	17.2539
3.18182	14	16.8979
3.37374	14	16.5344
3.56566	14	16.1678
3.75758	14	15.8022
3.94949	14	15.4485
4.14141	14	15.0903
4.33333	14	14.7272
4.52525	14	14.3653
4.71717	14	14.0041
4.90909	14	13.6451
5.10101	14	13.2865
5.29293	14	12.9193
5.48485	14	12.5505
5.67677	14	12.1783
5.86869	14	11.8082
6.06061	14	11.4351
6.25253	14	11.0563
6.44444	14	10.6713
6.63636	14	10.281
6.82828	14	9.88848
7.0202	14	9.48921
7.21212	14	9.08129
7.40404	14	8.66461
7.59596	14	8.23309
7.78788	14	7.78957
7.9798	14	7.32443
8.17172	14	6.83215
8.36364	14	6.30687
8.55556	14	5.74694
8.74747	14	5.15169
8.93939	14	4.51143
9.13131	14	3.85942
9.32323	14	3.17473
9.51515	14	2.44359
9.70707	14	1.72244
9.89899	14	0.948857
10.0909	14	0.14103
10.2828	14	-0.635304
10.4747	14	-1.27264
10.6667	14	-1.68985
10.8586	14	-1.97102
11.0505	14	-2.22741
11.2424	14	-2.49139
11.4343	14	-2.76719
11.6263	14	-3.05719
11.8182	14	-3.3654
12.0101	14	-3.69325
12.202	14	-4.04396
12.3939	14	-4.42172
12.5859	14	-4.82772
12.7778	14	-5.26371
12.9697	14	-5.73095
13.1616	14	-6.22714
13.3535	14	-6.74091
13.5455	14	-7.25057
13.7374	14	-7.77222
13.9293	14	-8.33581
14.1212	14	-8.98603
14.3131	14	-9.81189
14.5051	14	-10.9381
14.697	14	-12.5539
14.8889	14	-14.7586
15.0808	14	-17.9276
15.2727	14	-23.2634
15.4646	14	-32.6647
15.6566	14	-47.5457
15.8485	14	-56.3294
16.0404	14	-63.3042
16.2323	14	-71.1933
16.4242	14	-80.2561
16.6162	14	-90.7999
16.8081	14	-103.301
17	14	-137.021
-2	15	23.4746
-1.80808	15	23.3052
-1.61616	15	23.186
-1.42424	15	23.0099
-1.23232	15	22.8307
-1.0404	15	22.6478
-0.848485	15	22.4599
-0.656566	15	22.2672
-0.464646	15	22.0708
-0.272727	15	21.8687
-0.0808081	15	21.6583
0.111111	15	21.4424
0.30303	15	21.2218
0.494949	15	20.9973
0.686869	15	20.764
0.878788	15	20.5094
1.07071	15	20.2387
1.26263	15	19.9651
1.45455	15	19.6841
1.64646	15	19.3955
1.83838	15	19.0951
2.0303	15	18.7763
2.22222	15	18.4484
2.41414	15	18.1152
2.60606	15	17.7736
2.79798	15	17.4329
2.9899	15	17.0905
3.18182	15	16.7381
3.37374	15	16.3819
3.56566	15	16.025
3.75758	15	15.6709
3.94949	15	15.3248
4.14141	15	14.9689
4.33333	15	14.6094
4.52525	15	14.25
4.71717	15	13.89
4.90909	15	13.532
5.10101	15	13.1723
5.29293	15	12.8037
5.48485	15	12.435
5.67677	15	12.0648
5.86869	15	11.6927
6.06061	15	11.3191
6.25253	15	10.9402
6.44444	15	10.5544
6.63636	15	10.1663
6.82828	15	9.77227
7.0202	15	9.37472
7.21212	15	8.96987
7.40404	15	8.55202
7.59596	15	8.12384
7.78788	15	7.68553
7.9798	15	7.2258
8.17172	15	6.74462
8.36364	15	6.22473
8.55556	15	5.67646
8.74747	15	5.09582
8.93939	15	4.46039
9.13131	15	3.81915
9.32323	15	3.13787
9.51515	15	2.41637
9.70707	15	1.70118
9.89899	15	0.940549
10.0909	15	0.155041
10.2828	15	-0.575945
10.4747	15	-1.15493
10.6667	15	-1.5465
10.8586	15	-1.82757
11.0505	15	-2.09138
11.2424	15	-2.36412
11.4343	15	-2.65058
11.6263	15	-2.95638
11.8182	15	-3.28197
12.0101	15	-3.63151
12.202	15	-4.00642
12.3939	15	-4.41138
12.5859	15	-4.84858
12.7778	15	-5.31971
12.9697	15	-5.82673
13.1616	15	-6.36939
13.3535	15	-6.93978
13.5455	15	-7.51738
13.7374	15	-8.10611
13.9293	15	-8.74133
14.1212	15	-9.45981
14.3131	15	-10.3505
14.5051	15	-11.5399
14.697	15	-13.182
14.8889	15	-15.4047
15.0808	15	-18.6084
15.2727	15	-23.9371
15.4646	15	-33.3818
15.6566	15	-47.6703
15.8485	15	-55.467
16.0404	15	-62.2695
16.2323	15	-69.9926
16.4242	15	-78.8754
16.6162	15	-89.2283
16.8081	15	-101.551
17	15	-134.935
-2	16	23.4957
-1.80808	16	23.3699
-1.61616	16	23.1862
-1.42424	16	22.999
-1.23232	16	22.8085
-1.0404	16	22.6135
-0.848485	16	22.4129
-0.656566	16	22.2082
-0.464646	16	22.0005
-0.272727	16	21.7864
-0.0808081	16	21.5644
0.111111	16	21.3383
0.30303	16	21.1093
0.494949	16	20.8777
0.686869	16	20.6348
0.878788	16	20.3688
1.07071	16	20.0911
1.26263	16	19.8131
1.45455	16	19.5275
1.64646	16	19.2365
1.83838	16	18.9328
2.0303	16	18.6108
2.22222	16	18.2829
2.41414	16	17.951
2.60606	16	17.6149
2.79798	16	17.2829
2.9899	16	16.9437
3.18182	16	16.5947
3.37374	16	16.2445
3.56566	16	15.8937
3.75758	16	15.5463
3.94949	16	15.2014
4.14141	16	14.8448
4.33333	16	14.4867
4.52525	16	14.1272
4.71717	16	13.7681
4.90909	16	13.4105
5.10101	16	13.0483
5.29293	16	12.6791
5.48485	16	12.31
5.67677	16	11.9398
5.86869	16	11.5689
6.06061	16	11.194
6.25253	16	10.8143
6.44444	16	10.4284
6.63636	16	10.0404
6.82828	16	9.64755
7.0202	16	9.25087
7.21212	16	8.84646
7.40404	16	8.42994
7.59596	16	8.00443
7.78788	16	7.57002
7.9798	16	7.1171
8.17172	16	6.64374
8.36364	16	6.13271
8.55556	16	5.59612
8.74747	16	5.02608
8.93939	16	4.40174
9.13131	16	3.76892
9.32323	16	3.09593
9.51515	16	2.38356
9.70707	16	1.675
9.89899	16	0.929211
10.0909	16	0.170996
10.2828	16	-0.509573
10.4747	16	-1.02993
10.6667	16	-1.39536
10.8586	16	-1.6797
11.0505	16	-1.95376
11.2424	16	-2.2399
11.4343	16	-2.54218
11.6263	16	-2.86606
11.8182	16	-3.21202
12.0101	16	-3.58501
12.202	16	-3.98655
12.3939	16	-4.42079
12.5859	16	-4.89097
12.7778	16	-5.39916
12.9697	16	-5.94753
13.1616	16	-6.53754
13.3535	16	-7.16459
13.5455	16	-7.81127
13.7374	16	-8.47081
13.9293	16	-9.17844
14.1212	16	-9.96888
14.3131	16	-10.9237
14.5051	16	-12.1743
14.697	16	-13.8436
14.8889	16	-16.0832
15.0808	16	-19.3097
15.2727	16	-24.6038
15.4646	16	-33.9004
15.6566	16	-47.4639
15.8485	16	-54.6318
16.0404	16	-61.2641
16.2323	16	-68.8206
16.4242	16	-77.5292
16.6162	16	-87.6937
16.8081	16	-99.8322
17	16	-132.886
-2	17	23.4943
-1.80808	17	23.3572
-1.61616	17	23.1616
-1.42424	17	22.9625
-1.23232	17	22.76
-1.0404	17	22.552
-0.848485	17	22.3386
-0.656566	17	22.1226
-0.464646	17	21.904
-0.272727	17	21.6785
-0.0808081	17	21.4467
0.111111	17	21.213
0.30303	17	20.9788
0.494949	17	20.7428
0.686869	17	20.4919
0.878788	17	20.2179
1.07071	17	19.9379
1.26263	17	19.6584
1.45455	17	19.372
1.64646	17	19.0826
1.83838	17	18.7776
2.0303	17	18.4549
2.22222	17	18.1295
2.41414	17	17.8008
2.60606	17	17.4716
2.79798	17	17.1454
2.9899	17	16.8061
3.18182	17	16.4591
3.37374	17	16.1121
3.56566	17	15.7641
3.75758	17	15.42
3.94949	17	15.0729
4.14141	17	14.715
4.33333	17	14.3572
4.52525	17	13.997
4.71717	17	13.639
4.90909	17	13.2806
5.10101	17	12.916
5.29293	17	12.5466
5.48485	17	12.1768
5.67677	17	11.8068
5.86869	17	11.4368
6.06061	17	11.0602
6.25253	17	10.6799
6.44444	17	10.294
6.63636	17	9.90591
6.82828	17	9.51449
7.0202	17	9.11797
7.21212	17	8.71358
7.40404	17	8.29855
7.59596	17	7.87539
7.78788	17	7.44473
7.9798	17	6.99805
8.17172	17	6.53146
8.36364	17	6.02991
8.55556	17	5.50482
8.74747	17	4.94629
8.93939	17	4.33454
9.13131	17	3.71055
9.32323	17	3.04762
9.51515	17	2.34455
9.70707	17	1.64463
9.89899	17	0.916878
10.0909	17	0.192546
10.2828	17	-0.430489
10.4747	17	-0.898712
10.6667	17	-1.24611
10.8586	17	-1.53638
11.0505	17	-1.82272
11.2424	17	-2.12375
11.4343	17	-2.44355
11.6263	17	-2.78781
11.8182	17	-3.15629
12.0101	17	-3.55458
12.202	17	-3.98479
12.3939	17	-4.4504
12.5859	17	-4.95515
12.7778	17	-5.50203
12.9697	17	-6.09319
13.1616	17	-6.73129
13.3535	17	-7.41491
13.5455	17	-8.13061
13.7374	17	-8.86502
13.9293	17	-9.64587
14.1212	17	-10.513
14.3131	17	-11.5339
14.5051	17	-12.8464
14.697	17	-14.5521
14.8889	17	-16.815
15.0808	17	-20.0689
15.2727	17	-25.3319
15.4646	17	-34.4635
15.6566	17	-47.2667
15.8485	17	-53.8282
16.0404	17	-60.2946
16.2323	17	-67.6812
16.4242	17	-76.2191
16.6162	17	-86.1991
16.8081	17	-98.1507
17	17	-130.877
-2	18	23.5222
-1.80808	18	23.3182
-1.61616	18	23.1099
-1.42424	18	22.8984
-1.23232	18	22.683
-1.0404	18	22.4615
-0.848485	18	22.2359
-0.656566	18	22.0098
-0.464646	18	21.7821
-0.272727	18	21.5477
-0.0808081	18	21.3105
0.111111	18	21.0751
0.30303	18	20.8424
0.494949	18	20.6077
0.686869	18	20.3548
0.878788	18	20.0814
1.07071	18	19.8069
1.26263	18	19.532
1.45455	18	19.252
1.64646	18	18.9699
1.83838	18	18.6669
2.0303	18	18.3475
2.22222	18	18.027
2.41414	18	17.7036
2.60606	18	17.3817
2.79798	18	17.0586
2.9899	18	16.719
3.18182	18	16.3744
3.37374	18	16.0294
3.56566	18	15.6831
3.75758	18	15.341
3.94949	18	14.992
4.14141	18	14.6333
4.33333	18	14.2762
4.52525	18	13.9169
4.71717	18	13.5589
4.90909	18	13.1996
5.10101	18	12.8336
5.29293	18	12.4646
5.48485	18	12.0962
5.67677	18	11.7248
5.86869	18	11.3552
6.06061	18	10.9791
6.25253	18	10.5973
6.44444	18	10.2121
6.63636	18	9.82599
6.82828	18	9.43406
7.0202	18	9.03888
7.21212	18	8.63314
7.40404	18	8.22012
7.59596	18	7.80364
7.78788	18	7.37087
7.9798	18	6.92883
8.17172	18	6.4666
8.36364	18	5.97209
8.55556	18	5.45948
8.74747	18	4.90306
8.93939	18	4.30091
9.13131	18	3.68652
9.32323	18	3.03084
9.51515	18	2.34311
9.70707	18	1.64265
9.89899	18	0.932647
10.0909	18	0.238488
10.2828	18	-0.344058
10.4747	18	-0.785323
10.6667	18	-1.13037
10.8586	18	-1.43827
11.0505	18	-1.74204
11.2424	18	-2.05339
11.4343	18	-2.39419
11.6263	18	-2.75661
11.8182	18	-3.14975
12.0101	18	-3.5737
12.202	18	-4.03403
12.3939	18	-4.5323
12.5859	18	-5.07238
12.7778	18	-5.65807
12.9697	18	-6.29175
13.1616	18	-6.97643
13.3535	18	-7.71336
13.5455	18	-8.4931
13.7374	18	-9.30081
13.9293	18	-10.1535
14.1212	18	-11.1
14.3131	18	-12.1976
14.5051	18	-13.5872
14.697	18	-15.3681
14.8889	18	-17.7091
15.0808	18	-21.1014
15.2727	18	-26.5759
15.4646	18	-36.0188
15.6566	18	-47.4479
15.8485	18	-53.0714
16.0404	18	-59.3753
16.2323	18	-66.5921
16.4242	18	-74.96
16.6162	18	-84.7583
16.8081	18	-96.5239
17	18	-128.891
-2	19	23.4619
-1.80808	19	23.2441
-1.61616	19	23.0224
-1.42424	19	22.7982
-1.23232	19	22.5696
-1.0404	19	22.3353
-0.848485	19	22.0996
-0.656566	19	21.8669
-0.464646	19	21.6336
-0.272727	19	21.3956
-0.0808081	19	21.1607
0.111111	19	20.9319
0.30303	19	20.7083
0.494949	19	20.4808
0.686869	19	20.2315
0.878788	19	19.966
1.07071	19	19.7017
1.26263	19	19.4343
1.45455	19	19.1641
1.64646	19	18.8886
1.83838	19	18.5872
2.0303	19	18.2715
2.22222	19	17.9552
2.41414	19	17.6359
2.60606	19	17.3191
2.79798	19	16.996
2.9899	19	16.6553
3.18182	19	16.3123
3.37374	19	15.9679
3.56566	19	15.6232
3.75758	19	15.2817
3.94949	19	14.9304
4.14141	19	14.5718
4.33333	19	14.2148
4.52525	19	13.8557
4.71717	19	13.4993
4.90909	19	13.1385
5.10101	19	12.7718
5.29293	19	12.4032
5.48485	19	12.0347
5.67677	19	11.6644
5.86869	19	11.2949
6.06061	19	10.9181
6.25253	19	10.5366
6.44444	19	10.1517
6.63636	19	9.76655
6.82828	19	9.37595
7.0202	19	8.98082
7.21212	19	8.57543
7.40404	19	8.16392
7.59596	19	7.74898
7.78788	19	7.31916
7.9798	19	6.88019
8.17172	19	6.42123
8.36364	19	5.93256
8.55556	19	5.4257
8.74747	19	4.87673
8.93939	19	4.28264
9.13131	19	3.67479
9.32323	19	3.02607
9.51515	19	2.34533
9.70707	19	1.65539
9.89899	19	0.959687
10.0909	19	0.292814
10.2828	19	-0.261129
10.4747	19	-0.689883
10.6667	19	-1.03955
10.8586	19	-1.36062
11.0505	19	-1.68155
11.2424	19	-2.01254
11.4343	19	-2.37492
11.6263	19	-2.76193
11.8182	19	-3.18181
12.0101	19	-3.63486
12.202	19	-4.12695
12.3939	19	-4.66008
12.5859	19	-5.23707
12.7778	19	-5.86268
12.9697	19	-6.53987
13.1616	19	-7.27175
13.3535	19	-8.06151
13.5455	19	-8.90378
13.7374	19	-9.78464
13.9293	19	-10.7104
14.1212	19	-11.7383
14.3131	19	-12.9209
14.5051	19	-14.3935
14.697	19	-16.2671
14.8889	19	-18.7202
15.0808	19	-22.307
15.2727	19	-28.1128
15.4646	19	-38.1055
15.6566	19	-46.87
15.8485	19	-52.3306
16.0404	19	-58.4764
16.2323	19	-65.5244
16.4242	19	-73.7234
16.6162	19	-83.343
16.8081	19	-94.9238
17	19	-126.916
-2	20	23.3649
-1.80808	20	23.1325
-1.61616	20	22.8976
-1.42424	20	22.6608
-1.23232	20	22.4195
-1.0404	20	22.1748
-0.848485	20	21.9338
-0.656566	20	21.7003
-0.464646	20	21.4676
-0.272727	20	21.2351
-0.0808081	20	21.0125
0.111111	20	20.7985
0.30303	20	20.59
0.494949	20	20.3731
0.686869	20	20.1308
0.878788	20	19.8765
1.07071	20	19.6227
1.26263	20	19.3633
1.45455	20	19.1019
1.64646	20	18.8295
1.83838	20	18.5282
2.0303	20	18.2157
2.22222	20	17.9022
2.41414	20	17.5856
2.60606	20	17.272
2.79798	20	16.9471
2.9899	20	16.6057
3.18182	20	16.2641
3.37374	20	15.9198
3.56566	20	15.577
3.75758	20	15.2351
3.94949	20	14.8821
4.14141	20	14.5241
4.33333	20	14.167
4.52525	20	13.8086
4.71717	20	13.4533
4.90909	20	13.0911
5.10101	20	12.7243
5.29293	20	12.3561
5.48485	20	11.9875
5.67677	20	11.6187
5.86869	20	11.2488
6.06061	20	10.8716
6.25253	20	10.4908
6.44444	20	10.1061
6.63636	20	9.72228
6.82828	20	9.33274
7.0202	20	8.93745
7.21212	20	8.53288
7.40404	20	8.12275
7.59596	20	7.70905
7.78788	20	7.28226
7.9798	20	6.84542
8.17172	20	6.38931
8.36364	20	5.90576
8.55556	20	5.40358
8.74747	20	4.86143
8.93939	20	4.27421
9.13131	20	3.67263
9.32323	20	3.02989
9.51515	20	2.3562
9.70707	20	1.67682
9.89899	20	0.993608
10.0909	20	0.349117
10.2828	20	-0.186868
10.4747	20	-0.612957
10.6667	20	-0.972988
10.8586	20	-1.31012
11.0505	20	-1.65044
11.2424	20	-2.00331
11.4343	20	-2.38946
11.6263	20	-2.80284
11.8182	20	-3.25193
12.0101	20	-3.73616
12.202	20	-4.26174
12.3939	20	-4.83127
12.5859	20	-5.4468
12.7778	20	-6.11339
12.9697	20	-6.83497
13.1616	20	-7.61481
13.3535	20	-8.45726
13.5455	20	-9.36085
13.7374	20	-10.314
13.9293	20	-11.3141
14.1212	20	-12.4241
14.3131	20	-13.6975
14.5051	20	-15.2572
14.697	20	-17.234
14.8889	20	-19.8287
15.0808	20	-23.6556
15.2727	20	-29.8854
15.4646	20	-40.0893
15.6566	20	-46.2704
15.8485	20	-51.6011
16.0404	20	-57.5909
16.2323	20	-64.4702
16.4242	20	-72.4989
16.6162	20	-81.9419
16.8081	20	-93.3388
17	20	-124.945
-2	21	23.2284
-1.80808	21	22.9814
-1.61616	21	22.7341
-1.42424	21	22.486
-1.23232	21	22.2348
-1.0404	21	21.9856
-0.848485	21	21.7475
-0.656566	21	21.522
-0.464646	21	21.2992
-0.272727	21	21.083
-0.0808081	21	20.881
0.111111	21	20.6862
0.30303	21	20.4937
0.494949	21	20.2858
0.686869	21	20.0503
0.878788	21	19.8065
1.07071	21	19.5606
1.26263	21	19.3076
1.45455	21	19.0524
1.64646	21	18.7791
1.83838	21	18.4772
2.0303	21	18.1676
2.22222	21	17.8556
2.41414	21	17.5413
2.60606	21	17.2295
2.79798	21	16.9022
2.9899	21	16.561
3.18182	21	16.2207
3.37374	21	15.8766
3.56566	21	15.5357
3.75758	21	15.193
3.94949	21	14.8386
4.14141	21	14.4822
4.33333	21	14.126
4.52525	21	13.7667
4.71717	21	13.4125
4.90909	21	13.0497
5.10101	21	12.6828
5.29293	21	12.3151
5.48485	21	11.9469
5.67677	21	11.5783
5.86869	21	11.2087
6.06061	21	10.8308
6.25253	21	10.4507
6.44444	21	10.0698
6.63636	21	9.68319
6.82828	21	9.29465
7.0202	21	8.9004
7.21212	21	8.4964
7.40404	21	8.09015
7.59596	21	7.67381
7.78788	21	7.2501
7.9798	21	6.8178
8.17172	21	6.36232
8.36364	21	5.88373
8.55556	21	5.38667
8.74747	21	4.84961
8.93939	21	4.27256
9.13131	21	3.67345
9.32323	21	3.03589
9.51515	21	2.37209
9.70707	21	1.70141
9.89899	21	1.03376
10.0909	21	0.403154
10.2828	21	-0.11809
10.4747	21	-0.553144
10.6667	21	-0.927716
10.8586	21	-1.28996
11.0505	21	-1.65306
11.2424	21	-2.03747
11.4343	21	-2.43972
11.6263	21	-2.88168
11.8182	21	-3.35858
12.0101	21	-3.87603
12.202	21	-4.43577
12.3939	21	-5.0429
12.5859	21	-5.6982
12.7778	21	-6.4068
12.9697	21	-7.17353
13.1616	21	-8.00206
13.3535	21	-8.89733
13.5455	21	-9.86131
13.7374	21	-10.8859
13.9293	21	-11.9615
14.1212	21	-13.1531
14.3131	21	-14.5198
14.5051	21	-16.168
14.697	21	-18.2521
14.8889	21	-21.0079
15.0808	21	-25.1012
15.2727	21	-31.7998
15.4646	21	-40.7095
15.6566	21	-45.6729
15.8485	21	-50.8736
16.0404	21	-56.7097
16.2323	21	-63.4202
16.4242	21	-71.2775
16.6162	21	-80.545
16.8081	21	-91.7588
17	21	-122.976
-2	22	23.0487
-1.80808	22	22.7885
-1.61616	22	22.5314
-1.42424	22	22.2756
-1.23232	22	22.0215
-1.0404	22	21.7787
-0.848485	22	21.5563
-0.656566	22	21.3493
-0.464646	22	21.1464
-0.272727	22	20.9544
-0.0808081	22	20.7748
0.111111	22	20.597
0.30303	22	20.4167
0.494949	22	20.2135
0.686869	22	19.9828
0.878788	22	19.7469
1.07071	22	19.5059
1.26263	22	19.2578
1.45455	22	19.0058
1.64646	22	18.7291
1.83838	22	18.4269
2.0303	22	18.1196
2.22222	22	17.8086
2.41414	22	17.4966
2.60606	22	17.1852
2.79798	22	16.855
2.9899	22	16.5145
3.18182	22	16.1749
3.37374	22	15.8313
3.56566	22	15.4924
3.75758	22	15.1478
3.94949	22	14.7925
4.14141	22	14.437
4.33333	22	14.0806
4.52525	22	13.7229
4.71717	22	13.3685
4.90909	22	13.0045
5.10101	22	12.6382
5.29293	22	12.2704
5.48485	22	11.903
5.67677	22	11.5355
5.86869	22	11.1649
6.06061	22	10.7871
6.25253	22	10.4076
6.44444	22	10.0271
6.63636	22	9.64218
6.82828	22	9.25387
7.0202	22	8.8595
7.21212	22	8.4567
7.40404	22	8.05132
7.59596	22	7.63656
7.78788	22	7.21536
7.9798	22	6.78448
8.17172	22	6.33201
8.36364	22	5.8573
8.55556	22	5.3652
8.74747	22	4.83439
8.93939	22	4.26388
9.13131	22	3.67142
9.32323	22	3.0393
9.51515	22	2.38399
9.70707	22	1.72191
9.89899	22	1.06621
10.0909	22	0.449513
10.2828	22	-0.0681437
10.4747	22	-0.511267
10.6667	22	-0.904363
10.8586	22	-1.28867
11.0505	22	-1.67593
11.2424	22	-2.08682
11.4343	22	-2.51834
11.6263	22	-2.99057
11.8182	22	-3.5004
12.0101	22	-4.05251
12.202	22	-4.64881
12.3939	22	-5.29444
12.5859	22	-5.991
12.7778	22	-6.74277
12.9697	22	-7.55525
13.1616	22	-8.43304
13.3535	22	-9.38136
13.5455	22	-10.4049
13.7374	22	-11.4997
13.9293	22	-12.6518
14.1212	22	-13.9235
14.3131	22	-15.3823
14.5051	22	-17.1191
14.697	22	-19.3102
14.8889	22	-22.2355
15.0808	22	-26.6047
15.2727	22	-33.7754
15.4646	22	-40.637
15.6566	22	-45.0723
15.8485	22	-50.1284
16.0404	22	-55.8238
16.2323	22	-62.3677
16.4242	22	-70.0525
16.6162	22	-79.1477
16.8081	22	-90.1792
17	22	-121.01
-2	23	22.8234
-1.80808	23	22.5539
-1.61616	23	22.2929
-1.42424	23	22.0383
-1.23232	23	21.7954
-1.0404	23	21.5758
-0.848485	23	21.3824
-0.656566	23	21.2015
-0.464646	23	21.0231
-0.272727	23	20.8546
-0.0808081	23	20.6916
0.111111	23	20.525
0.30303	23	20.3506
0.494949	23	20.1473
0.686869	23	19.9196
0.878788	23	19.6887
1.07071	23	19.4503
1.26263	23	19.2055
1.45455	23	18.9539
1.64646	23	18.6722
1.83838	23	18.3702
2.0303	23	18.0646
2.22222	23	17.7541
2.41414	23	17.4445
2.60606	23	17.1317
2.79798	23	16.7988
2.9899	23	16.4594
3.18182	23	16.1198
3.37374	23	15.7771
3.56566	23	15.4397
3.75758	23	15.0926
3.94949	23	14.737
4.14141	23	14.382
4.33333	23	14.0254
4.52525	23	13.6694
4.71717	23	13.3141
4.90909	23	12.9492
5.10101	23	12.5835
5.29293	23	12.2153
5.48485	23	11.849
5.67677	23	11.4822
5.86869	23	11.1103
6.06061	23	10.733
6.25253	23	10.3537
6.44444	23	9.97374
6.63636	23	9.59056
6.82828	23	9.20195
7.0202	23	8.80762
7.21212	23	8.406
7.40404	23	8.00114
7.59596	23	7.58849
7.78788	23	7.16917
7.9798	23	6.73953
8.17172	23	6.29056
8.36364	23	5.8195
8.55556	23	5.33306
8.74747	23	4.80886
8.93939	23	4.24539
9.13131	23	3.6601
9.32323	23	3.0348
9.51515	23	2.38841
9.70707	23	1.73474
9.89899	23	1.09163
10.0909	23	0.485772
10.2828	23	-0.0322066
10.4747	23	-0.487495
10.6667	23	-0.902244
10.8586	23	-1.31183
11.0505	23	-1.72603
11.2424	23	-2.16566
11.4343	23	-2.6283
11.6263	23	-3.133
11.8182	23	-3.6771
12.0101	23	-4.26574
12.202	23	-4.90004
12.3939	23	-5.58525
12.5859	23	-6.3239
12.7778	23	-7.11983
12.9697	23	-7.97867
13.1616	23	-8.90598
13.3535	23	-9.90753
13.5455	23	-10.9897
13.7374	23	-12.1531
13.9293	23	-13.382
14.1212	23	-14.7311
14.3131	23	-16.2774
14.5051	23	-18.0992
14.697	23	-20.3897
14.8889	23	-23.4731
15.0808	23	-28.0929
15.2727	23	-35.4496
15.4646	23	-40.1744
15.6566	23	-44.468
15.8485	23	-49.379
16.0404	23	-54.9354
16.2323	23	-61.3129
16.4242	23	-68.8245
16.6162	23	-77.7478
16.8081	23	-88.5982
17	23	-119.049
-2	24	22.5527
-1.80808	24	22.2832
-1.61616	24	22.0311
-1.42424	24	21.7958
-1.23232	24	21.585
-1.0404	24	21.4045
-0.848485	24	21.2453
-0.656566	24	21.089
-0.464646	24	20.9305
-0.272727	24	20.7774
-0.0808081	24	20.6224
0.111111	24	20.4604
0.30303	24	20.2859
0.494949	24	20.0783
0.686869	24	19.8515
0.878788	24	19.6222
1.07071	24	19.384
1.26263	24	19.1405
1.45455	24	18.8856
1.64646	24	18.5979
1.83838	24	18.2959
2.0303	24	17.9905
2.22222	24	17.6802
2.41414	24	17.3723
2.60606	24	17.056
2.79798	24	16.7204
2.9899	24	16.3821
3.18182	24	16.042
3.37374	24	15.7003
3.56566	24	15.3633
3.75758	24	15.0136
3.94949	24	14.6584
4.14141	24	14.3035
4.33333	24	13.9461
4.52525	24	13.5917
4.71717	24	13.2353
4.90909	24	12.8693
5.10101	24	12.5041
5.29293	24	12.1376
5.48485	24	11.7698
5.67677	24	11.403
5.86869	24	11.0306
6.06061	24	10.6529
6.25253	24	10.2756
6.44444	24	9.89353
6.63636	24	9.51195
6.82828	24	9.12492
7.0202	24	8.72843
7.21212	24	8.32795
7.40404	24	7.9248
7.59596	24	7.51302
7.78788	24	7.09707
7.9798	24	6.66664
8.17172	24	6.22163
8.36364	24	5.76055
8.55556	24	5.27536
8.74747	24	4.75957
8.93939	24	4.2051
9.13131	24	3.62858
9.32323	24	3.02045
9.51515	24	2.37572
9.70707	24	1.73221
9.89899	24	1.10424
10.0909	24	0.509588
10.2828	24	-0.0100962
10.4747	24	-0.479725
10.6667	24	-0.918471
10.8586	24	-1.35614
11.0505	24	-1.81128
11.2424	24	-2.27768
11.4343	24	-2.77636
11.6263	24	-3.30991
11.8182	24	-3.88866
12.0101	24	-4.51323
12.202	24	-5.18659
12.3939	24	-5.91185
12.5859	24	-6.69327
12.7778	24	-7.53405
12.9697	24	-8.43976
13.1616	24	-9.4167
13.3535	24	-10.4715
13.5455	24	-11.6117
13.7374	24	-12.8415
13.9293	24	-14.1471
14.1212	24	-15.57
14.3131	24	-17.1943
14.5051	24	-19.0918
14.697	24	-21.4613
14.8889	24	-24.6579
15.0808	24	-29.4338
15.2727	24	-35.7578
15.4646	24	-39.7007
15.6566	24	-43.8574
15.8485	24	-48.6231
16.0404	24	-54.042
16.2323	24	-60.2544
16.4242	24	-67.5923
16.6162	24	-76.3436
16.8081	24	-87.0148
17	24	-117.1
-2	25	22.2432
-1.80808	25	21.9937
-1.61616	25	21.7745
-1.42424	25	21.5836
-1.23232	25	21.4212
-1.0404	25	21.2812
-0.848485	25	21.1479
-0.656566	25	21.0061
-0.464646	25	20.8586
-0.272727	25	20.7119
-0.0808081	25	20.5583
0.111111	25	20.3962
0.30303	25	20.2165
0.494949	25	20.0021
0.686869	25	19.7745
0.878788	25	19.5437
1.07071	25	19.3039
1.26263	25	19.0592
1.45455	25	18.7976
1.64646	25	18.5034
1.83838	25	18.2009
2.0303	25	17.8942
2.22222	25	17.584
2.41414	25	17.2762
2.60606	25	16.9542
2.79798	25	16.6163
2.9899	25	16.2783
3.18182	25	15.9369
3.37374	25	15.5967
3.56566	25	15.2581
3.75758	25	14.9054
3.94949	25	14.5505
4.14141	25	14.1945
4.33333	25	13.8376
4.52525	25	13.4839
4.71717	25	13.1251
4.90909	25	12.7586
5.10101	25	12.3931
5.29293	25	12.0263
5.48485	25	11.6602
5.67677	25	11.2919
5.86869	25	10.9185
6.06061	25	10.5411
6.25253	25	10.1633
6.44444	25	9.78206
6.63636	25	9.40103
6.82828	25	9.01301
7.0202	25	8.61685
7.21212	25	8.21659
7.40404	25	7.81409
7.59596	25	7.40475
7.78788	25	6.9894
7.9798	25	6.56097
8.17172	25	6.11975
8.36364	25	5.66359
8.55556	25	5.18633
8.74747	25	4.67983
8.93939	25	4.13625
9.13131	25	3.56998
9.32323	25	2.97434
9.51515	25	2.34225
9.70707	25	1.71206
9.89899	25	1.1001
10.0909	25	0.515253
10.2828	25	-0.00743523
10.4747	25	-0.494555
10.6667	25	-0.959633
10.8586	25	-1.42837
11.0505	25	-1.91644
11.2424	25	-2.41634
11.4343	25	-2.95012
11.6263	25	-3.52066
11.8182	25	-4.1366
12.0101	25	-4.79998
12.202	25	-5.51365
12.3939	25	-6.28039
12.5859	25	-7.10492
12.7778	25	-7.99107
12.9697	25	-8.94406
13.1616	25	-9.97049
13.3535	25	-11.0783
13.5455	25	-12.2754
13.7374	25	-13.569
13.9293	25	-14.9499
14.1212	25	-16.4438
14.3131	25	-18.1359
14.5051	25	-20.0997
14.697	25	-22.5252
14.8889	25	-25.7815
15.0808	25	-30.5887
15.2727	25	-35.6263
15.4646	25	-39.2225
15.6566	25	-43.2467
15.8485	25	-47.8613
16.0404	25	-53.1374
16.2323	25	-59.197
16.4242	25	-66.3619
16.6162	25	-74.9406
16.8081	25	-85.4377
17	25	-115.175
-2	26	21.9222
-1.80808	26	21.7268
-1.61616	26	21.5681
-1.42424	26	21.4337
-1.23232	26	21.3135
-1.0404	26	21.1986
-0.848485	26	21.0767
-0.656566	26	20.9388
-0.464646	26	20.7947
-0.272727	26	20.6481
-0.0808081	26	20.4922
0.111111	26	20.3267
0.30303	26	20.1381
0.494949	26	19.9161
0.686869	26	19.6863
0.878788	26	19.4513
1.07071	26	19.2088
1.26263	26	18.9608
1.45455	26	18.6896
1.64646	26	18.3893
1.83838	26	18.0855
2.0303	26	17.7765
2.22222	26	17.4664
2.41414	26	17.1566
2.60606	26	16.8282
2.79798	26	16.4887
2.9899	26	16.1498
3.18182	26	15.8071
3.37374	26	15.4685
3.56566	26	15.1264
3.75758	26	14.7713
3.94949	26	14.4165
4.14141	26	14.059
4.33333	26	13.7032
4.52525	26	13.349
4.71717	26	12.9873
4.90909	26	12.621
5.10101	26	12.2546
5.29293	26	11.8879
5.48485	26	11.5229
5.67677	26	11.1525
5.86869	26	10.7784
6.06061	26	10.4009
6.25253	26	10.0224
6.44444	26	9.64256
6.63636	26	9.26098
6.82828	26	8.87182
7.0202	26	8.4762
7.21212	26	8.07571
7.40404	26	7.67436
7.59596	26	7.26684
7.78788	26	6.85149
7.9798	26	6.42554
8.17172	26	5.98775
8.36364	26	5.53687
8.55556	26	5.06803
8.74747	26	4.57164
8.93939	26	4.04027
9.13131	26	3.48658
9.32323	26	2.90586
9.51515	26	2.28869
9.70707	26	1.67411
9.89899	26	1.07577
10.0909	26	0.496903
10.2828	26	-0.0344994
10.4747	26	-0.544598
10.6667	26	-1.04011
10.8586	26	-1.54344
11.0505	26	-2.06796
11.2424	26	-2.60402
11.4343	26	-3.17483
11.6263	26	-3.78373
11.8182	26	-4.43856
12.0101	26	-5.14169
12.202	26	-5.89673
12.3939	26	-6.70583
12.5859	26	-7.57378
12.7778	26	-8.5053
12.9697	26	-9.50556
13.1616	26	-10.581
13.3535	26	-11.7408
13.5455	26	-12.9935
13.7374	26	-14.3481
13.9293	26	-15.8009
14.1212	26	-17.365
14.3131	26	-19.1166
14.5051	26	-21.1385
14.697	26	-23.6013
14.8889	26	-26.8694
15.0808	26	-31.4874
15.2727	26	-35.2888
15.4646	26	-38.7444
15.6566	26	-42.6436
15.8485	26	-47.1083
16.0404	26	-52.2427
16.2323	26	-58.1553
16.4242	26	-65.1463
16.6162	26	-73.552
16.8081	26	-83.8778
17	26	-113.283
-2	27	21.6584
-1.80808	27	21.545
-1.61616	27	21.4477
-1.42424	27	21.3526
-1.23232	27	21.2522
-1.0404	27	21.1444
-0.848485	27	21.0213
-0.656566	27	20.8796
-0.464646	27	20.7337
-0.272727	27	20.5825
-0.0808081	27	20.4217
0.111111	27	20.2494
0.30303	27	20.0485
0.494949	27	19.8184
0.686869	27	19.5846
0.878788	27	19.3429
1.07071	27	19.0966
1.26263	27	18.8423
1.45455	27	18.5595
1.64646	27	18.254
1.83838	27	17.9476
2.0303	27	17.6357
2.22222	27	17.3255
2.41414	27	17.0109
2.60606	27	16.6762
2.79798	27	16.336
2.9899	27	15.9952
3.18182	27	15.6516
3.37374	27	15.3138
3.56566	27	14.9673
3.75758	27	14.6103
3.94949	27	14.2555
4.14141	27	13.8975
4.33333	27	13.5419
4.52525	27	13.1858
4.71717	27	12.8216
4.90909	27	12.4555
5.10101	27	12.0897
5.29293	27	11.7213
5.48485	27	11.3564
5.67677	27	10.9851
5.86869	27	10.6092
6.06061	27	10.2318
6.25253	27	9.8538
6.44444	27	9.47346
6.63636	27	9.09152
6.82828	27	8.6998
7.0202	27	8.30495
7.21212	27	7.90829
7.40404	27	7.50417
7.59596	27	7.09771
7.78788	27	6.68267
7.9798	27	6.25912
8.17172	27	5.82824
8.36364	27	5.37851
8.55556	27	4.91825
8.74747	27	4.43623
8.93939	27	3.91567
9.13131	27	3.37778
9.32323	27	2.81327
9.51515	27	2.21233
9.70707	27	1.61756
9.89899	27	1.02253
10.0909	27	0.442775
10.2828	27	-0.108775
10.4747	27	-0.650084
10.6667	27	-1.18215
10.8586	27	-1.72512
11.0505	27	-2.2906
11.2424	27	-2.87479
11.4343	27	-3.48524
11.6263	27	-4.1315
11.8182	27	-4.82509
12.0101	27	-5.56672
12.202	27	-6.36355
12.3939	27	-7.21548
12.5859	27	-8.12714
12.7778	27	-9.10415
12.9697	27	-10.1518
13.1616	27	-11.2762
13.3535	27	-12.4873
13.5455	27	-13.7947
13.7374	27	-15.2081
13.9293	27	-16.7295
14.1212	27	-18.3643
14.3131	27	-20.1694
14.5051	27	-22.2401
14.697	27	-24.7208
14.8889	27	-27.9304
15.0808	27	-31.7903
15.2727	27	-34.9225
15.4646	27	-38.2699
15.6566	27	-42.0529
15.8485	27	-46.3714
16.0404	27	-51.3643
16.2323	27	-57.1365
16.4242	27	-63.9553
16.6162	27	-72.1865
16.8081	27	-82.3433
17	27	-111.436
-2	28	21.4688
-1.80808	28	21.4139
-1.61616	28	21.3516
-1.42424	28	21.2774
-1.23232	28	21.1899
-1.0404	28	21.0863
-0.848485	28	20.9583
-0.656566	28	20.8115
-0.464646	28	20.6614
-0.272727	28	20.5017
-0.0808081	28	20.3325
0.111111	28	20.1468
0.30303	28	19.9268
0.494949	28	19.6846
0.686869	28	19.4407
0.878788	28	19.187
1.07071	28	18.9323
1.26263	28	18.6647
1.45455	28	18.3666
1.64646	28	18.0545
1.83838	28	17.7421
2.0303	28	17.4253
2.22222	28	17.1125
2.41414	28	16.7885
2.60606	28	16.4471
2.79798	28	16.1051
2.9899	28	15.7605
3.18182	28	15.4164
3.37374	28	15.0762
3.56566	28	14.7234
3.75758	28	14.3651
3.94949	28	14.0083
4.14141	28	13.6493
4.33333	28	13.2946
4.52525	28	12.9339
4.71717	28	12.5675
4.90909	28	12.2007
5.10101	28	11.8332
5.29293	28	11.4659
5.48485	28	11.0992
5.67677	28	10.7252
5.86869	28	10.3488
6.06061	28	9.96983
6.25253	28	9.59181
6.44444	28	9.21173
6.63636	28	8.82689
6.82828	28	8.43417
7.0202	28	8.03872
7.21212	28	7.64144
7.40404	28	7.23937
7.59596	28	6.83227
7.78788	28	6.41742
7.9798	28	5.9964
8.17172	28	5.5688
8.36364	28	5.12637
8.55556	28	4.67612
8.74747	28	4.20763
8.93939	28	3.70498
9.13131	28	3.18885
9.32323	28	2.64772
9.51515	28	2.07013
9.70707	28	1.49441
9.89899	28	0.907035
10.0909	28	0.322702
10.2828	28	-0.249785
10.4747	28	-0.825685
10.6667	28	-1.3984
10.8586	28	-1.98518
11.0505	28	-2.59623
11.2424	28	-3.22304
11.4343	28	-3.87586
11.6263	28	-4.56483
11.8182	28	-5.30111
12.0101	28	-6.08533
12.202	28	-6.92521
12.3939	28	-7.82151
12.5859	28	-8.77794
12.7778	28	-9.80095
12.9697	28	-10.8965
13.1616	28	-12.0706
13.3535	28	-13.3331
13.5455	28	-14.6947
13.7374	28	-16.1653
13.9293	28	-17.7509
14.1212	28	-19.454
14.3131	28	-21.3006
14.5051	28	-23.3875
14.697	28	-25.8093
14.8889	28	-28.6742
15.0808	28	-31.6278
15.2727	28	-34.5412
15.4646	28	-37.7832
15.6566	28	-41.4576
15.8485	28	-45.6391
16.0404	28	-50.4781
16.2323	28	-56.1184
16.4242	28	-62.778
16.6162	28	-70.8328
16.8081	28	-80.8214
17	28	-109.661
-2	29	19.5413
-1.80808	29	19.1294
-1.61616	29	18.6855
-1.42424	29	18.2185
-1.23232	29	17.7614
-1.0404	29	17.3091
-0.848485	29	16.8232
-0.656566	29	16.2951
-0.464646	29	15.7624
-0.272727	29	15.255
-0.0808081	29	14.7257
0.111111	29	14.1395
0.30303	29	13.5139
0.494949	29	12.9223
0.686869	29	12.3399
0.878788	29	11.7021
1.07071	29	10.9839
1.26263	29	10.2663
1.45455	29	9.60334
1.64646	29	8.90988
1.83838	29	8.12038
2.0303	29	7.24825
2.22222	29	6.44966
2.41414	29	5.67204
2.60606	29	4.82683
2.79798	29	3.8243
2.9899	29	2.81323
3.18182	29	1.89501
3.37374	29	0.961952
3.56566	29	-0.109688
3.75758	29	-1.37032
3.94949	29	-2.51086
4.14141	29	-3.63001
4.33333	29	-4.76497
4.52525	29	-6.18364
4.71717	29	-7.68372
4.90909	29	-9.05808
5.10101	29	-10.4308
5.29293	29	-11.8831
5.48485	29	-13.7819
5.67677	29	-15.498
5.86869	29	-17.3218
6.06061	29	-18.9924
6.25253	29	-20.9673
6.44444	29	-23.4597
6.63636	29	-25.5239
6.82828	29	-28.0599
7.0202	29	2.44894
7.21212	29	2.63
7.40404	29	2.79251
7.59596	29	2.90159
7.78788	29	2.90151
7.9798	29	2.90141
8.17172	29	2.87851
8.36364	29	2.72558
8.55556	29	2.55525
8.74747	29	2.36575
8.93939	29	2.15849
9.13131	29	1.93377
9.32323	29	1.69218
9.51515	29	1.43356
9.70707	29	1.15734
9.89899	29	0.862406
10.0909	29	0.547476
10.2828	29	0.211092
10.4747	29	-0.148543
10.6667	29	-0.533349
10.8586	29	-0.945572
11.0505	29	-1.38884
11.2424	29	-1.86558
11.4343	29	-2.3784
11.6263	29	-2.93075
11.8182	29	-3.52637
12.0101	29	-4.16922
12.202	29	-4.86419
12.3939	29	-5.61597
12.5859	29	-6.42927
12.7778	29	-7.31111
12.9697	29	-8.27889
13.1616	29	-9.36315
13.3535	29	-10.5323
13.5455	29	-11.8154
13.7374	29	-13.1768
13.9293	29	-14.6545
14.1212	29	-16.2584
14.3131	29	-18.0045
14.5051	29	-19.922
14.697	29	-22.0787
14.8889	29	-24.4609
15.0808	29	-27.0957
15.2727	29	-30.0721
15.4646	29	-33.3361
15.6566	29	-37.0182
15.8485	29	-41.2638
16.0404	29	-45.9933
16.2323	29	-51.5704
16.4242	29	-58.2368
16.6162	29	-66.1907
16.8081	29	-76.1003
17	29	-109.027
