27.8843
28.1376
28.3909
28.6442
28.8974
29.1507
29.404
29.6573
29.9106
30.1639
30.4171
30.6704
30.9237
31.177
31.4303
31.6836
31.9369
32.1901
32.4434
32.6967
32.95
33.2033
33.4566
33.7098
33.9631
34.2164
34.4697
34.723
34.9763
35.2296
35.4828
35.7361
35.9894
36.2427
36.496
36.7493
37.0025
37.2558
37.5091
37.7624
38.0157
38.269
38.5222
38.7755
39.0288
39.2821
39.5354
39.7887
40.042
40.2952
40.5485
40.8018
41.0551
41.3084
41.5617
41.8149
42.0682
42.3215
42.5748
42.8281
43.0814
43.3347
43.5879
43.8412
44.0945
44.3478
44.6011
44.8544
45.1076
45.3609
45.6142
45.8675
46.1208
46.3741
46.6273
46.8806
47.1339
47.3872
47.6405
47.8938
48.1471
48.4003
48.6536
48.9069
49.1602
49.4135
49.6668
49.92
50.1733
50.4266
50.6799
50.9332
51.1865
51.4398
51.693
51.9463
52.1996
52.4529
52.7062
52.9595
