-4	0	27.295
-3.87879	0	27.4162
-3.75758	0	27.5374
-3.63636	0	27.6411
-3.51515	0	27.7356
-3.39394	0	27.8382
-3.27273	0	27.8962
-3.15152	0	27.9203
-3.0303	0	27.9193
-2.90909	0	27.8477
-2.78788	0	27.8068
-2.66667	0	27.83
-2.54545	0	27.8597
-2.42424	0	27.8651
-2.30303	0	27.8608
-2.18182	0	27.9117
-2.06061	0	27.9387
-1.93939	0	27.9756
-1.81818	0	27.9967
-1.69697	0	27.989
-1.57576	0	27.9566
-1.45455	0	27.9095
-1.33333	0	27.7926
-1.21212	0	27.6469
-1.09091	0	27.2065
-0.969697	0	26.6787
-0.848485	0	26.3027
-0.727273	0	26.1011
-0.606061	0	25.9669
-0.484848	0	25.8426
-0.363636	0	25.7109
-0.242424	0	25.569
-0.121212	0	25.4182
4.82164e-16	0	25.2621
0.121212	0	25.0999
0.242424	0	24.9259
0.363636	0	24.7429
0.484848	0	24.5593
0.606061	0	24.3729
0.727273	0	24.1781
0.848485	0	23.9761
0.969697	0	23.783
1.09091	0	23.5939
1.21212	0	23.4093
1.33333	0	23.2316
1.45455	0	23.0562
1.57576	0	22.8809
1.69697	0	22.7035
1.81818	0	22.5236
1.93939	0	22.3412
2.06061	0	22.1589
2.18182	0	21.9765
2.30303	0	21.794
2.42424	0	21.6118
2.54545	0	21.4301
2.66667	0	21.2446
2.78788	0	21.0578
2.90909	0	20.8724
3.0303	0	20.6885
3.15152	0	20.5055
3.27273	0	20.323
3.39394	0	20.1405
3.51515	0	19.9582
3.63636	0	19.7759
3.75758	0	19.5931
3.87879	0	19.4083
4	0	19.2225
4.12121	0	19.0371
4.24242	0	18.8521
4.36364	0	18.6675
4.48485	0	18.4832
4.60606	0	18.2921
4.72727	0	18.0989
4.84848	0	17.9047
4.9697	0	17.7092
5.09091	0	17.5131
5.21212	0	17.3086
5.33333	0	17.0952
5.45455	0	16.8749
5.57576	0	16.6442
5.69697	0	16.3936
5.81818	0	16.1167
5.93939	0	15.8087
6.06061	0	15.4526
6.18182	0	15.0448
6.30303	0	14.5437
6.42424	0	13.9435
6.54545	0	13.1658
6.66667	0	12.24
6.78788	0	11.1023
6.90909	0	9.64522
7.0303	0	7.72179
7.15152	0	4.89727
7.27273	0	-2.52369
7.39394	0	-7.05693
7.51515	0	-12.9838
7.63636	0	-20.7693
7.75758	0	-30.9937
7.87879	0	-44.4478
8	0	-62.1638
-4	1	26.8596
-3.87879	1	26.9808
-3.75758	1	27.102
-3.63636	1	27.2158
-3.51515	1	27.3243
-3.39394	1	27.4264
-3.27273	1	27.4967
-3.15152	1	27.533
-3.0303	1	27.5409
-2.90909	1	27.4812
-2.78788	1	27.4478
-2.66667	1	27.4714
-2.54545	1	27.506
-2.42424	1	27.5236
-2.30303	1	27.5341
-2.18182	1	27.6003
-2.06061	1	27.6435
-1.93939	1	27.6971
-1.81818	1	27.7414
-1.69697	1	27.7691
-1.57576	1	27.7838
-1.45455	1	27.785
-1.33333	1	27.6896
-1.21212	1	27.5519
-1.09091	1	27.1048
-0.969697	1	26.5519
-0.848485	1	26.1416
-0.727273	1	25.9264
-0.606061	1	25.7938
-0.484848	1	25.6749
-0.363636	1	25.5495
-0.242424	1	25.4127
-0.121212	1	25.2656
4.82164e-16	1	25.1124
0.121212	1	24.952
0.242424	1	24.7774
0.363636	1	24.5916
0.484848	1	24.4046
0.606061	1	24.2137
0.727273	1	24.0118
0.848485	1	23.8002
0.969697	1	23.5989
1.09091	1	23.4023
1.21212	1	23.2113
1.33333	1	23.0294
1.45455	1	22.8525
1.57576	1	22.6768
1.69697	1	22.4988
1.81818	1	22.318
1.93939	1	22.1342
2.06061	1	21.9495
2.18182	1	21.7643
2.30303	1	21.5788
2.42424	1	21.3934
2.54545	1	21.2084
2.66667	1	21.0199
2.78788	1	20.8302
2.90909	1	20.6419
3.0303	1	20.4554
3.15152	1	20.2702
3.27273	1	20.0857
3.39394	1	19.9017
3.51515	1	19.7183
3.63636	1	19.535
3.75758	1	19.3512
3.87879	1	19.1652
4	1	18.9773
4.12121	1	18.7899
4.24242	1	18.603
4.36364	1	18.4166
4.48485	1	18.2308
4.60606	1	18.0389
4.72727	1	17.8449
4.84848	1	17.6497
4.9697	1	17.4534
5.09091	1	17.2565
5.21212	1	17.0526
5.33333	1	16.8404
5.45455	1	16.6208
5.57576	1	16.3917
5.69697	1	16.1444
5.81818	1	15.8724
5.93939	1	15.5729
6.06061	1	15.2274
6.18182	1	14.8349
6.30303	1	14.3586
6.42424	1	13.7818
6.54545	1	13.028
6.66667	1	12.1311
6.78788	1	11.0097
6.90909	1	9.55888
7.0303	1	7.63684
7.15152	1	4.81253
7.27273	1	-2.60845
7.39394	1	-7.14168
7.51515	1	-13.0685
7.63636	1	-20.8541
7.75758	1	-31.0784
7.87879	1	-44.5325
8	1	-62.2485
-4	2	26.591
-3.87879	2	26.7122
-3.75758	2	26.8335
-3.63636	2	26.9456
-3.51515	2	27.0534
-3.39394	2	27.1641
-3.27273	2	27.237
-3.15152	2	27.2777
-3.0303	2	27.2794
-2.90909	2	27.2227
-2.78788	2	27.193
-2.66667	2	27.2212
-2.54545	2	27.2614
-2.42424	2	27.2898
-2.30303	2	27.3148
-2.18182	2	27.3947
-2.06061	2	27.4498
-1.93939	2	27.5147
-1.81818	2	27.5728
-1.69697	2	27.6156
-1.57576	2	27.6084
-1.45455	2	27.4763
-1.33333	2	27.3227
-1.21212	2	27.1722
-1.09091	2	26.736
-0.969697	2	26.2229
-0.848485	2	25.8663
-0.727273	2	25.6726
-0.606061	2	25.5394
-0.484848	2	25.4156
-0.363636	2	25.2813
-0.242424	2	25.1344
-0.121212	2	24.9796
4.82164e-16	2	24.8209
0.121212	2	24.6543
0.242424	2	24.477
0.363636	2	24.2929
0.484848	2	24.1084
0.606061	2	23.9221
0.727273	2	23.7294
0.848485	2	23.5302
0.969697	2	23.3396
1.09091	2	23.1527
1.21212	2	22.9695
1.33333	2	22.7922
1.45455	2	22.6165
1.57576	2	22.4402
1.69697	2	22.2616
1.81818	2	22.0805
1.93939	2	21.8968
2.06061	2	21.7135
2.18182	2	21.5306
2.30303	2	21.3475
2.42424	2	21.1647
2.54545	2	20.9825
2.66667	2	20.7966
2.78788	2	20.6094
2.90909	2	20.4235
3.0303	2	20.2393
3.15152	2	20.0558
3.27273	2	19.8725
3.39394	2	19.6894
3.51515	2	19.5064
3.63636	2	19.3233
3.75758	2	19.1396
3.87879	2	18.954
4	2	18.7673
4.12121	2	18.5813
4.24242	2	18.3955
4.36364	2	18.2101
4.48485	2	18.0253
4.60606	2	17.8339
4.72727	2	17.6403
4.84848	2	17.4456
4.9697	2	17.2498
5.09091	2	17.0535
5.21212	2	16.8498
5.33333	2	16.6368
5.45455	2	16.4162
5.57576	2	16.1878
5.69697	2	15.94
5.81818	2	15.6641
5.93939	2	15.3635
6.06061	2	15.0108
6.18182	2	14.6133
6.30303	2	14.108
6.42424	2	13.5164
6.54545	2	12.7363
6.66667	2	11.7848
6.78788	2	10.6292
6.90909	2	9.1668
7.0303	2	7.24296
7.15152	2	4.41861
7.27273	2	-3.00237
7.39394	2	-7.5356
7.51515	2	-13.4625
7.63636	2	-21.248
7.75758	2	-31.4724
7.87879	2	-44.9265
8	2	-62.6425
-4	3	26.4455
-3.87879	3	26.5667
-3.75758	3	26.6879
-3.63636	3	26.7935
-3.51515	3	26.8903
-3.39394	3	26.9897
-3.27273	3	27.051
-3.15152	3	27.092
-3.0303	3	27.1002
-2.90909	3	27.0504
-2.78788	3	27.0246
-2.66667	3	27.0559
-2.54545	3	27.1028
-2.42424	3	27.1419
-2.30303	3	27.1787
-2.18182	3	27.2698
-2.06061	3	27.334
-1.93939	3	27.4065
-1.81818	3	27.4725
-1.69697	3	27.4944
-1.57576	3	27.3264
-1.45455	3	27.1629
-1.33333	3	27.0231
-1.21212	3	26.88
-1.09091	3	26.4561
-0.969697	3	25.9717
-0.848485	3	25.6437
-0.727273	3	25.4589
-0.606061	3	25.3241
-0.484848	3	25.1919
-0.363636	3	25.0479
-0.242424	3	24.8962
-0.121212	3	24.7384
4.82164e-16	3	24.5752
0.121212	3	24.4078
0.242424	3	24.2331
0.363636	3	24.0525
0.484848	3	23.8725
0.606061	3	23.6918
0.727273	3	23.5054
0.848485	3	23.3134
0.969697	3	23.1285
1.09091	3	22.9463
1.21212	3	22.7668
1.33333	3	22.592
1.45455	3	22.4169
1.57576	3	22.2409
1.69697	3	22.0629
1.81818	3	21.8828
1.93939	3	21.7007
2.06061	3	21.5197
2.18182	3	21.3392
2.30303	3	21.1586
2.42424	3	20.9782
2.54545	3	20.7983
2.66667	3	20.6146
2.78788	3	20.4295
2.90909	3	20.2457
3.0303	3	20.0633
3.15152	3	19.8813
3.27273	3	19.6994
3.39394	3	19.5174
3.51515	3	19.3352
3.63636	3	19.1528
3.75758	3	18.9697
3.87879	3	18.7849
4	3	18.5999
4.12121	3	18.4154
4.24242	3	18.2311
4.36364	3	18.0469
4.48485	3	17.8631
4.60606	3	17.6724
4.72727	3	17.4795
4.84848	3	17.2857
4.9697	3	17.0907
5.09091	3	16.8948
5.21212	3	16.6909
5.33333	3	16.4771
5.45455	3	16.2566
5.57576	3	16.0278
5.69697	3	15.7773
5.81818	3	15.5002
5.93939	3	15.1927
6.06061	3	14.8345
6.18182	3	14.4246
6.30303	3	13.9015
6.42424	3	13.2837
6.54545	3	12.475
6.66667	3	11.498
6.78788	3	10.3323
6.90909	3	8.86666
7.0303	3	6.94265
7.15152	3	4.11833
7.27273	3	-3.30266
7.39394	3	-7.83588
7.51515	3	-13.7627
7.63636	3	-21.5483
7.75758	3	-31.7726
7.87879	3	-45.2267
8	3	-62.9427
-4	4	26.3173
-3.87879	4	26.4385
-3.75758	4	26.5597
-3.63636	4	26.6646
-3.51515	4	26.7596
-3.39394	4	26.8553
-3.27273	4	26.9245
-3.15152	4	26.9635
-3.0303	4	26.9643
-2.90909	4	26.9126
-2.78788	4	26.8904
-2.66667	4	26.9279
-2.54545	4	26.9829
-2.42424	4	27.0314
-2.30303	4	27.0808
-2.18182	4	27.181
-2.06061	4	27.2521
-1.93939	4	27.3299
-1.81818	4	27.3913
-1.69697	4	27.2533
-1.57576	4	27.0347
-1.45455	4	26.8975
-1.33333	4	26.7692
-1.21212	4	26.6298
-1.09091	4	26.2152
-0.969697	4	25.751
-0.848485	4	25.4419
-0.727273	4	25.2621
-0.606061	4	25.1219
-0.484848	4	24.9823
-0.363636	4	24.8347
-0.242424	4	24.6807
-0.121212	4	24.5198
4.82164e-16	4	24.3567
0.121212	4	24.1917
0.242424	4	24.0196
0.363636	4	23.8428
0.484848	4	23.6671
0.606061	4	23.4903
0.727273	4	23.3081
0.848485	4	23.121
0.969697	4	22.9397
1.09091	4	22.7608
1.21212	4	22.584
1.33333	4	22.4114
1.45455	4	22.2372
1.57576	4	22.0619
1.69697	4	21.885
1.81818	4	21.7062
1.93939	4	21.5256
2.06061	4	21.3468
2.18182	4	21.1683
2.30303	4	20.9897
2.42424	4	20.8112
2.54545	4	20.6333
2.66667	4	20.4514
2.78788	4	20.268
2.90909	4	20.086
3.0303	4	19.905
3.15152	4	19.7243
3.27273	4	19.5438
3.39394	4	19.3626
3.51515	4	19.1813
3.63636	4	18.9997
3.75758	4	18.8173
3.87879	4	18.6333
4	4	18.4497
4.12121	4	18.2666
4.24242	4	18.0835
4.36364	4	17.9005
4.48485	4	17.7178
4.60606	4	17.5276
4.72727	4	17.3352
4.84848	4	17.1424
4.9697	4	16.9482
5.09091	4	16.7526
5.21212	4	16.5484
5.33333	4	16.3339
5.45455	4	16.1138
5.57576	4	15.8841
5.69697	4	15.6314
5.81818	4	15.3537
5.93939	4	15.0389
6.06061	4	14.6765
6.18182	4	14.2542
6.30303	4	13.7217
6.42424	4	13.0781
6.54545	4	12.2419
6.66667	4	11.2477
6.78788	4	10.0767
6.90909	4	8.6085
7.0303	4	6.68383
7.15152	4	3.85949
7.27273	4	-3.56151
7.39394	4	-8.09472
7.51515	4	-14.0216
7.63636	4	-21.8071
7.75758	4	-32.0315
7.87879	4	-45.4856
8	4	-63.2016
-4	5	26.2001
-3.87879	5	26.3213
-3.75758	5	26.4425
-3.63636	5	26.5442
-3.51515	5	26.6331
-3.39394	5	26.7202
-3.27273	5	26.7893
-3.15152	5	26.8275
-3.0303	5	26.8318
-2.90909	5	26.791
-2.78788	5	26.7788
-2.66667	5	26.8243
-2.54545	5	26.887
-2.42424	5	26.9449
-2.30303	5	27.004
-2.18182	5	27.1105
-2.06061	5	27.1866
-1.93939	5	27.266
-1.81818	5	27.2125
-1.69697	5	26.9614
-1.57576	5	26.7796
-1.45455	5	26.6631
-1.33333	5	26.5403
-1.21212	5	26.4022
-1.09091	5	25.9938
-0.969697	5	25.5438
-0.848485	5	25.2465
-0.727273	5	25.0664
-0.606061	5	24.9214
-0.484848	5	24.779
-0.363636	5	24.6301
-0.242424	5	24.4741
-0.121212	5	24.3138
4.82164e-16	5	24.1534
0.121212	5	23.9907
0.242424	5	23.8216
0.363636	5	23.6484
0.484848	5	23.4758
0.606061	5	23.3019
0.727273	5	23.1227
0.848485	5	22.9391
0.969697	5	22.7606
1.09091	5	22.5842
1.21212	5	22.4097
1.33333	5	22.2391
1.45455	5	22.066
1.57576	5	21.8916
1.69697	5	21.7158
1.81818	5	21.5382
1.93939	5	21.3591
2.06061	5	21.182
2.18182	5	21.0052
2.30303	5	20.8281
2.42424	5	20.6513
2.54545	5	20.475
2.66667	5	20.2945
2.78788	5	20.1125
2.90909	5	19.9318
3.0303	5	19.752
3.15152	5	19.5725
3.27273	5	19.3931
3.39394	5	19.2127
3.51515	5	19.032
3.63636	5	18.8512
3.75758	5	18.6694
3.87879	5	18.4861
4	5	18.3037
4.12121	5	18.1217
4.24242	5	17.9396
4.36364	5	17.7577
4.48485	5	17.5759
4.60606	5	17.3861
4.72727	5	17.1941
4.84848	5	17.002
4.9697	5	16.8084
5.09091	5	16.613
5.21212	5	16.4085
5.33333	5	16.1934
5.45455	5	15.9735
5.57576	5	15.7429
5.69697	5	15.4884
5.81818	5	15.2102
5.93939	5	14.8883
6.06061	5	14.5223
6.18182	5	14.0883
6.30303	5	13.552
6.42424	5	12.8848
6.54545	5	12.0227
6.66667	5	11.0175
6.78788	5	9.84417
6.90909	5	8.37436
7.0303	5	6.4489
7.15152	5	3.62451
7.27273	5	-3.79649
7.39394	5	-8.3297
7.51515	5	-14.2566
7.63636	5	-22.0421
7.75758	5	-32.2665
7.87879	5	-45.7206
8	5	-63.4366
-4	6	26.0638
-3.87879	6	26.185
-3.75758	6	26.3062
-3.63636	6	26.4082
-3.51515	6	26.4974
-3.39394	6	26.5843
-3.27273	6	26.6571
-3.15152	6	26.7062
-3.0303	6	26.7178
-2.90909	6	26.6851
-2.78788	6	26.6819
-2.66667	6	26.7338
-2.54545	6	26.8023
-2.42424	6	26.8665
-2.30303	6	26.9314
-2.18182	6	27.0402
-2.06061	6	27.1184
-1.93939	6	27.1272
-1.81818	6	26.8817
-1.69697	6	26.6846
-1.57576	6	26.5472
-1.45455	6	26.4419
-1.33333	6	26.321
-1.21212	6	26.1829
-1.09091	6	25.7768
-0.969697	6	25.3319
-0.848485	6	25.0356
-0.727273	6	24.8529
-0.606061	6	24.7075
-0.484848	6	24.5663
-0.363636	6	24.4176
-0.242424	6	24.264
-0.121212	6	24.1082
4.82164e-16	6	23.9511
0.121212	6	23.7919
0.242424	6	23.6261
0.363636	6	23.4558
0.484848	6	23.2857
0.606061	6	23.1138
0.727273	6	22.9367
0.848485	6	22.7557
0.969697	6	22.5793
1.09091	6	22.4048
1.21212	6	22.2322
1.33333	6	22.0632
1.45455	6	21.8909
1.57576	6	21.7173
1.69697	6	21.5424
1.81818	6	21.3657
1.93939	6	21.1877
2.06061	6	21.0118
2.18182	6	20.8361
2.30303	6	20.6601
2.42424	6	20.4845
2.54545	6	20.3093
2.66667	6	20.1297
2.78788	6	19.9486
2.90909	6	19.7689
3.0303	6	19.5898
3.15152	6	19.411
3.27273	6	19.2324
3.39394	6	19.0525
3.51515	6	18.8724
3.63636	6	18.692
3.75758	6	18.5108
3.87879	6	18.3281
4	6	18.1464
4.12121	6	17.9652
4.24242	6	17.7839
4.36364	6	17.6028
4.48485	6	17.4216
4.60606	6	17.2317
4.72727	6	17.0399
4.84848	6	16.8481
4.9697	6	16.6549
5.09091	6	16.4594
5.21212	6	16.2541
5.33333	6	16.0383
5.45455	6	15.8183
5.57576	6	15.5854
5.69697	6	15.3287
5.81818	6	15.0484
5.93939	6	14.7185
6.06061	6	14.3469
6.18182	6	13.8986
6.30303	6	13.3591
6.42424	6	12.6689
6.54545	6	11.7886
6.66667	6	10.7867
6.78788	6	9.619
6.90909	6	8.14984
7.0303	6	6.22623
7.15152	6	3.40199
7.27273	6	-4.01901
7.39394	6	-8.55222
7.51515	6	-14.4791
7.63636	6	-22.2646
7.75758	6	-32.489
7.87879	6	-45.9431
8	6	-63.6591
-4	7	25.9807
-3.87879	7	26.102
-3.75758	7	26.2232
-3.63636	7	26.3278
-3.51515	7	26.4191
-3.39394	7	26.4954
-3.27273	7	26.559
-3.15152	7	26.6033
-3.0303	7	26.6133
-2.90909	7	26.5871
-2.78788	7	26.5932
-2.66667	7	26.6513
-2.54545	7	26.7231
-2.42424	7	26.7924
-2.30303	7	26.8615
-2.18182	7	26.9701
-2.06061	7	26.9989
-1.93939	7	26.7606
-1.81818	7	26.5783
-1.69697	7	26.4533
-1.57576	7	26.334
-1.45455	7	26.2316
-1.33333	7	26.1108
-1.21212	7	25.9726
-1.09091	7	25.5674
-0.969697	7	25.1222
-0.848485	7	24.8245
-0.727273	7	24.6424
-0.606061	7	24.4977
-0.484848	7	24.3577
-0.363636	7	24.2123
-0.242424	7	24.0627
-0.121212	7	23.9102
4.82164e-16	7	23.7563
0.121212	7	23.5995
0.242424	7	23.4358
0.363636	7	23.2676
0.484848	7	23.0991
0.606061	7	22.9287
0.727273	7	22.7534
0.848485	7	22.5744
0.969697	7	22.3994
1.09091	7	22.2262
1.21212	7	22.0548
1.33333	7	21.8864
1.45455	7	21.715
1.57576	7	21.5423
1.69697	7	21.3681
1.81818	7	21.1922
1.93939	7	21.015
2.06061	7	20.8397
2.18182	7	20.6646
2.30303	7	20.4895
2.42424	7	20.315
2.54545	7	20.1407
2.66667	7	19.9618
2.78788	7	19.7812
2.90909	7	19.6017
3.0303	7	19.4229
3.15152	7	19.2446
3.27273	7	19.0665
3.39394	7	18.8875
3.51515	7	18.7082
3.63636	7	18.5286
3.75758	7	18.3484
3.87879	7	18.1665
4	7	17.9853
4.12121	7	17.8043
4.24242	7	17.6232
4.36364	7	17.4424
4.48485	7	17.2611
4.60606	7	17.0712
4.72727	7	16.8796
4.84848	7	16.6872
4.9697	7	16.4936
5.09091	7	16.2985
5.21212	7	16.0919
5.33333	7	15.8756
5.45455	7	15.6547
5.57576	7	15.417
5.69697	7	15.157
5.81818	7	14.8686
5.93939	7	14.5333
6.06061	7	14.1479
6.18182	7	13.6841
6.30303	7	13.1184
6.42424	7	12.418
6.54545	7	11.5488
6.66667	7	10.5606
6.78788	7	9.40046
6.90909	7	7.93734
7.0303	7	6.01409
7.15152	7	3.18987
7.27273	7	-4.23113
7.39394	7	-8.76434
7.51515	7	-14.6912
7.63636	7	-22.4767
7.75758	7	-32.7011
7.87879	7	-46.1552
8	7	-63.8712
-4	8	25.882
-3.87879	8	26.0032
-3.75758	8	26.1244
-3.63636	8	26.2276
-3.51515	8	26.3178
-3.39394	8	26.3997
-3.27273	8	26.4645
-3.15152	8	26.5101
-3.0303	8	26.5214
-2.90909	8	26.4982
-2.78788	8	26.5088
-2.66667	8	26.57
-2.54545	8	26.6454
-2.42424	8	26.7192
-2.30303	8	26.7915
-2.18182	8	26.8694
-2.06061	8	26.6358
-1.93939	8	26.4447
-1.81818	8	26.3493
-1.69697	8	26.2446
-1.57576	8	26.1289
-1.45455	8	26.0269
-1.33333	8	25.9062
-1.21212	8	25.7679
-1.09091	8	25.3617
-0.969697	8	24.9151
-0.848485	8	24.6177
-0.727273	8	24.4361
-0.606061	8	24.2939
-0.484848	8	24.1573
-0.363636	8	24.0151
-0.242424	8	23.8685
-0.121212	8	23.7183
4.82164e-16	8	23.5659
0.121212	8	23.4103
0.242424	8	23.2479
0.363636	8	23.0809
0.484848	8	22.9135
0.606061	8	22.7443
0.727273	8	22.5705
0.848485	8	22.3929
0.969697	8	22.219
1.09091	8	22.0466
1.21212	8	21.8761
1.33333	8	21.7082
1.45455	8	21.5373
1.57576	8	21.3651
1.69697	8	21.1914
1.81818	8	21.016
1.93939	8	20.8394
2.06061	8	20.6643
2.18182	8	20.4895
2.30303	8	20.3151
2.42424	8	20.1413
2.54545	8	19.9677
2.66667	8	19.7892
2.78788	8	19.6091
2.90909	8	19.4297
3.0303	8	19.2513
3.15152	8	19.0735
3.27273	8	18.8956
3.39394	8	18.7171
3.51515	8	18.5383
3.63636	8	18.3594
3.75758	8	18.1798
3.87879	8	17.9987
4	8	17.8177
4.12121	8	17.6367
4.24242	8	17.4557
4.36364	8	17.2752
4.48485	8	17.094
4.60606	8	16.904
4.72727	8	16.7125
4.84848	8	16.5197
4.9697	8	16.3256
5.09091	8	16.131
5.21212	8	15.9228
5.33333	8	15.7059
5.45455	8	15.4842
5.57576	8	15.2428
5.69697	8	14.98
5.81818	8	14.6854
5.93939	8	14.345
6.06061	8	13.9487
6.18182	8	13.4739
6.30303	8	12.8941
6.42424	8	12.1921
6.54545	8	11.3309
6.66667	8	10.3506
6.78788	8	9.19416
6.90909	8	7.73243
7.0303	8	5.80924
7.15152	8	2.98502
7.27273	8	-4.43598
7.39394	8	-8.96919
7.51515	8	-14.896
7.63636	8	-22.6816
7.75758	8	-32.9059
7.87879	8	-46.3601
8	8	-64.076
-4	9	25.7839
-3.87879	9	25.9051
-3.75758	9	26.0264
-3.63636	9	26.1305
-3.51515	9	26.2217
-3.39394	9	26.3013
-3.27273	9	26.3709
-3.15152	9	26.4185
-3.0303	9	26.4331
-2.90909	9	26.4167
-2.78788	9	26.435
-2.66667	9	26.5007
-2.54545	9	26.5796
-2.42424	9	26.6572
-2.30303	9	26.7258
-2.18182	9	26.5739
-2.06061	9	26.3216
-1.93939	9	26.2233
-1.81818	9	26.15
-1.69697	9	26.0487
-1.57576	9	25.9336
-1.45455	9	25.8316
-1.33333	9	25.7108
-1.21212	9	25.5721
-1.09091	9	25.1667
-0.969697	9	24.7225
-0.848485	9	24.4263
-0.727273	9	24.2461
-0.606061	9	24.1057
-0.484848	9	23.9706
-0.363636	9	23.8299
-0.242424	9	23.6847
-0.121212	9	23.5354
4.82164e-16	9	23.3838
0.121212	9	23.229
0.242424	9	23.0675
0.363636	9	22.9015
0.484848	9	22.7352
0.606061	9	22.5672
0.727273	9	22.3948
0.848485	9	22.2185
0.969697	9	22.0455
1.09091	9	21.8741
1.21212	9	21.7044
1.33333	9	21.5372
1.45455	9	21.3669
1.57576	9	21.1953
1.69697	9	21.022
1.81818	9	20.8472
1.93939	9	20.6712
2.06061	9	20.4966
2.18182	9	20.3222
2.30303	9	20.1484
2.42424	9	19.9753
2.54545	9	19.8024
2.66667	9	19.6245
2.78788	9	19.4449
2.90909	9	19.2658
3.0303	9	19.0878
3.15152	9	18.9105
3.27273	9	18.7331
3.39394	9	18.5549
3.51515	9	18.3767
3.63636	9	18.1982
3.75758	9	18.0193
3.87879	9	17.8387
4	9	17.6579
4.12121	9	17.4771
4.24242	9	17.2964
4.36364	9	17.1163
4.48485	9	16.9353
4.60606	9	16.7453
4.72727	9	16.5539
4.84848	9	16.3609
4.9697	9	16.1665
5.09091	9	15.9725
5.21212	9	15.7631
5.33333	9	15.5458
5.45455	9	15.3235
5.57576	9	15.0797
5.69697	9	14.8149
5.81818	9	14.5162
5.93939	9	14.1715
6.06061	9	13.7675
6.18182	9	13.2843
6.30303	9	12.696
6.42424	9	11.991
6.54545	9	11.1302
6.66667	9	10.1518
6.78788	9	8.99655
6.90909	9	7.53514
7.0303	9	5.61198
7.15152	9	2.78777
7.27273	9	-4.63323
7.39394	9	-9.16644
7.51515	9	-15.0933
7.63636	9	-22.8788
7.75758	9	-33.1032
7.87879	9	-46.5573
8	9	-64.2733
-4	10	25.6907
-3.87879	10	25.8119
-3.75758	10	25.9331
-3.63636	10	26.0375
-3.51515	10	26.1294
-3.39394	10	26.2112
-3.27273	10	26.2789
-3.15152	10	26.3279
-3.0303	10	26.3499
-2.90909	10	26.3456
-2.78788	10	26.3749
-2.66667	10	26.4468
-2.54545	10	26.5306
-2.42424	10	26.6117
-2.30303	10	26.5877
-2.18182	10	26.2914
-2.06061	10	26.1013
-1.93939	10	26.0275
-1.81818	10	25.9577
-1.69697	10	25.8571
-1.57576	10	25.7423
-1.45455	10	25.6403
-1.33333	10	25.5192
-1.21212	10	25.3803
-1.09091	10	24.9763
-0.969697	10	24.5342
-0.848485	10	24.2398
-0.727273	10	24.0611
-0.606061	10	23.9213
-0.484848	10	23.7868
-0.363636	10	23.6469
-0.242424	10	23.5022
-0.121212	10	23.3536
4.82164e-16	10	23.2026
0.121212	10	23.0484
0.242424	10	22.8877
0.363636	10	22.7226
0.484848	10	22.5572
0.606061	10	22.3901
0.727273	10	22.2187
0.848485	10	22.0436
0.969697	10	21.8716
1.09091	10	21.7011
1.21212	10	21.5323
1.33333	10	21.3657
1.45455	10	21.1959
1.57576	10	21.0248
1.69697	10	20.852
1.81818	10	20.6777
1.93939	10	20.5023
2.06061	10	20.3282
2.18182	10	20.1544
2.30303	10	19.9811
2.42424	10	19.8086
2.54545	10	19.6362
2.66667	10	19.4589
2.78788	10	19.2797
2.90909	10	19.1011
3.0303	10	18.9234
3.15152	10	18.7466
3.27273	10	18.5695
3.39394	10	18.3917
3.51515	10	18.2139
3.63636	10	18.0358
3.75758	10	17.8572
3.87879	10	17.677
4	10	17.4966
4.12121	10	17.3162
4.24242	10	17.1358
4.36364	10	16.956
4.48485	10	16.7752
4.60606	10	16.5855
4.72727	10	16.3943
4.84848	10	16.2016
4.9697	10	16.0073
5.09091	10	15.8135
5.21212	10	15.6041
5.33333	10	15.3868
5.45455	10	15.1645
5.57576	10	14.9203
5.69697	10	14.655
5.81818	10	14.3554
5.93939	10	14.0092
6.06061	10	13.6029
6.18182	10	13.1153
6.30303	10	12.5207
6.42424	10	11.8069
6.54545	10	10.9401
6.66667	10	9.9591
6.78788	10	8.80327
6.90909	10	7.34186
7.0303	10	5.41873
7.15152	10	2.59453
7.27273	10	-4.82648
7.39394	10	-9.35969
7.51515	10	-15.2865
7.63636	10	-23.0721
7.75758	10	-33.2964
7.87879	10	-46.7505
8	10	-64.4665
-4	11	25.6006
-3.87879	11	25.7218
-3.75758	11	25.843
-3.63636	11	25.9483
-3.51515	11	26.042
-3.39394	11	26.1265
-3.27273	11	26.2004
-3.15152	11	26.2529
-3.0303	11	26.2803
-2.90909	11	26.2867
-2.78788	11	26.326
-2.66667	11	26.4041
-2.54545	11	26.4917
-2.42424	11	26.569
-2.30303	11	26.3388
-2.18182	11	26.0513
-2.06061	11	25.9087
-1.93939	11	25.8435
-1.81818	11	25.7739
-1.69697	11	25.6732
-1.57576	11	25.5585
-1.45455	11	25.4562
-1.33333	11	25.3345
-1.21212	11	25.1955
-1.09091	11	24.7931
-0.969697	11	24.3539
-0.848485	11	24.0622
-0.727273	11	23.8843
-0.606061	11	23.7447
-0.484848	11	23.6104
-0.363636	11	23.4708
-0.242424	11	23.3265
-0.121212	11	23.1783
4.82164e-16	11	23.0279
0.121212	11	22.8743
0.242424	11	22.7143
0.363636	11	22.5501
0.484848	11	22.3857
0.606061	11	22.2195
0.727273	11	22.0492
0.848485	11	21.8753
0.969697	11	21.7045
1.09091	11	21.5349
1.21212	11	21.367
1.33333	11	21.2013
1.45455	11	21.032
1.57576	11	20.8615
1.69697	11	20.6893
1.81818	11	20.5157
1.93939	11	20.3408
2.06061	11	20.1674
2.18182	11	19.9943
2.30303	11	19.8217
2.42424	11	19.6498
2.54545	11	19.478
2.66667	11	19.3012
2.78788	11	19.1225
2.90909	11	18.9444
3.0303	11	18.7673
3.15152	11	18.5909
3.27273	11	18.4143
3.39394	11	18.237
3.51515	11	18.0595
3.63636	11	17.8817
3.75758	11	17.7035
3.87879	11	17.5237
4	11	17.3437
4.12121	11	17.1637
4.24242	11	16.9838
4.36364	11	16.8043
4.48485	11	16.6239
4.60606	11	16.4345
4.72727	11	16.2436
4.84848	11	16.0511
4.9697	11	15.8573
5.09091	11	15.6635
5.21212	11	15.4544
5.33333	11	15.2373
5.45455	11	15.0152
5.57576	11	14.7709
5.69697	11	14.5054
5.81818	11	14.2057
5.93939	11	13.8586
6.06061	11	13.4512
6.18182	11	12.96
6.30303	11	12.3594
6.42424	11	11.6346
6.54545	11	10.7588
6.66667	11	9.77325
6.78788	11	8.61616
6.90909	11	7.15458
7.0303	11	5.23147
7.15152	11	2.40727
7.27273	11	-5.01374
7.39394	11	-9.54694
7.51515	11	-15.4738
7.63636	11	-23.2593
7.75758	11	-33.4837
7.87879	11	-46.9378
8	11	-64.6538
-4	12	25.5311
-3.87879	12	25.6524
-3.75758	12	25.7736
-3.63636	12	25.8788
-3.51515	12	25.9722
-3.39394	12	26.0558
-3.27273	12	26.1285
-3.15152	12	26.1826
-3.0303	12	26.2168
-2.90909	12	26.2338
-2.78788	12	26.2813
-2.66667	12	26.3637
-2.54545	12	26.4541
-2.42424	12	26.4481
-2.30303	12	26.0421
-2.18182	12	25.8365
-2.06061	12	25.7232
-1.93939	12	25.6608
-1.81818	12	25.5906
-1.69697	12	25.4897
-1.57576	12	25.375
-1.45455	12	25.2725
-1.33333	12	25.1507
-1.21212	12	25.0117
-1.09091	12	24.6098
-0.969697	12	24.1718
-0.848485	12	23.8818
-0.727273	12	23.7051
-0.606061	12	23.566
-0.484848	12	23.4324
-0.363636	12	23.2932
-0.242424	12	23.1494
-0.121212	12	23.0016
4.82164e-16	12	22.8515
0.121212	12	22.6984
0.242424	12	22.5391
0.363636	12	22.3755
0.484848	12	22.2118
0.606061	12	22.0462
0.727273	12	21.8767
0.848485	12	21.7037
0.969697	12	21.5336
1.09091	12	21.3648
1.21212	12	21.1975
1.33333	12	21.0323
1.45455	12	20.8636
1.57576	12	20.6934
1.69697	12	20.5217
1.81818	12	20.3484
1.93939	12	20.174
2.06061	12	20.0011
2.18182	12	19.8285
2.30303	12	19.6563
2.42424	12	19.4849
2.54545	12	19.3135
2.66667	12	19.1371
2.78788	12	18.9588
2.90909	12	18.7811
3.0303	12	18.6044
3.15152	12	18.4283
3.27273	12	18.252
3.39394	12	18.075
3.51515	12	17.8978
3.63636	12	17.7203
3.75758	12	17.5423
3.87879	12	17.3627
4	12	17.1831
4.12121	12	17.0035
4.24242	12	16.8238
4.36364	12	16.6446
4.48485	12	16.4645
4.60606	12	16.2753
4.72727	12	16.0847
4.84848	12	15.8926
4.9697	12	15.699
5.09091	12	15.5053
5.21212	12	15.2967
5.33333	12	15.0797
5.45455	12	14.8578
5.57576	12	14.6139
5.69697	12	14.3487
5.81818	12	14.0496
5.93939	12	13.7025
6.06061	12	13.2955
6.18182	12	12.8031
6.30303	12	12.1995
6.42424	12	11.4659
6.54545	12	10.5814
6.66667	12	9.59062
6.78788	12	8.43187
6.90909	12	6.97
7.0303	12	5.04688
7.15152	12	2.22269
7.27273	12	-5.19832
7.39394	12	-9.73152
7.51515	12	-15.6584
7.63636	12	-23.4439
7.75758	12	-33.6683
7.87879	12	-47.1224
8	12	-64.8384
-4	13	25.4571
-3.87879	13	25.5783
-3.75758	13	25.6995
-3.63636	13	25.8051
-3.51515	13	25.8993
-3.39394	13	25.9843
-3.27273	13	26.0604
-3.15152	13	26.1183
-3.0303	13	26.1593
-2.90909	13	26.186
-2.78788	13	26.2407
-2.66667	13	26.3269
-2.54545	13	26.4133
-2.42424	13	26.1908
-2.30303	13	25.7567
-2.18182	13	25.643
-2.06061	13	25.544
-1.93939	13	25.4811
-1.81818	13	25.4097
-1.69697	13	25.3086
-1.57576	13	25.1937
-1.45455	13	25.0909
-1.33333	13	24.969
-1.21212	13	24.8301
-1.09091	13	24.4285
-0.969697	13	23.9912
-0.848485	13	23.7027
-0.727273	13	23.5271
-0.606061	13	23.389
-0.484848	13	23.2559
-0.363636	13	23.1172
-0.242424	13	22.9737
-0.121212	13	22.8263
4.82164e-16	13	22.6766
0.121212	13	22.5239
0.242424	13	22.3651
0.363636	13	22.2021
0.484848	13	22.0389
0.606061	13	21.874
0.727273	13	21.7051
0.848485	13	21.5328
0.969697	13	21.3634
1.09091	13	21.1952
1.21212	13	21.0285
1.33333	13	20.8639
1.45455	13	20.6955
1.57576	13	20.5257
1.69697	13	20.3543
1.81818	13	20.1814
1.93939	13	20.0074
2.06061	13	19.835
2.18182	13	19.6629
2.30303	13	19.4911
2.42424	13	19.32
2.54545	13	19.149
2.66667	13	18.9729
2.78788	13	18.795
2.90909	13	18.6177
3.0303	13	18.4413
3.15152	13	18.2655
3.27273	13	18.0895
3.39394	13	17.9128
3.51515	13	17.7358
3.63636	13	17.5586
3.75758	13	17.3808
3.87879	13	17.2013
4	13	17.0221
4.12121	13	16.8428
4.24242	13	16.6634
4.36364	13	16.4844
4.48485	13	16.3045
4.60606	13	16.1156
4.72727	13	15.9252
4.84848	13	15.7334
4.9697	13	15.5402
5.09091	13	15.3465
5.21212	13	15.1383
5.33333	13	14.9215
5.45455	13	14.6999
5.57576	13	14.4564
5.69697	13	14.1915
5.81818	13	13.8932
5.93939	13	13.5462
6.06061	13	13.1401
6.18182	13	12.6471
6.30303	13	12.0421
6.42424	13	11.3011
6.54545	13	10.4078
6.66667	13	9.41133
6.78788	13	8.25057
6.90909	13	6.78826
7.0303	13	4.86515
7.15152	13	2.04095
7.27273	13	-5.38005
7.39394	13	-9.91326
7.51515	13	-15.8401
7.63636	13	-23.6257
7.75758	13	-33.85
7.87879	13	-47.3041
8	13	-65.0201
-4	14	25.3848
-3.87879	14	25.506
-3.75758	14	25.6272
-3.63636	14	25.7332
-3.51515	14	25.8282
-3.39394	14	25.9153
-3.27273	14	25.9937
-3.15152	14	26.0553
-3.0303	14	26.1025
-2.90909	14	26.1386
-2.78788	14	26.1999
-2.66667	14	26.2877
-2.54545	14	26.2639
-2.42424	14	25.8398
-2.30303	14	25.498
-2.18182	14	25.4611
-2.06061	14	25.3673
-1.93939	14	25.3021
-1.81818	14	25.2293
-1.69697	14	25.1278
-1.57576	14	25.0126
-1.45455	14	24.9096
-1.33333	14	24.788
-1.21212	14	24.6492
-1.09091	14	24.2475
-0.969697	14	23.8107
-0.848485	14	23.5236
-0.727273	14	23.3495
-0.606061	14	23.2123
-0.484848	14	23.0799
-0.363636	14	22.9416
-0.242424	14	22.7984
-0.121212	14	22.6513
4.82164e-16	14	22.5019
0.121212	14	22.3496
0.242424	14	22.1912
0.363636	14	22.0287
0.484848	14	21.866
0.606061	14	21.7016
0.727273	14	21.5332
0.848485	14	21.3616
0.969697	14	21.1927
1.09091	14	21.025
1.21212	14	20.8587
1.33333	14	20.6944
1.45455	14	20.5263
1.57576	14	20.3569
1.69697	14	20.1858
1.81818	14	20.0132
1.93939	14	19.8395
2.06061	14	19.6675
2.18182	14	19.4957
2.30303	14	19.3242
2.42424	14	19.1535
2.54545	14	18.9827
2.66667	14	18.807
2.78788	14	18.6293
2.90909	14	18.4524
3.0303	14	18.2762
3.15152	14	18.1006
3.27273	14	17.9249
3.39394	14	17.7484
3.51515	14	17.5717
3.63636	14	17.3946
3.75758	14	17.217
3.87879	14	17.0378
4	14	16.8588
4.12121	14	16.6797
4.24242	14	16.5005
4.36364	14	16.3218
4.48485	14	16.1421
4.60606	14	15.9533
4.72727	14	15.7631
4.84848	14	15.5714
4.9697	14	15.3784
5.09091	14	15.1849
5.21212	14	14.9767
5.33333	14	14.76
5.45455	14	14.5385
5.57576	14	14.295
5.69697	14	14.0301
5.81818	14	13.7317
5.93939	14	13.3844
6.06061	14	12.9779
6.18182	14	12.4836
6.30303	14	11.8765
6.42424	14	11.1307
6.54545	14	10.2322
6.66667	14	9.23234
6.78788	14	8.07036
6.90909	14	6.60775
7.0303	14	4.68463
7.15152	14	1.86044
7.27273	14	-5.56057
7.39394	14	-10.0938
7.51515	14	-16.0206
7.63636	14	-23.8062
7.75758	14	-34.0305
7.87879	14	-47.4846
8	14	-65.2006
-4	15	25.3079
-3.87879	15	25.4291
-3.75758	15	25.5503
-3.63636	15	25.6577
-3.51515	15	25.7552
-3.39394	15	25.8452
-3.27273	15	25.9246
-3.15152	15	25.9906
-3.0303	15	26.0436
-2.90909	15	26.0876
-2.78788	15	26.1538
-2.66667	15	26.2169
-2.54545	15	25.8978
-2.42424	15	25.5135
-2.30303	15	25.2805
-2.18182	15	25.2834
-2.06061	15	25.1895
-1.93939	15	25.122
-1.81818	15	25.0484
-1.69697	15	24.9465
-1.57576	15	24.8312
-1.45455	15	24.7285
-1.33333	15	24.6074
-1.21212	15	24.4689
-1.09091	15	24.0669
-0.969697	15	23.6302
-0.848485	15	23.3443
-0.727273	15	23.1715
-0.606061	15	23.0354
-0.484848	15	22.9036
-0.363636	15	22.7655
-0.242424	15	22.6224
-0.121212	15	22.4755
4.82164e-16	15	22.3263
0.121212	15	22.1742
0.242424	15	22.0161
0.363636	15	21.854
0.484848	15	21.6916
0.606061	15	21.5274
0.727273	15	21.3593
0.848485	15	21.188
0.969697	15	21.0194
1.09091	15	20.8519
1.21212	15	20.6859
1.33333	15	20.5218
1.45455	15	20.3539
1.57576	15	20.1846
1.69697	15	20.0137
1.81818	15	19.8413
1.93939	15	19.6678
2.06061	15	19.4959
2.18182	15	19.3242
2.30303	15	19.153
2.42424	15	18.9824
2.54545	15	18.8119
2.66667	15	18.6363
2.78788	15	18.4588
2.90909	15	18.282
3.0303	15	18.106
3.15152	15	17.9305
3.27273	15	17.755
3.39394	15	17.5787
3.51515	15	17.4021
3.63636	15	17.2252
3.75758	15	17.0478
3.87879	15	16.8687
4	15	16.6898
4.12121	15	16.5108
4.24242	15	16.3318
4.36364	15	16.1532
4.48485	15	15.9735
4.60606	15	15.7849
4.72727	15	15.5947
4.84848	15	15.4031
4.9697	15	15.21
5.09091	15	15.0166
5.21212	15	14.8083
5.33333	15	14.5915
5.45455	15	14.3699
5.57576	15	14.1259
5.69697	15	13.8606
5.81818	15	13.5613
5.93939	15	13.2131
6.06061	15	12.8047
6.18182	15	12.3083
6.30303	15	11.6983
6.42424	15	10.9512
6.54545	15	10.0529
6.66667	15	9.05319
6.78788	15	7.89128
6.90909	15	6.42867
7.0303	15	4.50553
7.15152	15	1.68134
7.27273	15	-5.73967
7.39394	15	-10.2729
7.51515	15	-16.1997
7.63636	15	-23.9853
7.75758	15	-34.2096
7.87879	15	-47.6637
8	15	-65.3797
-4	16	25.2331
-3.87879	16	25.3543
-3.75758	16	25.4755
-3.63636	16	25.5835
-3.51515	16	25.682
-3.39394	16	25.7735
-3.27273	16	25.8566
-3.15152	16	25.9275
-3.0303	16	25.987
-2.90909	16	26.0375
-2.78788	16	26.1014
-2.66667	16	25.9264
-2.54545	16	25.5107
-2.42424	16	25.2713
-2.30303	16	25.0897
-2.18182	16	25.1117
-2.06061	16	25.015
-1.93939	16	24.9447
-1.81818	16	24.8698
-1.69697	16	24.7673
-1.57576	16	24.6521
-1.45455	16	24.5499
-1.33333	16	24.429
-1.21212	16	24.2909
-1.09091	16	23.889
-0.969697	16	23.4528
-0.848485	16	23.1681
-0.727273	16	22.9963
-0.606061	16	22.8607
-0.484848	16	22.7291
-0.363636	16	22.591
-0.242424	16	22.448
-0.121212	16	22.3012
4.82164e-16	16	22.1522
0.121212	16	22.0002
0.242424	16	21.8423
0.363636	16	21.6804
0.484848	16	21.5182
0.606061	16	21.3543
0.727273	16	21.1865
0.848485	16	21.0155
0.969697	16	20.847
1.09091	16	20.6797
1.21212	16	20.5138
1.33333	16	20.3499
1.45455	16	20.1821
1.57576	16	20.0129
1.69697	16	19.8422
1.81818	16	19.6699
1.93939	16	19.4966
2.06061	16	19.3248
2.18182	16	19.1532
2.30303	16	18.9821
2.42424	16	18.8118
2.54545	16	18.6415
2.66667	16	18.466
2.78788	16	18.2887
2.90909	16	18.1119
3.0303	16	17.936
3.15152	16	17.7608
3.27273	16	17.5853
3.39394	16	17.4091
3.51515	16	17.2327
3.63636	16	17.056
3.75758	16	16.8788
3.87879	16	16.6999
4	16	16.5211
4.12121	16	16.3421
4.24242	16	16.1631
4.36364	16	15.9846
4.48485	16	15.8051
4.60606	16	15.6164
4.72727	16	15.4263
4.84848	16	15.2346
4.9697	16	15.0415
5.09091	16	14.8483
5.21212	16	14.6396
5.33333	16	14.4227
5.45455	16	14.201
5.57576	16	13.9562
5.69697	16	13.6904
5.81818	16	13.3898
5.93939	16	13.0404
6.06061	16	12.6295
6.18182	16	12.1306
6.30303	16	11.5177
6.42424	16	10.7708
6.54545	16	9.87409
6.66667	16	8.8756
6.78788	16	7.71406
6.90909	16	6.25146
7.0303	16	4.32829
7.15152	16	1.5041
7.27273	16	-5.91691
7.39394	16	-10.4501
7.51515	16	-16.377
7.63636	16	-24.1625
7.75758	16	-34.3869
7.87879	16	-47.841
8	16	-65.557
-4	17	25.1591
-3.87879	17	25.2803
-3.75758	17	25.4015
-3.63636	17	25.5104
-3.51515	17	25.6105
-3.39394	17	25.7052
-3.27273	17	25.7923
-3.15152	17	25.8679
-3.0303	17	25.932
-2.90909	17	25.9867
-2.78788	17	25.9239
-2.66667	17	25.4968
-2.54545	17	25.234
-2.42424	17	25.0762
-2.30303	17	24.9095
-2.18182	17	24.9466
-2.06061	17	24.846
-1.93939	17	24.772
-1.81818	17	24.6952
-1.69697	17	24.5919
-1.57576	17	24.4768
-1.45455	17	24.3747
-1.33333	17	24.254
-1.21212	17	24.1163
-1.09091	17	23.7147
-0.969697	17	23.2794
-0.848485	17	22.996
-0.727273	17	22.8247
-0.606061	17	22.6892
-0.484848	17	22.5575
-0.363636	17	22.4194
-0.242424	17	22.2763
-0.121212	17	22.1295
4.82164e-16	17	21.9806
0.121212	17	21.8287
0.242424	17	21.671
0.363636	17	21.5093
0.484848	17	21.3473
0.606061	17	21.1836
0.727273	17	21.0161
0.848485	17	20.8452
0.969697	17	20.6769
1.09091	17	20.5097
1.21212	17	20.3439
1.33333	17	20.18
1.45455	17	20.0124
1.57576	17	19.8434
1.69697	17	19.6727
1.81818	17	19.5007
1.93939	17	19.3275
2.06061	17	19.1558
2.18182	17	18.9842
2.30303	17	18.8133
2.42424	17	18.6431
2.54545	17	18.473
2.66667	17	18.2977
2.78788	17	18.1205
2.90909	17	17.9438
3.0303	17	17.768
3.15152	17	17.5929
3.27273	17	17.4176
3.39394	17	17.2415
3.51515	17	17.0653
3.63636	17	16.8887
3.75758	17	16.7117
3.87879	17	16.533
4	17	16.3543
4.12121	17	16.1753
4.24242	17	15.9964
4.36364	17	15.818
4.48485	17	15.6385
4.60606	17	15.4499
4.72727	17	15.2598
4.84848	17	15.068
4.9697	17	14.8747
5.09091	17	14.6818
5.21212	17	14.4726
5.33333	17	14.2556
5.45455	17	14.0337
5.57576	17	13.7882
5.69697	17	13.5217
5.81818	17	13.2198
5.93939	17	12.869
6.06061	17	12.4555
6.18182	17	11.9541
6.30303	17	11.339
6.42424	17	10.5933
6.54545	17	9.69851
6.66667	17	8.70098
6.78788	17	7.53955
6.90909	17	6.07681
7.0303	17	4.15361
7.15152	17	1.32942
7.27273	17	-6.09159
7.39394	17	-10.6248
7.51515	17	-16.5517
7.63636	17	-24.3372
7.75758	17	-34.5615
7.87879	17	-48.0157
8	17	-65.7316
-4	18	25.0991
-3.87879	18	25.2203
-3.75758	18	25.3415
-3.63636	18	25.4518
-3.51515	18	25.5545
-3.39394	18	25.6518
-3.27273	18	25.7421
-3.15152	18	25.8224
-3.0303	18	25.8932
-2.90909	18	25.9436
-2.78788	18	25.6478
-2.66667	18	25.2278
-2.54545	18	25.0388
-2.42424	18	24.8976
-2.30303	18	24.7336
-2.18182	18	24.7881
-2.06061	18	24.6828
-1.93939	18	24.6043
-1.81818	18	24.5248
-1.69697	18	24.4206
-1.57576	18	24.3051
-1.45455	18	24.2026
-1.33333	18	24.0819
-1.21212	18	23.9442
-1.09091	18	23.543
-0.969697	18	23.1085
-0.848485	18	22.8256
-0.727273	18	22.6546
-0.606061	18	22.519
-0.484848	18	22.3872
-0.363636	18	22.2489
-0.242424	18	22.1059
-0.121212	18	21.9591
4.82164e-16	18	21.8102
0.121212	18	21.6584
0.242424	18	21.5008
0.363636	18	21.3393
0.484848	18	21.1775
0.606061	18	21.014
0.727273	18	20.8467
0.848485	18	20.6761
0.969697	18	20.5081
1.09091	18	20.3412
1.21212	18	20.1757
1.33333	18	20.012
1.45455	18	19.8446
1.57576	18	19.6757
1.69697	18	19.5053
1.81818	18	19.3334
1.93939	18	19.1604
2.06061	18	18.989
2.18182	18	18.8177
2.30303	18	18.647
2.42424	18	18.477
2.54545	18	18.307
2.66667	18	18.1319
2.78788	18	17.9549
2.90909	18	17.7784
3.0303	18	17.6028
3.15152	18	17.4279
3.27273	18	17.2527
3.39394	18	17.0768
3.51515	18	16.9007
3.63636	18	16.7242
3.75758	18	16.5473
3.87879	18	16.3687
4	18	16.1901
4.12121	18	16.0114
4.24242	18	15.8327
4.36364	18	15.6544
4.48485	18	15.4751
4.60606	18	15.2866
4.72727	18	15.0968
4.84848	18	14.9052
4.9697	18	14.7123
5.09091	18	14.5193
5.21212	18	14.3107
5.33333	18	14.094
5.45455	18	13.8724
5.57576	18	13.6277
5.69697	18	13.3619
5.81818	18	13.0612
5.93939	18	12.7116
6.06061	18	12.3003
6.18182	18	11.8005
6.30303	18	11.186
6.42424	18	10.4359
6.54545	18	9.53462
6.66667	18	8.53157
6.78788	18	7.3678
6.90909	18	5.90443
7.0303	18	3.98117
7.15152	18	1.15698
7.27273	18	-6.26403
7.39394	18	-10.7972
7.51515	18	-16.7241
7.63636	18	-24.5096
7.75758	18	-34.734
7.87879	18	-48.1881
8	18	-65.9041
-4	19	25.0472
-3.87879	19	25.1684
-3.75758	19	25.2896
-3.63636	19	25.4012
-3.51515	19	25.506
-3.39394	19	25.6058
-3.27273	19	25.7003
-3.15152	19	25.7857
-3.0303	19	25.8627
-2.90909	19	25.8455
-2.78788	19	25.3811
-2.66667	19	25.0112
-2.54545	19	24.856
-2.42424	19	24.7207
-2.30303	19	24.5579
-2.18182	19	24.6332
-2.06061	19	24.5223
-1.93939	19	24.4386
-1.81818	19	24.3555
-1.69697	19	24.25
-1.57576	19	24.1337
-1.45455	19	24.0307
-1.33333	19	23.9097
-1.21212	19	23.772
-1.09091	19	23.3713
-0.969697	19	22.9374
-0.848485	19	22.6548
-0.727273	19	22.484
-0.606061	19	22.3483
-0.484848	19	22.2163
-0.363636	19	22.0778
-0.242424	19	21.9346
-0.121212	19	21.7878
4.82164e-16	19	21.6389
0.121212	19	21.4872
0.242424	19	21.3297
0.363636	19	21.1684
0.484848	19	21.0068
0.606061	19	20.8435
0.727273	19	20.6763
0.848485	19	20.506
0.969697	19	20.3384
1.09091	19	20.1718
1.21212	19	20.0067
1.33333	19	19.8434
1.45455	19	19.6762
1.57576	19	19.5075
1.69697	19	19.3373
1.81818	19	19.1656
1.93939	19	18.9929
2.06061	19	18.8218
2.18182	19	18.651
2.30303	19	18.4805
2.42424	19	18.3106
2.54545	19	18.1408
2.66667	19	17.9659
2.78788	19	17.7892
2.90909	19	17.6131
3.0303	19	17.4377
3.15152	19	17.2629
3.27273	19	17.088
3.39394	19	16.9123
3.51515	19	16.7362
3.63636	19	16.5598
3.75758	19	16.3829
3.87879	19	16.2043
4	19	16.026
4.12121	19	15.8477
4.24242	19	15.6692
4.36364	19	15.4911
4.48485	19	15.312
4.60606	19	15.1239
4.72727	19	14.9342
4.84848	19	14.7432
4.9697	19	14.5507
5.09091	19	14.3576
5.21212	19	14.15
5.33333	19	13.9337
5.45455	19	13.7127
5.57576	19	13.4696
5.69697	19	13.2051
5.81818	19	12.9073
5.93939	19	12.5598
6.06061	19	12.1536
6.18182	19	11.658
6.30303	19	11.0484
6.42424	19	10.2927
6.54545	19	9.37923
6.66667	19	8.36514
6.78788	19	7.19649
6.90909	19	5.73166
7.0303	19	3.80833
7.15152	19	0.984139
7.27273	19	-6.43687
7.39394	19	-10.9701
7.51515	19	-16.8969
7.63636	19	-24.6825
7.75758	19	-34.9068
7.87879	19	-48.3609
8	19	-66.0769
-4	20	25.0037
-3.87879	20	25.1249
-3.75758	20	25.2461
-3.63636	20	25.3588
-3.51515	20	25.4657
-3.39394	20	25.5684
-3.27273	20	25.6661
-3.15152	20	25.756
-3.0303	20	25.8371
-2.90909	20	25.6841
-2.78788	20	25.1466
-2.66667	20	24.8165
-2.54545	20	24.6772
-2.42424	20	24.5445
-2.30303	20	24.3824
-2.18182	20	24.4846
-2.06061	20	24.3668
-1.93939	20	24.2762
-1.81818	20	24.1883
-1.69697	20	24.0807
-1.57576	20	23.9634
-1.45455	20	23.8594
-1.33333	20	23.7379
-1.21212	20	23.5999
-1.09091	20	23.1998
-0.969697	20	22.7666
-0.848485	20	22.4842
-0.727273	20	22.3138
-0.606061	20	22.178
-0.484848	20	22.0456
-0.363636	20	21.9071
-0.242424	20	21.7637
-0.121212	20	21.6168
4.82164e-16	20	21.4679
0.121212	20	21.3163
0.242424	20	21.1589
0.363636	20	20.9977
0.484848	20	20.8363
0.606061	20	20.6732
0.727273	20	20.5062
0.848485	20	20.3364
0.969697	20	20.1692
1.09091	20	20.0031
1.21212	20	19.8384
1.33333	20	19.6756
1.45455	20	19.5087
1.57576	20	19.3402
1.69697	20	19.1703
1.81818	20	18.9989
1.93939	20	18.8264
2.06061	20	18.6559
2.18182	20	18.4855
2.30303	20	18.3153
2.42424	20	18.1456
2.54545	20	17.976
2.66667	20	17.8014
2.78788	20	17.625
2.90909	20	17.4494
3.0303	20	17.2744
3.15152	20	17.0998
3.27273	20	16.9252
3.39394	20	16.7496
3.51515	20	16.5736
3.63636	20	16.3972
3.75758	20	16.2202
3.87879	20	16.0416
4	20	15.8637
4.12121	20	15.6857
4.24242	20	15.5076
4.36364	20	15.3297
4.48485	20	15.1511
4.60606	20	14.9633
4.72727	20	14.7739
4.84848	20	14.5836
4.9697	20	14.3917
5.09091	20	14.1985
5.21212	20	13.9922
5.33333	20	13.7763
5.45455	20	13.556
5.57576	20	13.3156
5.69697	20	13.053
5.81818	20	12.7598
5.93939	20	12.4151
6.06061	20	12.0168
6.18182	20	11.529
6.30303	20	10.933
6.42424	20	10.1755
6.54545	20	9.24225
6.66667	20	8.20747
6.78788	20	7.02832
6.90909	20	5.5589
7.0303	20	3.63541
7.15152	20	0.811217
7.27273	20	-6.60979
7.39394	20	-11.143
7.51515	20	-17.0699
7.63636	20	-24.8554
7.75758	20	-35.0797
7.87879	20	-48.5339
8	20	-66.2499
-4	21	24.966
-3.87879	21	25.0872
-3.75758	21	25.2084
-3.63636	21	25.322
-3.51515	21	25.4304
-3.39394	21	25.5351
-3.27273	21	25.6357
-3.15152	21	25.7293
-3.0303	21	25.8039
-2.90909	21	25.4904
-2.78788	21	24.9297
-2.66667	21	24.63
-2.54545	21	24.5001
-2.42424	21	24.369
-2.30303	21	24.2074
-2.18182	21	24.3344
-2.06061	21	24.2107
-1.93939	21	24.1137
-1.81818	21	24.0212
-1.69697	21	23.9115
-1.57576	21	23.7932
-1.45455	21	23.6883
-1.33333	21	23.5661
-1.21212	21	23.428
-1.09091	21	23.0284
-0.969697	21	22.5954
-0.848485	21	22.3131
-0.727273	21	22.143
-0.606061	21	22.0073
-0.484848	21	21.8748
-0.363636	21	21.7362
-0.242424	21	21.5928
-0.121212	21	21.4458
4.82164e-16	21	21.2969
0.121212	21	21.1454
0.242424	21	20.988
0.363636	21	20.827
0.484848	21	20.6657
0.606061	21	20.5028
0.727273	21	20.336
0.848485	21	20.1664
0.969697	21	19.9997
1.09091	21	19.8341
1.21212	21	19.6698
1.33333	21	19.5077
1.45455	21	19.341
1.57576	21	19.1727
1.69697	21	19.003
1.81818	21	18.8319
1.93939	21	18.6597
2.06061	21	18.4897
2.18182	21	18.3197
2.30303	21	18.1497
2.42424	21	17.9802
2.54545	21	17.8108
2.66667	21	17.6365
2.78788	21	17.4605
2.90909	21	17.2854
3.0303	21	17.1108
3.15152	21	16.9366
3.27273	21	16.7622
3.39394	21	16.5865
3.51515	21	16.4105
3.63636	21	16.2341
3.75758	21	16.057
3.87879	21	15.8783
4	21	15.7006
4.12121	21	15.5231
4.24242	21	15.3453
4.36364	21	15.1678
4.48485	21	14.9897
4.60606	21	14.8023
4.72727	21	14.6132
4.84848	21	14.4236
4.9697	21	14.2325
5.09091	21	14.0393
5.21212	21	13.834
5.33333	21	13.6187
5.45455	21	13.3992
5.57576	21	13.1621
5.69697	21	12.9018
5.81818	21	12.6145
5.93939	21	12.2728
6.06061	21	11.8849
6.18182	21	11.4088
6.30303	21	10.8376
6.42424	21	10.0893
6.54545	21	9.13523
6.66667	21	8.0697
6.78788	21	6.87136
6.90909	21	5.38753
7.0303	21	3.46278
7.15152	21	0.638557
7.27273	21	-6.78245
7.39394	21	-11.3157
7.51515	21	-17.2425
7.63636	21	-25.0281
7.75758	21	-35.2524
7.87879	21	-48.7065
8	21	-66.4225
-4	22	24.9319
-3.87879	22	25.0531
-3.75758	22	25.1743
-3.63636	22	25.289
-3.51515	22	25.3992
-3.39394	22	25.5058
-3.27273	22	25.6089
-3.15152	22	25.7056
-3.0303	22	25.7302
-2.90909	22	25.2665
-2.78788	22	24.7156
-2.66667	22	24.4464
-2.54545	22	24.3241
-2.42424	22	24.1941
-2.30303	22	24.0329
-2.18182	22	24.177
-2.06061	22	24.0482
-1.93939	22	23.9467
-1.81818	22	23.8517
-1.69697	22	23.7408
-1.57576	22	23.6216
-1.45455	22	23.5163
-1.33333	22	23.394
-1.21212	22	23.2557
-1.09091	22	22.8559
-0.969697	22	22.4231
-0.848485	22	22.1406
-0.727273	22	21.9704
-0.606061	22	21.8349
-0.484848	22	21.7025
-0.363636	22	21.5639
-0.242424	22	21.4204
-0.121212	22	21.2734
4.82164e-16	22	21.1244
0.121212	22	20.9729
0.242424	22	20.8156
0.363636	22	20.6547
0.484848	22	20.4936
0.606061	22	20.3309
0.727273	22	20.1644
0.848485	22	19.995
0.969697	22	19.8285
1.09091	22	19.6632
1.21212	22	19.4991
1.33333	22	19.337
1.45455	22	19.1707
1.57576	22	19.0026
1.69697	22	18.8332
1.81818	22	18.6622
1.93939	22	18.4902
2.06061	22	18.3203
2.18182	22	18.1506
2.30303	22	17.9808
2.42424	22	17.8115
2.54545	22	17.6422
2.66667	22	17.4682
2.78788	22	17.2924
2.90909	22	17.1175
3.0303	22	16.9432
3.15152	22	16.7691
3.27273	22	16.5949
3.39394	22	16.4195
3.51515	22	16.2437
3.63636	22	16.0675
3.75758	22	15.8905
3.87879	22	15.712
4	22	15.5344
4.12121	22	15.357
4.24242	22	15.1793
4.36364	22	15.0018
4.48485	22	14.8237
4.60606	22	14.6369
4.72727	22	14.4481
4.84848	22	14.2588
4.9697	22	14.0679
5.09091	22	13.8752
5.21212	22	13.6708
5.33333	22	13.4563
5.45455	22	13.2372
5.57576	22	13.0022
5.69697	22	12.7435
5.81818	22	12.4579
5.93939	22	12.1228
6.06061	22	11.7392
6.18182	22	11.276
6.30303	22	10.7034
6.42424	22	9.97659
6.54545	22	9.03762
6.66667	22	7.94308
6.78788	22	6.71511
6.90909	22	5.22104
7.0303	22	3.29081
7.15152	22	0.466158
7.27273	22	-6.95485
7.39394	22	-11.4881
7.51515	22	-17.4149
7.63636	22	-25.2005
7.75758	22	-35.4248
7.87879	22	-48.8789
8	22	-66.5949
-4	23	24.8994
-3.87879	23	25.0206
-3.75758	23	25.1418
-3.63636	23	25.2573
-3.51515	23	25.3689
-3.39394	23	25.4775
-3.27273	23	25.5829
-3.15152	23	25.6806
-3.0303	23	25.5728
-2.90909	23	25.0115
-2.78788	23	24.5
-2.66667	23	24.2646
-2.54545	23	24.1491
-2.42424	23	24.02
-2.30303	23	23.8592
-2.18182	23	24.0169
-2.06061	23	23.8835
-1.93939	23	23.778
-1.81818	23	23.6813
-1.69697	23	23.5695
-1.57576	23	23.4496
-1.45455	23	23.3442
-1.33333	23	23.2221
-1.21212	23	23.0837
-1.09091	23	22.6836
-0.969697	23	22.2508
-0.848485	23	21.9683
-0.727273	23	21.798
-0.606061	23	21.6628
-0.484848	23	21.5307
-0.363636	23	21.3921
-0.242424	23	21.2486
-0.121212	23	21.1016
4.82164e-16	23	20.9527
0.121212	23	20.8012
0.242424	23	20.6439
0.363636	23	20.4831
0.484848	23	20.3222
0.606061	23	20.1598
0.727273	23	19.9936
0.848485	23	19.8244
0.969697	23	19.6582
1.09091	23	19.4931
1.21212	23	19.329
1.33333	23	19.167
1.45455	23	19.0009
1.57576	23	18.8332
1.69697	23	18.6639
1.81818	23	18.4932
1.93939	23	18.3213
2.06061	23	18.1514
2.18182	23	17.9819
2.30303	23	17.8123
2.42424	23	17.6431
2.54545	23	17.474
2.66667	23	17.3002
2.78788	23	17.1246
2.90909	23	16.9498
3.0303	23	16.7757
3.15152	23	16.6017
3.27273	23	16.4276
3.39394	23	16.2525
3.51515	23	16.077
3.63636	23	15.9011
3.75758	23	15.7244
3.87879	23	15.5461
4	23	15.3686
4.12121	23	15.1912
4.24242	23	15.0135
4.36364	23	14.8359
4.48485	23	14.6579
4.60606	23	14.4715
4.72727	23	14.2831
4.84848	23	14.0938
4.9697	23	13.903
5.09091	23	13.7108
5.21212	23	13.5073
5.33333	23	13.2936
5.45455	23	13.0746
5.57576	23	12.8411
5.69697	23	12.5843
5.81818	23	12.2989
5.93939	23	11.9707
6.06061	23	11.5898
6.18182	23	11.1387
6.30303	23	10.5623
6.42424	23	9.85936
6.54545	23	8.9456
6.66667	23	7.82727
6.78788	23	6.5607
6.90909	23	5.05023
7.0303	23	3.11902
7.15152	23	0.294413
7.27273	23	-7.12659
7.39394	23	-11.6598
7.51515	23	-17.5867
7.63636	23	-25.3722
7.75758	23	-35.5966
7.87879	23	-49.0507
8	23	-66.7667
-4	24	24.8642
-3.87879	24	24.9854
-3.75758	24	25.1066
-3.63636	24	25.2228
-3.51515	24	25.3355
-3.39394	24	25.4452
-3.27273	24	25.5517
-3.15152	24	25.6256
-3.0303	24	25.2848
-2.90909	24	24.7157
-2.78788	24	24.2825
-2.66667	24	24.085
-2.54545	24	23.9757
-2.42424	24	23.8475
-2.30303	24	23.687
-2.18182	24	23.8493
-2.06061	24	23.7125
-1.93939	24	23.6053
-1.81818	24	23.5084
-1.69697	24	23.3968
-1.57576	24	23.277
-1.45455	24	23.1721
-1.33333	24	23.0505
-1.21212	24	22.9123
-1.09091	24	22.5119
-0.969697	24	22.0788
-0.848485	24	21.7964
-0.727273	24	21.6263
-0.606061	24	21.4914
-0.484848	24	21.3597
-0.363636	24	21.2212
-0.242424	24	21.0777
-0.121212	24	20.9308
4.82164e-16	24	20.782
0.121212	24	20.6305
0.242424	24	20.4734
0.363636	24	20.3126
0.484848	24	20.1519
0.606061	24	19.9896
0.727273	24	19.8235
0.848485	24	19.6545
0.969697	24	19.4884
1.09091	24	19.3234
1.21212	24	19.1595
1.33333	24	18.9974
1.45455	24	18.8315
1.57576	24	18.6639
1.69697	24	18.4948
1.81818	24	18.3242
1.93939	24	18.1523
2.06061	24	17.9825
2.18182	24	17.8131
2.30303	24	17.6436
2.42424	24	17.4745
2.54545	24	17.3055
2.66667	24	17.1318
2.78788	24	16.9563
2.90909	24	16.7816
3.0303	24	16.6076
3.15152	24	16.4338
3.27273	24	16.2597
3.39394	24	16.0848
3.51515	24	15.9094
3.63636	24	15.7336
3.75758	24	15.5571
3.87879	24	15.3791
4	24	15.2015
4.12121	24	15.0241
4.24242	24	14.8465
4.36364	24	14.6689
4.48485	24	14.4909
4.60606	24	14.3047
4.72727	24	14.1165
4.84848	24	13.9273
4.9697	24	13.7366
5.09091	24	13.5446
5.21212	24	13.3416
5.33333	24	13.1283
5.45455	24	12.9094
5.57576	24	12.6767
5.69697	24	12.4211
5.81818	24	12.1358
5.93939	24	11.8115
6.06061	24	11.4321
6.18182	24	10.9879
6.30303	24	10.4117
6.42424	24	9.7236
6.54545	24	8.8255
6.66667	24	7.69652
6.78788	24	6.40417
6.90909	24	4.88109
7.0303	24	2.94854
7.15152	24	0.123955
7.27273	24	-7.29703
7.39394	24	-11.8303
7.51515	24	-17.7571
7.63636	24	-25.5427
7.75758	24	-35.767
7.87879	24	-49.2211
8	24	-66.9371
-4	25	24.8224
-3.87879	25	24.9436
-3.75758	25	25.0648
-3.63636	25	25.1813
-3.51515	25	25.2946
-3.39394	25	25.4055
-3.27273	25	25.5097
-3.15152	25	25.4064
-3.0303	25	24.9058
-2.90909	25	24.4372
-2.78788	25	24.0837
-2.66667	25	23.9106
-2.54545	25	23.8047
-2.42424	25	23.6769
-2.30303	25	23.5166
-2.18182	25	23.6692
-2.06061	25	23.5315
-1.93939	25	23.4269
-1.81818	25	23.3327
-1.69697	25	23.2227
-1.57576	25	23.1039
-1.45455	25	23.0004
-1.33333	25	22.8798
-1.21212	25	22.7422
-1.09091	25	22.3413
-0.969697	25	21.9075
-0.848485	25	21.625
-0.727273	25	21.4551
-0.606061	25	21.3205
-0.484848	25	21.1889
-0.363636	25	21.0505
-0.242424	25	20.9072
-0.121212	25	20.7604
4.82164e-16	25	20.6116
0.121212	25	20.4602
0.242424	25	20.303
0.363636	25	20.1423
0.484848	25	19.9815
0.606061	25	19.8191
0.727273	25	19.653
0.848485	25	19.4839
0.969697	25	19.3177
1.09091	25	19.1527
1.21212	25	18.9887
1.33333	25	18.8266
1.45455	25	18.6607
1.57576	25	18.4931
1.69697	25	18.324
1.81818	25	18.1534
1.93939	25	17.9815
2.06061	25	17.8116
2.18182	25	17.6422
2.30303	25	17.4728
2.42424	25	17.3036
2.54545	25	17.1346
2.66667	25	16.961
2.78788	25	16.7854
2.90909	25	16.6107
3.0303	25	16.4367
3.15152	25	16.2629
3.27273	25	16.0889
3.39394	25	15.9139
3.51515	25	15.7386
3.63636	25	15.5628
3.75758	25	15.3863
3.87879	25	15.2082
4	25	15.0307
4.12121	25	14.8533
4.24242	25	14.6757
4.36364	25	14.4981
4.48485	25	14.3201
4.60606	25	14.134
4.72727	25	13.9458
4.84848	25	13.7566
4.9697	25	13.5658
5.09091	25	13.3738
5.21212	25	13.1708
5.33333	25	12.9575
5.45455	25	12.7386
5.57576	25	12.5058
5.69697	25	12.2502
5.81818	25	11.9648
5.93939	25	11.6403
6.06061	25	11.2609
6.18182	25	10.8164
6.30303	25	10.2403
6.42424	25	9.55177
6.54545	25	8.65341
6.66667	25	7.52536
6.78788	25	6.23451
6.90909	25	4.71224
7.0303	25	2.7798
7.15152	25	-0.0447817
7.27273	25	-7.46577
7.39394	25	-11.999
7.51515	25	-17.9259
7.63636	25	-25.7114
7.75758	25	-35.9357
7.87879	25	-49.3899
8	25	-67.1058
-4	26	24.7766
-3.87879	26	24.8978
-3.75758	26	25.019
-3.63636	26	25.1358
-3.51515	26	25.2495
-3.39394	26	25.3598
-3.27273	26	25.393
-3.15152	26	24.9821
-3.0303	26	24.5729
-2.90909	26	24.2192
-2.78788	26	23.9054
-2.66667	26	23.7408
-2.54545	26	23.636
-2.42424	26	23.5085
-2.30303	26	23.3484
-2.18182	26	23.4768
-2.06061	26	23.342
-1.93939	26	23.2453
-1.81818	26	23.1563
-1.69697	26	23.0488
-1.57576	26	22.9322
-1.45455	26	22.8307
-1.33333	26	22.7111
-1.21212	26	22.5741
-1.09091	26	22.1726
-0.969697	26	21.7375
-0.848485	26	21.4541
-0.727273	26	21.2841
-0.606061	26	21.1493
-0.484848	26	21.0176
-0.363636	26	20.8793
-0.242424	26	20.736
-0.121212	26	20.5891
4.82164e-16	26	20.4402
0.121212	26	20.2887
0.242424	26	20.1313
0.363636	26	19.9703
0.484848	26	19.8092
0.606061	26	19.6465
0.727273	26	19.48
0.848485	26	19.3105
0.969697	26	19.144
1.09091	26	18.9787
1.21212	26	18.8145
1.33333	26	18.6523
1.45455	26	18.4862
1.57576	26	18.3184
1.69697	26	18.1492
1.81818	26	17.9785
1.93939	26	17.8065
2.06061	26	17.6367
2.18182	26	17.4671
2.30303	26	17.2975
2.42424	26	17.1283
2.54545	26	16.9592
2.66667	26	16.7854
2.78788	26	16.6098
2.90909	26	16.435
3.0303	26	16.2609
3.15152	26	16.0869
3.27273	26	15.9129
3.39394	26	15.7378
3.51515	26	15.5623
3.63636	26	15.3865
3.75758	26	15.2098
3.87879	26	15.0317
4	26	14.8541
4.12121	26	14.6768
4.24242	26	14.4991
4.36364	26	14.3215
4.48485	26	14.1435
4.60606	26	13.9572
4.72727	26	13.7689
4.84848	26	13.5796
4.9697	26	13.3888
5.09091	26	13.1966
5.21212	26	12.9931
5.33333	26	12.7794
5.45455	26	12.5604
5.57576	26	12.3268
5.69697	26	12.0699
5.81818	26	11.7843
5.93939	26	11.4564
6.06061	26	11.0754
6.18182	26	10.6248
6.30303	26	10.0486
6.42424	26	9.3476
6.54545	26	8.43685
6.66667	26	7.32043
6.78788	26	6.05423
6.90909	26	4.54416
7.0303	26	2.61314
7.15152	26	-0.211441
7.27273	26	-7.63244
7.39394	26	-12.1657
7.51515	26	-18.0925
7.63636	26	-25.8781
7.75758	26	-36.1024
7.87879	26	-49.5565
8	26	-67.2725
-4	27	24.7232
-3.87879	27	24.8444
-3.75758	27	24.9656
-3.63636	27	25.0823
-3.51515	27	25.1939
-3.39394	27	25.2759
-3.27273	27	24.9598
-3.15152	27	24.576
-3.0303	27	24.342
-2.90909	27	24.0397
-2.78788	27	23.7369
-2.66667	27	23.5742
-2.54545	27	23.4697
-2.42424	27	23.3423
-2.30303	27	23.1824
-2.18182	27	23.2735
-2.06061	27	23.149
-1.93939	27	23.0635
-1.81818	27	22.981
-1.69697	27	22.8773
-1.57576	27	22.7634
-1.45455	27	22.6635
-1.33333	27	22.5447
-1.21212	27	22.408
-1.09091	27	22.0055
-0.969697	27	21.5676
-0.848485	27	21.2816
-0.727273	27	21.1107
-0.606061	27	20.9754
-0.484848	27	20.8433
-0.363636	27	20.7049
-0.242424	27	20.5613
-0.121212	27	20.414
4.82164e-16	27	20.2648
0.121212	27	20.1127
0.242424	27	19.9547
0.363636	27	19.793
0.484848	27	19.6311
0.606061	27	19.4676
0.727273	27	19.3002
0.848485	27	19.1298
0.969697	27	18.9625
1.09091	27	18.7966
1.21212	27	18.6319
1.33333	27	18.4694
1.45455	27	18.303
1.57576	27	18.1349
1.69697	27	17.9655
1.81818	27	17.7945
1.93939	27	17.6224
2.06061	27	17.4523
2.18182	27	17.2824
2.30303	27	17.1126
2.42424	27	16.9431
2.54545	27	16.7737
2.66667	27	16.5997
2.78788	27	16.4238
2.90909	27	16.2488
3.0303	27	16.0744
3.15152	27	15.9002
3.27273	27	15.726
3.39394	27	15.5507
3.51515	27	15.375
3.63636	27	15.1989
3.75758	27	15.0221
3.87879	27	14.8437
4	27	14.6661
4.12121	27	14.4887
4.24242	27	14.311
4.36364	27	14.1334
4.48485	27	13.9553
4.60606	27	13.7686
4.72727	27	13.58
4.84848	27	13.3906
4.9697	27	13.1996
5.09091	27	13.007
5.21212	27	12.8026
5.33333	27	12.5882
5.45455	27	12.3688
5.57576	27	12.1336
5.69697	27	11.8749
5.81818	27	11.5885
5.93939	27	11.2547
6.06061	27	10.8708
6.18182	27	10.41
6.30303	27	9.83586
6.42424	27	9.11726
6.54545	27	8.19146
6.66667	27	7.1013
6.78788	27	5.87181
6.90909	27	4.3781
7.0303	27	2.44869
7.15152	27	-0.375874
7.27273	27	-7.79688
7.39394	27	-12.3301
7.51515	27	-18.2569
7.63636	27	-26.0425
7.75758	27	-36.2668
7.87879	27	-49.7209
8	27	-67.4369
-4	28	24.6434
-3.87879	28	24.7646
-3.75758	28	24.8858
-3.63636	28	24.997
-3.51515	28	25.055
-3.39394	28	24.6902
-3.27273	28	24.4428
-3.15152	28	24.331
-3.0303	28	24.1685
-2.90909	28	23.8767
-2.78788	28	23.5758
-2.66667	28	23.4135
-2.54545	28	23.3092
-2.42424	28	23.1819
-2.30303	28	23.0223
-2.18182	28	23.07
-2.06061	28	22.9628
-1.93939	28	22.8885
-1.81818	28	22.813
-1.69697	28	22.713
-1.57576	28	22.6011
-1.45455	28	22.5019
-1.33333	28	22.3834
-1.21212	28	22.2467
-1.09091	28	21.8414
-0.969697	28	21.3971
-0.848485	28	21.1052
-0.727273	28	20.9313
-0.606061	28	20.795
-0.484848	28	20.6626
-0.363636	28	20.5237
-0.242424	28	20.3796
-0.121212	28	20.2316
4.82164e-16	28	20.0815
0.121212	28	19.9285
0.242424	28	19.7692
0.363636	28	19.6059
0.484848	28	19.4425
0.606061	28	19.2774
0.727273	28	19.1083
0.848485	28	18.936
0.969697	28	18.767
1.09091	28	18.5995
1.21212	28	18.4335
1.33333	28	18.2699
1.45455	28	18.1027
1.57576	28	17.934
1.69697	28	17.7638
1.81818	28	17.5921
1.93939	28	17.4193
2.06061	28	17.2483
2.18182	28	17.0775
2.30303	28	16.9068
2.42424	28	16.7367
2.54545	28	16.5667
2.66667	28	16.3918
2.78788	28	16.2152
2.90909	28	16.0394
3.0303	28	15.8642
3.15152	28	15.6895
3.27273	28	15.5148
3.39394	28	15.3391
3.51515	28	15.1631
3.63636	28	14.9868
3.75758	28	14.8097
3.87879	28	14.6312
4	28	14.4531
4.12121	28	14.2751
4.24242	28	14.0969
4.36364	28	13.919
4.48485	28	13.7404
4.60606	28	13.553
4.72727	28	13.3638
4.84848	28	13.1736
4.9697	28	12.9819
5.09091	28	12.7888
5.21212	28	12.583
5.33333	28	12.3676
5.45455	28	12.1473
5.57576	28	11.9084
5.69697	28	11.6473
5.81818	28	11.356
5.93939	28	11.0173
6.06061	28	10.6249
6.18182	28	10.1523
6.30303	28	9.56738
6.42424	28	8.84278
6.54545	28	7.93531
6.66667	28	6.88865
6.78788	28	5.69204
6.90909	28	4.21495
7.0303	28	2.28973
7.15152	28	-0.534547
7.27273	28	-7.95556
7.39394	28	-12.4888
7.51515	28	-18.4156
7.63636	28	-26.2012
7.75758	28	-36.4255
7.87879	28	-49.8796
8	28	-67.5956
-4	29	24.538
-3.87879	29	24.6592
-3.75758	29	24.7804
-3.63636	29	24.7254
-3.51515	29	24.3588
-3.39394	29	24.2675
-3.27273	29	24.245
-3.15152	29	24.1692
-3.0303	29	24.0105
-2.90909	29	23.7194
-2.78788	29	23.4187
-2.66667	29	23.2566
-2.54545	29	23.1523
-2.42424	29	23.0252
-2.30303	29	22.8657
-2.18182	29	22.8977
-2.06061	29	22.7975
-1.93939	29	22.7269
-1.81818	29	22.6533
-1.69697	29	22.5539
-1.57576	29	22.442
-1.45455	29	22.3429
-1.33333	29	22.2243
-1.21212	29	22.0873
-1.09091	29	21.6781
-0.969697	29	21.2251
-0.848485	29	20.9251
-0.727273	29	20.748
-0.606061	29	20.6112
-0.484848	29	20.4789
-0.363636	29	20.3401
-0.242424	29	20.1957
-0.121212	29	20.047
4.82164e-16	29	19.896
0.121212	29	19.7419
0.242424	29	19.581
0.363636	29	19.4158
0.484848	29	19.2506
0.606061	29	19.0836
0.727273	29	18.9124
0.848485	29	18.7376
0.969697	29	18.5666
1.09091	29	18.3973
1.21212	29	18.2296
1.33333	29	18.0646
1.45455	29	17.8963
1.57576	29	17.7267
1.69697	29	17.5556
1.81818	29	17.3829
1.93939	29	17.209
2.06061	29	17.0368
2.18182	29	16.8649
2.30303	29	16.6931
2.42424	29	16.5219
2.54545	29	16.3508
2.66667	29	16.1751
2.78788	29	15.9975
2.90909	29	15.8209
3.0303	29	15.645
3.15152	29	15.4696
3.27273	29	15.2941
3.39394	29	15.1178
3.51515	29	14.9412
3.63636	29	14.7644
3.75758	29	14.5868
3.87879	29	14.4077
4	29	14.229
4.12121	29	14.0504
4.24242	29	13.8717
4.36364	29	13.6932
4.48485	29	13.5141
4.60606	29	13.3264
4.72727	29	13.1368
4.84848	29	12.9461
4.9697	29	12.7539
5.09091	29	12.5605
5.21212	29	12.3544
5.33333	29	12.1388
5.45455	29	11.9177
5.57576	29	11.6792
5.69697	29	11.4185
5.81818	29	11.1275
5.93939	29	10.7912
6.06061	29	10.4012
6.18182	29	9.93549
6.30303	29	9.3576
6.42424	29	8.65106
6.54545	29	7.76192
6.66667	29	6.72678
6.78788	29	5.53491
6.90909	29	4.05932
7.0303	29	2.13411
7.15152	29	-0.690163
7.27273	29	-8.11117
7.39394	29	-12.6444
7.51515	29	-18.5712
7.63636	29	-26.3568
7.75758	29	-36.5811
7.87879	29	-50.0352
8	29	-67.7512
