18.697
18.9733
19.2496
19.5259
19.8022
20.0785
20.3549
20.6312
20.9075
21.1838
21.4601
21.7364
22.0127
22.289
22.5653
22.8416
23.118
23.3943
23.6706
23.9469
24.2232
24.4995
24.7758
25.0521
25.3284
25.6047
25.8811
26.1574
26.4337
26.71
26.9863
27.2626
27.5389
27.8152
28.0915
28.3678
28.6442
28.9205
29.1968
29.4731
29.7494
30.0257
30.302
30.5783
30.8546
31.131
31.4073
31.6836
31.9599
32.2362
32.5125
32.7888
33.0651
33.3414
33.6177
33.8941
34.1704
34.4467
34.723
34.9993
35.2756
35.5519
35.8282
36.1045
36.3808
36.6572
36.9335
37.2098
37.4861
37.7624
38.0387
38.315
38.5913
38.8676
39.1439
39.4203
39.6966
39.9729
40.2492
40.5255
40.8018
41.0781
41.3544
41.6307
41.907
42.1834
42.4597
42.736
43.0123
43.2886
43.5649
43.8412
44.1175
44.3938
44.6702
44.9465
45.2228
45.4991
45.7754
46.0517
