-2	0	-100
-1.80808	0	-100
-1.61616	0	-100
-1.42424	0	-100
-1.23232	0	-100
-1.0404	0	-100
-0.848485	0	-100
-0.656566	0	-100
-0.464646	0	-100
-0.272727	0	-100
-0.0808081	0	-100
0.111111	0	-100
0.30303	0	-100
0.494949	0	-100
0.686869	0	-100
0.878788	0	-100
1.07071	0	-100
1.26263	0	-100
1.45455	0	-100
1.64646	0	-100
1.83838	0	-100
2.0303	0	-100
2.22222	0	-100
2.41414	0	-100
2.60606	0	-100
2.79798	0	-100
2.9899	0	-100
3.18182	0	-100
3.37374	0	-100
3.56566	0	-8.0606
3.75758	0	-7.16346
3.94949	0	-6.67801
4.14141	0	-6.32615
4.33333	0	-6.02909
4.52525	0	-5.73904
4.71717	0	-5.38986
4.90909	0	-4.95118
5.10101	0	-4.4977
5.29293	0	-4.09258
5.48485	0	-3.7436
5.67677	0	-3.44368
5.86869	0	-3.18367
6.06061	0	-2.95552
6.25253	0	-2.75119
6.44444	0	-2.56319
6.63636	0	-2.38571
6.82828	0	-2.21299
7.0202	0	-2.03915
7.21212	0	-1.85904
7.40404	0	-1.67097
7.59596	0	-1.47621
7.78788	0	-1.27863
7.9798	0	-1.08338
8.17172	0	-0.894988
8.36364	0	-0.716424
8.55556	0	-0.549176
8.74747	0	-0.393338
8.93939	0	-0.247802
9.13131	0	-0.110018
9.32323	0	0.0254024
9.51515	0	0.169353
9.70707	0	0.333503
9.89899	0	0.52739
10.0909	0	0.746721
10.2828	0	0.974996
10.4747	0	1.19719
10.6667	0	1.40004
10.8586	0	1.58059
11.0505	0	1.73968
11.2424	0	1.87744
11.4343	0	1.99493
11.6263	0	2.0966
11.8182	0	2.18616
12.0101	0	2.26782
12.202	0	2.3499
12.3939	0	2.46047
12.5859	0	2.66308
12.7778	0	3.00003
12.9697	0	3.37107
13.1616	0	3.65102
13.3535	0	3.83908
13.5455	0	3.94567
13.7374	0	3.98593
13.9293	0	3.98672
14.1212	0	3.94669
14.3131	0	3.8785
14.5051	0	3.7932
14.697	0	3.68874
14.8889	0	3.57386
15.0808	0	3.44924
15.2727	0	3.31455
15.4646	0	3.17588
15.6566	0	3.03249
15.8485	0	2.88258
16.0404	0	2.73077
16.2323	0	2.57804
16.4242	0	2.42008
16.6162	0	2.25837
16.8081	0	2.09711
17	0	1.9348
-2	1	-100
-1.80808	1	-100
-1.61616	1	-100
-1.42424	1	-100
-1.23232	1	-100
-1.0404	1	-100
-0.848485	1	-100
-0.656566	1	-100
-0.464646	1	-100
-0.272727	1	-100
-0.0808081	1	-100
0.111111	1	-100
0.30303	1	-100
0.494949	1	-100
0.686869	1	-100
0.878788	1	-100
1.07071	1	-100
1.26263	1	-100
1.45455	1	-100
1.64646	1	-100
1.83838	1	-100
2.0303	1	-100
2.22222	1	-100
2.41414	1	-100
2.60606	1	-100
2.79798	1	-100
2.9899	1	-100
3.18182	1	-100
3.37374	1	-100
3.56566	1	-8.40256
3.75758	1	-7.50991
3.94949	1	-7.02526
4.14141	1	-6.67065
4.33333	1	-6.37185
4.52525	1	-6.07936
4.71717	1	-5.72648
4.90909	1	-5.29669
5.10101	1	-4.86102
5.29293	1	-4.47176
5.48485	1	-4.13528
5.67677	1	-3.84561
5.86869	1	-3.59383
6.06061	1	-3.37176
6.25253	1	-3.17129
6.44444	1	-2.98442
6.63636	1	-2.80418
6.82828	1	-2.62452
7.0202	1	-2.44071
7.21212	1	-2.24961
7.40404	1	-2.05208
7.59596	1	-1.85175
7.78788	1	-1.6531
7.9798	1	-1.46036
8.17172	1	-1.27709
8.36364	1	-1.10518
8.55556	1	-0.944763
8.74747	1	-0.795001
8.93939	1	-0.653755
9.13131	1	-0.516337
9.32323	1	-0.373033
9.51515	1	-0.210237
9.70707	1	-0.0182219
9.89899	1	0.203797
10.0909	1	0.43928
10.2828	1	0.670136
10.4747	1	0.884721
10.6667	1	1.07487
10.8586	1	1.24158
11.0505	1	1.38765
11.2424	1	1.51475
11.4343	1	1.62536
11.6263	1	1.72422
11.8182	1	1.81621
12.0101	1	1.90787
12.202	1	2.01597
12.3939	1	2.19335
12.5859	1	2.50671
12.7778	1	2.91806
12.9697	1	3.26364
13.1616	1	3.47548
13.3535	1	3.61446
13.5455	1	3.65825
13.7374	1	3.66245
13.9293	1	3.63364
14.1212	1	3.56965
14.3131	1	3.49322
14.5051	1	3.3935
14.697	1	3.28136
14.8889	1	3.16383
15.0808	1	3.0325
15.2727	1	2.89455
15.4646	1	2.75648
15.6566	1	2.60823
15.8485	1	2.45615
16.0404	1	2.30854
16.2323	1	2.15203
16.4242	1	1.98855
16.6162	1	1.82792
16.8081	1	1.67012
17	1	1.50448
-2	2	-100
-1.80808	2	-100
-1.61616	2	-100
-1.42424	2	-100
-1.23232	2	-100
-1.0404	2	-100
-0.848485	2	-100
-0.656566	2	-100
-0.464646	2	-100
-0.272727	2	-100
-0.0808081	2	-100
0.111111	2	-100
0.30303	2	-100
0.494949	2	-100
0.686869	2	-100
0.878788	2	-100
1.07071	2	-100
1.26263	2	-100
1.45455	2	-100
1.64646	2	-100
1.83838	2	-100
2.0303	2	-100
2.22222	2	-100
2.41414	2	-100
2.60606	2	-100
2.79798	2	-100
2.9899	2	-100
3.18182	2	-100
3.37374	2	-100
3.56566	2	-8.72404
3.75758	2	-7.83261
3.94949	2	-7.35142
4.14141	2	-6.99825
4.33333	2	-6.69832
4.52525	2	-6.40506
4.71717	2	-6.04647
4.90909	2	-5.60234
5.10101	2	-5.15312
5.29293	2	-4.75505
5.48485	2	-4.41255
5.67677	2	-4.11856
5.86869	2	-3.86385
6.06061	2	-3.64003
6.25253	2	-3.43896
6.44444	2	-3.25297
6.63636	2	-3.07524
6.82828	2	-2.89926
7.0202	2	-2.7196
7.21212	2	-2.53222
7.40404	2	-2.33687
7.59596	2	-2.1367
7.78788	2	-1.93671
7.9798	2	-1.74175
8.17172	2	-1.5557
8.36364	2	-1.38115
8.55556	2	-1.21873
8.74747	2	-1.06768
8.93939	2	-0.926426
9.13131	2	-0.791324
9.32323	2	-0.653861
9.51515	2	-0.500665
9.70707	2	-0.32029
9.89899	2	-0.107277
10.0909	2	0.12609
10.2828	2	0.360266
10.4747	2	0.581446
10.6667	2	0.779263
10.8586	2	0.953008
11.0505	2	1.10482
11.2424	2	1.23626
11.4343	2	1.34972
11.6263	2	1.45015
11.8182	2	1.54284
12.0101	2	1.63434
12.202	2	1.73726
12.3939	2	1.89101
12.5859	2	2.15975
12.7778	2	2.54076
12.9697	2	2.89908
13.1616	2	3.14524
13.3535	2	3.30283
13.5455	2	3.37129
13.7374	2	3.38366
13.9293	2	3.35766
14.1212	2	3.30087
14.3131	2	3.219
14.5051	2	3.12214
14.697	2	3.01066
14.8889	2	2.88954
15.0808	2	2.76169
15.2727	2	2.62372
15.4646	2	2.48211
15.6566	2	2.33718
15.8485	2	2.18599
16.0404	2	2.03362
16.2323	2	1.87932
16.4242	2	1.72147
16.6162	2	1.55719
16.8081	2	1.39521
17	2	1.23258
-2	3	-100
-1.80808	3	-100
-1.61616	3	-100
-1.42424	3	-100
-1.23232	3	-100
-1.0404	3	-100
-0.848485	3	-100
-0.656566	3	-100
-0.464646	3	-100
-0.272727	3	-100
-0.0808081	3	-100
0.111111	3	-100
0.30303	3	-100
0.494949	3	-100
0.686869	3	-100
0.878788	3	-100
1.07071	3	-100
1.26263	3	-100
1.45455	3	-100
1.64646	3	-100
1.83838	3	-100
2.0303	3	-100
2.22222	3	-100
2.41414	3	-100
2.60606	3	-100
2.79798	3	-100
2.9899	3	-100
3.18182	3	-100
3.37374	3	-100
3.56566	3	-9.03992
3.75758	3	-8.14548
3.94949	3	-7.66432
4.14141	3	-7.31338
4.33333	3	-7.0141
4.52525	3	-6.72045
4.71717	3	-6.35858
4.90909	3	-5.90031
5.10101	3	-5.43492
5.29293	3	-5.02492
5.48485	3	-4.67341
5.67677	3	-4.37205
5.86869	3	-4.11169
6.06061	3	-3.88373
6.25253	3	-3.67965
6.44444	3	-3.49199
6.63636	3	-3.3148
6.82828	3	-3.14202
7.0202	3	-2.96784
7.21212	3	-2.78728
7.40404	3	-2.59852
7.59596	3	-2.40297
7.78788	3	-2.20479
7.9798	3	-2.00913
8.17172	3	-1.82051
8.36364	3	-1.64223
8.55556	3	-1.47583
8.74747	3	-1.32104
8.93939	3	-1.17679
9.13131	3	-1.04043
9.32323	3	-0.905614
9.51515	3	-0.76045
9.70707	3	-0.593344
9.89899	3	-0.395395
10.0909	3	-0.172418
10.2828	3	0.0578656
10.4747	3	0.280642
10.6667	3	0.484045
10.8586	3	0.665604
11.0505	3	0.825888
11.2424	3	0.965375
11.4343	3	1.08578
11.6263	3	1.19169
11.8182	3	1.28784
12.0101	3	1.38039
12.202	3	1.48032
12.3939	3	1.61905
12.5859	3	1.8536
12.7778	3	2.19899
12.9697	3	2.54415
13.1616	3	2.80363
13.3535	3	2.99286
13.5455	3	3.08394
13.7374	3	3.12194
13.9293	3	3.10676
14.1212	3	3.05463
14.3131	3	2.98419
14.5051	3	2.88752
14.697	3	2.77958
14.8889	3	2.66055
15.0808	3	2.52968
15.2727	3	2.39801
15.4646	3	2.25676
15.6566	3	2.10799
15.8485	3	1.96054
16.0404	3	1.81001
16.2323	3	1.65209
16.4242	3	1.49284
16.6162	3	1.33878
16.8081	3	1.17354
17	3	1.0057
-2	4	-100
-1.80808	4	-100
-1.61616	4	-100
-1.42424	4	-100
-1.23232	4	-100
-1.0404	4	-100
-0.848485	4	-100
-0.656566	4	-100
-0.464646	4	-100
-0.272727	4	-100
-0.0808081	4	-100
0.111111	4	-100
0.30303	4	-100
0.494949	4	-100
0.686869	4	-100
0.878788	4	-100
1.07071	4	-100
1.26263	4	-100
1.45455	4	-100
1.64646	4	-100
1.83838	4	-100
2.0303	4	-100
2.22222	4	-100
2.41414	4	-100
2.60606	4	-100
2.79798	4	-100
2.9899	4	-100
3.18182	4	-100
3.37374	4	-100
3.56566	4	-9.34975
3.75758	4	-8.45258
3.94949	4	-7.96837
4.14141	4	-7.61737
4.33333	4	-7.31958
4.52525	4	-7.025
4.71717	4	-6.65433
4.90909	4	-6.17626
5.10101	4	-5.69299
5.29293	4	-5.27097
5.48485	4	-4.91135
5.67677	4	-4.60389
5.86869	4	-4.33885
6.06061	4	-4.10729
6.25253	4	-3.90042
6.44444	4	-3.7109
6.63636	4	-3.5334
6.82828	4	-3.36257
7.0202	4	-3.19256
7.21212	4	-3.01784
7.40404	4	-2.83554
7.59596	4	-2.64551
7.78788	4	-2.45071
7.9798	4	-2.25598
8.17172	4	-2.06649
8.36364	4	-1.88598
8.55556	4	-1.7166
8.74747	4	-1.55875
8.93939	4	-1.41176
9.13131	4	-1.27361
9.32323	4	-1.13963
9.51515	4	-0.99971
9.70707	4	-0.84259
9.89899	4	-0.65767
10.0909	4	-0.445938
10.2828	4	-0.222103
10.4747	4	-0.000755266
10.6667	4	0.205238
10.8586	4	0.391932
11.0505	4	0.558751
11.2424	4	0.704946
11.4343	4	0.831247
11.6263	4	0.941961
11.8182	4	1.04116
12.0101	4	1.13438
12.202	4	1.23154
12.3939	4	1.3599
12.5859	4	1.57082
12.7778	4	1.88838
12.9697	4	2.21802
13.1616	4	2.47558
13.3535	4	2.68201
13.5455	4	2.80697
13.7374	4	2.86644
13.9293	4	2.88162
14.1212	4	2.83218
14.3131	4	2.76987
14.5051	4	2.68208
14.697	4	2.57352
14.8889	4	2.46444
15.0808	4	2.33191
15.2727	4	2.19561
15.4646	4	2.06684
15.6566	4	1.91431
15.8485	4	1.76204
16.0404	4	1.61814
16.2323	4	1.46151
16.4242	4	1.29856
16.6162	4	1.14079
16.8081	4	0.991697
17	4	0.81613
-2	5	-100
-1.80808	5	-100
-1.61616	5	-100
-1.42424	5	-100
-1.23232	5	-100
-1.0404	5	-100
-0.848485	5	-100
-0.656566	5	-100
-0.464646	5	-100
-0.272727	5	-100
-0.0808081	5	-100
0.111111	5	-100
0.30303	5	-100
0.494949	5	-100
0.686869	5	-100
0.878788	5	-100
1.07071	5	-100
1.26263	5	-100
1.45455	5	-100
1.64646	5	-100
1.83838	5	-100
2.0303	5	-100
2.22222	5	-100
2.41414	5	-100
2.60606	5	-100
2.79798	5	-100
2.9899	5	-100
3.18182	5	-100
3.37374	5	-100
3.56566	5	-9.65284
3.75758	5	-8.75684
3.94949	5	-8.27069
4.14141	5	-7.91753
4.33333	5	-7.62021
4.52525	5	-7.32484
4.71717	5	-6.94115
4.90909	5	-6.43839
5.10101	5	-5.93685
5.29293	5	-5.50387
5.48485	5	-5.13732
5.67677	5	-4.82506
5.86869	5	-4.5565
6.06061	5	-4.32214
6.25253	5	-4.11303
6.44444	5	-3.92196
6.63636	5	-3.74395
6.82828	5	-3.57415
7.0202	5	-3.40703
7.21212	5	-3.23679
7.40404	5	-3.05975
7.59596	5	-2.8748
7.78788	5	-2.68373
7.9798	5	-2.49077
8.17172	5	-2.30142
8.36364	5	-2.11991
8.55556	5	-1.9487
8.74747	5	-1.78863
8.93939	5	-1.63955
9.13131	5	-1.49988
9.32323	5	-1.36598
9.51515	5	-1.22942
9.70707	5	-1.07952
9.89899	5	-0.904838
10.0909	5	-0.702934
10.2828	5	-0.485915
10.4747	5	-0.267401
10.6667	5	-0.0606407
10.8586	5	0.129003
11.0505	5	0.300169
11.2424	5	0.451435
11.4343	5	0.582439
11.6263	5	0.697044
11.8182	5	0.79891
12.0101	5	0.892822
12.202	5	0.987714
12.3939	5	1.1083
12.5859	5	1.30213
12.7778	5	1.59833
12.9697	5	1.91464
13.1616	5	2.16642
13.3535	5	2.37428
13.5455	5	2.52812
13.7374	5	2.61131
13.9293	5	2.64982
14.1212	5	2.63131
14.3131	5	2.5673
14.5051	5	2.49282
14.697	5	2.38546
14.8889	5	2.27562
15.0808	5	2.16249
15.2727	5	2.01448
15.4646	5	1.88347
15.6566	5	1.75112
15.8485	5	1.58615
16.0404	5	1.43839
16.2323	5	1.29424
16.4242	5	1.12809
16.6162	5	0.965894
16.8081	5	0.814467
17	5	0.658848
-2	6	-100
-1.80808	6	-100
-1.61616	6	-100
-1.42424	6	-100
-1.23232	6	-100
-1.0404	6	-100
-0.848485	6	-100
-0.656566	6	-100
-0.464646	6	-100
-0.272727	6	-100
-0.0808081	6	-100
0.111111	6	-100
0.30303	6	-100
0.494949	6	-100
0.686869	6	-100
0.878788	6	-100
1.07071	6	-100
1.26263	6	-100
1.45455	6	-100
1.64646	6	-100
1.83838	6	-100
2.0303	6	-100
2.22222	6	-100
2.41414	6	-100
2.60606	6	-100
2.79798	6	-100
2.9899	6	-100
3.18182	6	-100
3.37374	6	-100
3.56566	6	-9.95157
3.75758	6	-9.05913
3.94949	6	-8.57469
4.14141	6	-8.22015
4.33333	6	-7.92175
4.52525	6	-7.62587
4.71717	6	-7.23099
4.90909	6	-6.70519
5.10101	6	-6.18607
5.29293	6	-5.74223
5.48485	6	-5.36891
5.67677	6	-5.05209
5.86869	6	-4.7801
6.06061	6	-4.54288
6.25253	6	-4.33123
6.44444	6	-4.13819
6.63636	6	-3.95904
6.82828	6	-3.78929
7.0202	6	-3.62382
7.21212	6	-3.45693
7.40404	6	-3.28441
7.59596	6	-3.10429
7.78788	6	-2.91745
7.9798	6	-2.72725
8.17172	6	-2.53894
8.36364	6	-2.35704
8.55556	6	-2.18436
8.74747	6	-2.02217
8.93939	6	-1.87086
9.13131	6	-1.72937
9.32323	6	-1.5947
9.51515	6	-1.45973
9.70707	6	-1.31484
9.89899	6	-1.14838
10.0909	6	-0.95536
10.2828	6	-0.745442
10.4747	6	-0.530854
10.6667	6	-0.324695
10.8586	6	-0.133505
11.0505	6	0.0404969
11.2424	6	0.195563
11.4343	6	0.330735
11.6263	6	0.449049
11.8182	6	0.55385
12.0101	6	0.649371
12.202	6	0.74348
12.3939	6	0.858774
12.5859	6	1.04016
12.7778	6	1.31993
12.9697	6	1.62515
13.1616	6	1.87092
13.3535	6	2.07325
13.5455	6	2.2325
13.7374	6	2.34668
13.9293	6	2.39922
14.1212	6	2.41551
14.3131	6	2.36624
14.5051	6	2.29655
14.697	6	2.20831
14.8889	6	2.08875
15.0808	6	1.98265
15.2727	6	1.85161
15.4646	6	1.70334
15.6566	6	1.57751
15.8485	6	1.42922
16.0404	6	1.26545
16.2323	6	1.12086
16.4242	6	0.970501
16.6162	6	0.801295
16.8081	6	0.641058
17	6	0.492224
-2	7	-100
-1.80808	7	-100
-1.61616	7	-100
-1.42424	7	-100
-1.23232	7	-100
-1.0404	7	-100
-0.848485	7	-100
-0.656566	7	-100
-0.464646	7	-100
-0.272727	7	-100
-0.0808081	7	-100
0.111111	7	-100
0.30303	7	-100
0.494949	7	-100
0.686869	7	-100
0.878788	7	-100
1.07071	7	-100
1.26263	7	-100
1.45455	7	-100
1.64646	7	-100
1.83838	7	-100
2.0303	7	-100
2.22222	7	-100
2.41414	7	-100
2.60606	7	-100
2.79798	7	-100
2.9899	7	-100
3.18182	7	-100
3.37374	7	-100
3.56566	7	-10.2524
3.75758	7	-9.36103
3.94949	7	-8.87972
4.14141	7	-8.52647
4.33333	7	-8.22685
4.52525	7	-7.92994
4.71717	7	-7.52858
4.90909	7	-6.98595
5.10101	7	-6.45087
5.29293	7	-5.99605
5.48485	7	-5.61589
5.67677	7	-5.29445
5.86869	7	-5.01873
6.06061	7	-4.7783
6.25253	7	-4.56378
6.44444	7	-4.36834
6.63636	7	-4.18746
6.82828	7	-4.0169
7.0202	7	-3.85191
7.21212	7	-3.68714
7.40404	7	-3.51815
7.59596	7	-3.34224
7.78788	7	-3.15951
7.9798	7	-2.97256
8.17172	7	-2.78591
8.36364	7	-2.60412
8.55556	7	-2.43039
8.74747	7	-2.26634
8.93939	7	-2.11281
9.13131	7	-1.96927
9.32323	7	-1.83327
9.51515	7	-1.69851
9.70707	7	-1.55647
9.89899	7	-1.39602
10.0909	7	-1.21038
10.2828	7	-1.00693
10.4747	7	-0.796554
10.6667	7	-0.591782
10.8586	7	-0.400069
11.0505	7	-0.224501
11.2424	7	-0.0670136
11.4343	7	0.0712986
11.6263	7	0.192883
11.8182	7	0.300566
12.0101	7	0.398288
12.202	7	0.493112
12.3939	7	0.605697
12.5859	7	0.778844
12.7778	7	1.04667
12.9697	7	1.34345
13.1616	7	1.5849
13.3535	7	1.78276
13.5455	7	1.9339
13.7374	7	2.06193
13.9293	7	2.13933
14.1212	7	2.16364
14.3131	7	2.15165
14.5051	7	2.08645
14.697	7	2.01198
14.8889	7	1.91122
15.0808	7	1.78363
15.2727	7	1.67441
15.4646	7	1.53189
15.6566	7	1.38604
15.8485	7	1.25828
16.0404	7	1.10159
16.2323	7	0.939999
16.4242	7	0.796233
16.6162	7	0.641375
16.8081	7	0.472556
17	7	0.309817
-2	8	-100
-1.80808	8	-100
-1.61616	8	-100
-1.42424	8	-100
-1.23232	8	-100
-1.0404	8	-100
-0.848485	8	-100
-0.656566	8	-100
-0.464646	8	-100
-0.272727	8	-100
-0.0808081	8	-100
0.111111	8	-100
0.30303	8	-100
0.494949	8	-100
0.686869	8	-100
0.878788	8	-100
1.07071	8	-100
1.26263	8	-100
1.45455	8	-100
1.64646	8	-100
1.83838	8	-100
2.0303	8	-100
2.22222	8	-100
2.41414	8	-100
2.60606	8	-100
2.79798	8	-100
2.9899	8	-100
3.18182	8	-100
3.37374	8	-100
3.56566	8	-10.559
3.75758	8	-9.66485
3.94949	8	-9.18383
4.14141	8	-8.83284
4.33333	8	-8.53347
4.52525	8	-8.23432
4.71717	8	-7.82647
4.90909	8	-7.26967
5.10101	8	-6.72
5.29293	8	-6.25495
5.48485	8	-5.86863
5.67677	8	-5.54317
5.86869	8	-5.26407
6.06061	8	-5.02068
6.25253	8	-4.80358
6.44444	8	-4.60598
6.63636	8	-4.42342
6.82828	8	-4.2519
7.0202	8	-4.08694
7.21212	8	-3.92348
7.40404	8	-3.75704
7.59596	8	-3.58445
7.78788	8	-3.40517
7.9798	8	-3.22119
8.17172	8	-3.03641
8.36364	8	-2.85516
8.55556	8	-2.68086
8.74747	8	-2.51554
8.93939	8	-2.36027
9.13131	8	-2.21489
9.32323	8	-2.07751
9.51515	8	-1.94242
9.70707	8	-1.80194
9.89899	8	-1.64573
10.0909	8	-1.46603
10.2828	8	-1.26813
10.4747	8	-1.06169
10.6667	8	-0.858571
10.8586	8	-0.666886
11.0505	8	-0.490427
11.2424	8	-0.331566
11.4343	8	-0.191335
11.6263	8	-0.0675431
11.8182	8	0.0422449
12.0101	8	0.141605
12.202	8	0.237322
12.3939	8	0.348412
12.5859	8	0.515901
12.7778	8	0.775106
12.9697	8	1.06565
13.1616	8	1.30414
13.3535	8	1.5001
13.5455	8	1.64682
13.7374	8	1.76676
13.9293	8	1.86936
14.1212	8	1.90768
14.3131	8	1.91335
14.5051	8	1.8739
14.697	8	1.79299
14.8889	8	1.72225
15.0808	8	1.59753
15.2727	8	1.47054
15.4646	8	1.35543
15.6566	8	1.20757
15.8485	8	1.06163
16.0404	8	0.931614
16.2323	8	0.769455
16.4242	8	0.607862
16.6162	8	0.467664
16.8081	8	0.3081
17	8	0.137499
-2	9	-100
-1.80808	9	-100
-1.61616	9	-100
-1.42424	9	-100
-1.23232	9	-100
-1.0404	9	-100
-0.848485	9	-100
-0.656566	9	-100
-0.464646	9	-100
-0.272727	9	-100
-0.0808081	9	-100
0.111111	9	-100
0.30303	9	-100
0.494949	9	-100
0.686869	9	-100
0.878788	9	-100
1.07071	9	-100
1.26263	9	-100
1.45455	9	-100
1.64646	9	-100
1.83838	9	-100
2.0303	9	-100
2.22222	9	-100
2.41414	9	-100
2.60606	9	-100
2.79798	9	-100
2.9899	9	-100
3.18182	9	-100
3.37374	9	-100
3.56566	9	-10.8725
3.75758	9	-9.9754
3.94949	9	-9.49145
4.14141	9	-9.14057
4.33333	9	-8.84244
4.52525	9	-8.54106
4.71717	9	-8.12515
4.90909	9	-7.55588
5.10101	9	-6.9931
5.29293	9	-6.51829
5.48485	9	-6.12587
5.67677	9	-5.79633
5.86869	9	-5.51388
6.06061	9	-5.26758
6.25253	9	-5.04808
6.44444	9	-4.84852
6.63636	9	-4.66437
6.82828	9	-4.49179
7.0202	9	-4.3265
7.21212	9	-4.16361
7.40404	9	-3.9988
7.59596	9	-3.82862
7.78788	9	-3.65202
7.9798	9	-3.47049
8.17172	9	-3.28751
8.36364	9	-3.10715
8.55556	9	-2.93276
8.74747	9	-2.76669
8.93939	9	-2.61013
9.13131	9	-2.46315
9.32323	9	-2.3243
9.51515	9	-2.18841
9.70707	9	-2.04842
9.89899	9	-1.89475
10.0909	9	-1.7195
10.2828	9	-1.52625
10.4747	9	-1.32332
10.6667	9	-1.12192
10.8586	9	-0.930508
11.0505	9	-0.753436
11.2424	9	-0.593504
11.4343	9	-0.451993
11.6263	9	-0.326689
11.8182	9	-0.215512
12.0101	9	-0.115188
12.202	9	-0.0191249
12.3939	9	0.0910338
12.5859	9	0.254957
12.7778	9	0.508924
12.9697	9	0.795872
13.1616	9	1.03272
13.3535	9	1.22799
13.5455	9	1.3738
13.7374	9	1.48825
13.9293	9	1.58179
14.1212	9	1.64957
14.3131	9	1.66461
14.5051	9	1.65158
14.697	9	1.58985
14.8889	9	1.4975
15.0808	9	1.41217
15.2727	9	1.28314
15.4646	9	1.15773
15.6566	9	1.03325
15.8485	9	0.882406
16.0404	9	0.737924
16.2323	9	0.602264
16.4242	9	0.436603
16.6162	9	0.275851
16.8081	9	0.138538
17	9	-0.026213
-2	10	-100
-1.80808	10	-100
-1.61616	10	-100
-1.42424	10	-100
-1.23232	10	-100
-1.0404	10	-100
-0.848485	10	-100
-0.656566	10	-100
-0.464646	10	-100
-0.272727	10	-100
-0.0808081	10	-100
0.111111	10	-100
0.30303	10	-100
0.494949	10	-100
0.686869	10	-100
0.878788	10	-100
1.07071	10	-100
1.26263	10	-100
1.45455	10	-100
1.64646	10	-100
1.83838	10	-100
2.0303	10	-100
2.22222	10	-100
2.41414	10	-100
2.60606	10	-100
2.79798	10	-100
2.9899	10	-100
3.18182	10	-100
3.37374	10	-100
3.56566	10	-11.1902
3.75758	10	-10.2942
3.94949	10	-9.8081
4.14141	10	-9.45501
4.33333	10	-9.15724
4.52525	10	-8.85457
4.71717	10	-8.43091
4.90909	10	-7.85386
5.10101	10	-7.28549
5.29293	10	-6.80401
5.48485	10	-6.40553
5.67677	10	-6.0707
5.86869	10	-5.78427
6.06061	10	-5.53525
6.25253	10	-5.31359
6.44444	10	-5.11237
6.63636	10	-4.92712
6.82828	10	-4.75368
7.0202	10	-4.58757
7.21212	10	-4.42406
7.40404	10	-4.25914
7.59596	10	-4.08971
7.78788	10	-3.91458
7.9798	10	-3.73482
8.17172	10	-3.55358
8.36364	10	-3.37459
8.55556	10	-3.20093
8.74747	10	-3.03478
8.93939	10	-2.87745
9.13131	10	-2.72898
9.32323	10	-2.58817
9.51515	10	-2.45063
9.70707	10	-2.30975
9.89899	10	-2.15662
10.0909	10	-1.98373
10.2828	10	-1.79401
10.4747	10	-1.59461
10.6667	10	-1.39572
10.8586	10	-1.20536
11.0505	10	-1.02809
11.2424	10	-0.867179
11.4343	10	-0.724377
11.6263	10	-0.597581
11.8182	10	-0.484863
12.0101	10	-0.383348
12.202	10	-0.286574
12.3939	10	-0.176257
12.5859	10	-0.0133618
12.7778	10	0.238591
12.9697	10	0.524244
13.1616	10	0.760664
13.3535	10	0.955929
13.5455	10	1.1021
13.7374	10	1.21635
13.9293	10	1.30492
14.1212	10	1.37131
14.3131	10	1.40874
14.5051	10	1.40192
14.697	10	1.37889
14.8889	10	1.29705
15.0808	10	1.20065
15.2727	10	1.09897
15.4646	10	0.968265
15.6566	10	0.840738
15.8485	10	0.710405
16.0404	10	0.556237
16.2323	10	0.41167
16.4242	10	0.270742
16.6162	10	0.104528
16.8081	10	-0.0554725
17	10	-0.196763
-2	11	-100
-1.80808	11	-100
-1.61616	11	-100
-1.42424	11	-100
-1.23232	11	-100
-1.0404	11	-100
-0.848485	11	-100
-0.656566	11	-100
-0.464646	11	-100
-0.272727	11	-100
-0.0808081	11	-100
0.111111	11	-100
0.30303	11	-100
0.494949	11	-100
0.686869	11	-100
0.878788	11	-100
1.07071	11	-100
1.26263	11	-100
1.45455	11	-100
1.64646	11	-100
1.83838	11	-100
2.0303	11	-100
2.22222	11	-100
2.41414	11	-100
2.60606	11	-100
2.79798	11	-100
2.9899	11	-100
3.18182	11	-100
3.37374	11	-100
3.56566	11	-11.5011
3.75758	11	-10.6088
3.94949	11	-10.1245
4.14141	11	-9.76995
4.33333	11	-9.47085
4.52525	11	-9.16621
4.71717	11	-8.73227
4.90909	11	-8.14434
5.10101	11	-7.57032
5.29293	11	-7.08389
5.48485	11	-6.68075
5.67677	11	-6.34218
5.86869	11	-6.05261
6.06061	11	-5.80092
6.25253	11	-5.57717
6.44444	11	-5.37443
6.63636	11	-5.18804
6.82828	11	-5.01373
7.0202	11	-4.84704
7.21212	11	-4.6833
7.40404	11	-4.51854
7.59596	11	-4.34977
7.78788	11	-4.17574
7.9798	11	-3.99732
8.17172	11	-3.81747
8.36364	11	-3.63978
8.55556	11	-3.46708
8.74747	11	-3.30132
8.93939	11	-3.14383
9.13131	11	-2.99474
9.32323	11	-2.85282
9.51515	11	-2.71406
9.70707	11	-2.57229
9.89899	11	-2.41906
10.0909	11	-2.2473
10.2828	11	-2.05984
10.4747	11	-1.86311
10.6667	11	-1.66648
10.8586	11	-1.4776
11.0505	11	-1.30089
11.2424	11	-1.13964
11.4343	11	-0.99581
11.6263	11	-0.867696
11.8182	11	-0.753527
12.0101	11	-0.650778
12.202	11	-0.553495
12.3939	11	-0.443509
12.5859	11	-0.281837
12.7778	11	-0.0316615
12.9697	11	0.252826
13.1616	11	0.488881
13.3535	11	0.68411
13.5455	11	0.830569
13.7374	11	0.945534
13.9293	11	1.03473
14.1212	11	1.09987
14.3131	11	1.15108
14.5051	11	1.17386
14.697	11	1.14831
14.8889	11	1.10963
15.0808	11	1.01693
15.2727	11	0.918207
15.4646	11	0.813106
15.6566	11	0.665471
15.8485	11	0.539959
16.0404	11	0.414907
16.2323	11	0.244131
16.4242	11	0.102318
16.6162	11	-0.0345909
16.8081	11	-0.209362
17	11	-0.367611
-2	12	-100
-1.80808	12	-100
-1.61616	12	-100
-1.42424	12	-100
-1.23232	12	-100
-1.0404	12	-100
-0.848485	12	-100
-0.656566	12	-100
-0.464646	12	-100
-0.272727	12	-100
-0.0808081	12	-100
0.111111	12	-100
0.30303	12	-100
0.494949	12	-100
0.686869	12	-100
0.878788	12	-100
1.07071	12	-100
1.26263	12	-100
1.45455	12	-100
1.64646	12	-100
1.83838	12	-100
2.0303	12	-100
2.22222	12	-100
2.41414	12	-100
2.60606	12	-100
2.79798	12	-100
2.9899	12	-100
3.18182	12	-100
3.37374	12	-100
3.56566	12	-11.8106
3.75758	12	-10.9193
3.94949	12	-10.4381
4.14141	12	-10.085
4.33333	12	-9.78443
4.52525	12	-9.4762
4.71717	12	-9.03095
4.90909	12	-8.4319
5.10101	12	-7.85338
5.29293	12	-7.36396
5.48485	12	-6.9575
5.67677	12	-6.61577
5.86869	12	-6.32333
6.06061	12	-6.06907
6.25253	12	-5.84335
6.44444	12	-5.6392
6.63636	12	-5.45163
6.82828	12	-5.27644
7.0202	12	-5.10926
7.21212	12	-4.94554
7.40404	12	-4.78117
7.59596	12	-4.6131
7.78788	12	-4.44003
7.9798	12	-4.26272
8.17172	12	-4.08398
8.36364	12	-3.90727
8.55556	12	-3.73534
8.74747	12	-3.57006
8.93939	12	-3.41276
9.13131	12	-3.26364
9.32323	12	-3.12139
9.51515	12	-2.98195
9.70707	12	-2.83942
9.89899	12	-2.68572
10.0909	12	-2.51415
10.2828	12	-2.32766
10.4747	12	-2.13253
10.6667	12	-1.93761
10.8586	12	-1.75022
11.0505	12	-1.57455
11.2424	12	-1.41352
11.4343	12	-1.26911
11.6263	12	-1.13994
11.8182	12	-1.02456
12.0101	12	-0.920554
12.202	12	-0.822516
12.3939	12	-0.712684
12.5859	12	-0.551925
12.7778	12	-0.302882
12.9697	12	-0.019192
13.1616	12	0.216557
13.3535	12	0.411795
13.5455	12	0.558364
13.7374	12	0.673724
13.9293	12	0.7637
14.1212	12	0.830064
14.3131	12	0.883173
14.5051	12	0.93185
14.697	12	0.943581
14.8889	12	0.91812
15.0808	12	0.868977
15.2727	12	0.755132
15.4646	12	0.656495
15.6566	12	0.565117
15.8485	12	0.390642
16.0404	12	0.267501
16.2323	12	0.15852
16.4242	12	-0.039242
16.6162	12	-0.178669
16.8081	12	-0.303545
17	12	-0.496458
-2	13	-100
-1.80808	13	-100
-1.61616	13	-100
-1.42424	13	-100
-1.23232	13	-100
-1.0404	13	-100
-0.848485	13	-100
-0.656566	13	-100
-0.464646	13	-100
-0.272727	13	-100
-0.0808081	13	-100
0.111111	13	-100
0.30303	13	-100
0.494949	13	-100
0.686869	13	-100
0.878788	13	-100
1.07071	13	-100
1.26263	13	-100
1.45455	13	-100
1.64646	13	-100
1.83838	13	-100
2.0303	13	-100
2.22222	13	-100
2.41414	13	-100
2.60606	13	-100
2.79798	13	-100
2.9899	13	-100
3.18182	13	-100
3.37374	13	-100
3.56566	13	-12.1298
3.75758	13	-11.2353
3.94949	13	-10.7542
4.14141	13	-10.4033
4.33333	13	-10.1029
4.52525	13	-9.78952
4.71717	13	-9.33034
4.90909	13	-8.71885
5.10101	13	-8.13667
5.29293	13	-7.64645
5.48485	13	-7.23832
5.67677	13	-6.89421
5.86869	13	-6.59947
6.06061	13	-6.34304
6.25253	13	-6.11555
6.44444	13	-5.91003
6.63636	13	-5.72142
6.82828	13	-5.54545
7.0202	13	-5.37778
7.21212	13	-5.21383
7.40404	13	-5.04956
7.59596	13	-4.88185
7.78788	13	-4.70947
7.9798	13	-4.53314
8.17172	13	-4.35548
8.36364	13	-4.17976
8.55556	13	-4.00871
8.74747	13	-3.84411
8.93939	13	-3.68718
9.13131	13	-3.53814
9.32323	13	-3.39584
9.51515	13	-3.256
9.70707	13	-3.1128
9.89899	13	-2.95838
10.0909	13	-2.78632
10.2828	13	-2.5998
10.4747	13	-2.40529
10.6667	13	-2.21152
10.8586	13	-2.02538
11.0505	13	-1.85082
11.2424	13	-1.69061
11.4343	13	-1.54648
11.6263	13	-1.41711
11.8182	13	-1.3012
12.0101	13	-1.19646
12.202	13	-1.0976
12.3939	13	-0.987412
12.5859	13	-0.826723
12.7778	13	-0.577607
12.9697	13	-0.293894
13.1616	13	-0.0582455
13.3535	13	0.136987
13.5455	13	0.283616
13.7374	13	0.399111
13.9293	13	0.48945
14.1212	13	0.55699
14.3131	13	0.612045
14.5051	13	0.665167
14.697	13	0.720193
14.8889	13	0.731557
15.0808	13	0.709892
15.2727	13	0.674494
15.4646	13	0.544922
15.6566	13	0.437884
15.8485	13	0.352366
16.0404	13	0.169221
16.2323	13	0.041677
16.4242	13	-0.0600018
16.6162	13	-0.265666
16.8081	13	-0.413132
17	13	-0.521825
-2	14	-100
-1.80808	14	-100
-1.61616	14	-100
-1.42424	14	-100
-1.23232	14	-100
-1.0404	14	-100
-0.848485	14	-100
-0.656566	14	-100
-0.464646	14	-100
-0.272727	14	-100
-0.0808081	14	-100
0.111111	14	-100
0.30303	14	-100
0.494949	14	-100
0.686869	14	-100
0.878788	14	-100
1.07071	14	-100
1.26263	14	-100
1.45455	14	-100
1.64646	14	-100
1.83838	14	-100
2.0303	14	-100
2.22222	14	-100
2.41414	14	-100
2.60606	14	-100
2.79798	14	-100
2.9899	14	-100
3.18182	14	-100
3.37374	14	-100
3.56566	14	-12.4549
3.75758	14	-11.5577
3.94949	14	-11.0734
4.14141	14	-10.7223
4.33333	14	-10.423
4.52525	14	-10.1047
4.71717	14	-9.62934
4.90909	14	-9.00436
5.10101	14	-8.41792
5.29293	14	-7.92688
5.48485	14	-7.51794
5.67677	14	-7.17247
5.86869	14	-6.87598
6.06061	14	-6.61766
6.25253	14	-6.38845
6.44444	14	-6.18161
6.63636	14	-5.99206
6.82828	14	-5.81545
7.0202	14	-5.64741
7.21212	14	-5.48334
7.40404	14	-5.3192
7.59596	14	-5.1519
7.78788	14	-4.98011
7.9798	14	-4.80455
8.17172	14	-4.62775
8.36364	14	-4.45286
8.55556	14	-4.28251
8.74747	14	-4.1185
8.93939	14	-3.96195
9.13131	14	-3.81304
9.32323	14	-3.67075
9.51515	14	-3.53079
9.70707	14	-3.38727
9.89899	14	-3.23236
10.0909	14	-3.05999
10.2828	14	-2.87337
10.4747	14	-2.6791
10.6667	14	-2.48603
10.8586	14	-2.30086
11.0505	14	-2.1273
11.2424	14	-1.96804
11.4343	14	-1.82463
11.6263	14	-1.69555
11.8182	14	-1.57952
12.0101	14	-1.47447
12.202	14	-1.37505
12.3939	14	-1.26432
12.5859	14	-1.10339
12.7778	14	-0.854005
12.9697	14	-0.569905
13.1616	14	-0.334345
13.3535	14	-0.139315
13.5455	14	0.00710863
13.7374	14	0.122403
13.9293	14	0.212501
14.1212	14	0.280455
14.3131	14	0.336774
14.5051	14	0.39235
14.697	14	0.455336
14.8889	14	0.529952
15.0808	14	0.564765
15.2727	14	0.532919
15.4646	14	0.507945
15.6566	14	0.378731
15.8485	14	0.276154
16.0404	14	0.17649
16.2323	14	-0.00523943
16.4242	14	-0.121509
16.6162	14	-0.239513
16.8081	14	-0.435625
17	14	-0.587252
-2	15	-100
-1.80808	15	-100
-1.61616	15	-100
-1.42424	15	-100
-1.23232	15	-100
-1.0404	15	-100
-0.848485	15	-100
-0.656566	15	-100
-0.464646	15	-100
-0.272727	15	-100
-0.0808081	15	-100
0.111111	15	-100
0.30303	15	-100
0.494949	15	-100
0.686869	15	-100
0.878788	15	-100
1.07071	15	-100
1.26263	15	-100
1.45455	15	-100
1.64646	15	-100
1.83838	15	-100
2.0303	15	-100
2.22222	15	-100
2.41414	15	-100
2.60606	15	-100
2.79798	15	-100
2.9899	15	-100
3.18182	15	-100
3.37374	15	-100
3.56566	15	-12.7768
3.75758	15	-11.8813
3.94949	15	-11.3952
4.14141	15	-11.0417
4.33333	15	-10.7423
4.52525	15	-10.4203
4.71717	15	-9.92813
4.90909	15	-9.28928
5.10101	15	-8.69845
5.29293	15	-8.2066
5.48485	15	-7.7975
5.67677	15	-7.45147
5.86869	15	-7.15386
6.06061	15	-6.8941
6.25253	15	-6.66329
6.44444	15	-6.45511
6.63636	15	-6.26457
6.82828	15	-6.08734
7.0202	15	-5.91899
7.21212	15	-5.75487
7.40404	15	-5.5909
7.59596	15	-5.42399
7.78788	15	-5.25271
7.9798	15	-5.07772
8.17172	15	-4.90155
8.36364	15	-4.72732
8.55556	15	-4.55758
8.74747	15	-4.39413
8.93939	15	-4.23806
9.13131	15	-4.08948
9.32323	15	-3.94726
9.51515	15	-3.80727
9.70707	15	-3.66358
9.89899	15	-3.50838
10.0909	15	-3.33574
10.2828	15	-3.149
10.4747	15	-2.95478
10.6667	15	-2.76209
10.8586	15	-2.57768
11.0505	15	-2.40504
11.2424	15	-2.2467
11.4343	15	-2.10417
11.6263	15	-1.97572
11.8182	15	-1.85999
12.0101	15	-1.75495
12.202	15	-1.65542
12.3939	15	-1.54421
12.5859	15	-1.38257
12.7778	15	-1.13233
12.9697	15	-0.847509
13.1616	15	-0.611819
13.3535	15	-0.417009
13.5455	15	-0.270996
13.7374	15	-0.156064
13.9293	15	-0.0665621
14.1212	15	0.000941568
14.3131	15	0.0575866
14.5051	15	0.114543
14.697	15	0.180346
14.8889	15	0.263765
15.0808	15	0.361581
15.2727	15	0.415744
15.4646	15	0.39333
15.6566	15	0.361998
15.8485	15	0.240867
16.0404	15	0.134196
16.2323	15	0.0462088
16.4242	15	-0.135163
16.6162	15	-0.269375
16.8081	15	-0.379414
17	15	-0.561011
-2	16	-100
-1.80808	16	-100
-1.61616	16	-100
-1.42424	16	-100
-1.23232	16	-100
-1.0404	16	-100
-0.848485	16	-100
-0.656566	16	-100
-0.464646	16	-100
-0.272727	16	-100
-0.0808081	16	-100
0.111111	16	-100
0.30303	16	-100
0.494949	16	-100
0.686869	16	-100
0.878788	16	-100
1.07071	16	-100
1.26263	16	-100
1.45455	16	-100
1.64646	16	-100
1.83838	16	-100
2.0303	16	-100
2.22222	16	-100
2.41414	16	-100
2.60606	16	-100
2.79798	16	-100
2.9899	16	-100
3.18182	16	-100
3.37374	16	-100
3.56566	16	-13.0951
3.75758	16	-12.2033
3.94949	16	-11.7196
4.14141	16	-11.3651
4.33333	16	-11.0639
4.52525	16	-10.7375
4.71717	16	-10.2287
4.90909	16	-9.5755
5.10101	16	-8.97998
5.29293	16	-8.48747
5.48485	16	-8.07879
5.67677	16	-7.73284
5.86869	16	-7.43471
6.06061	16	-7.17382
6.25253	16	-6.94149
6.44444	16	-6.73186
6.63636	16	-6.54021
6.82828	16	-6.36224
7.0202	16	-6.19349
7.21212	16	-6.02924
7.40404	16	-5.86533
7.59596	16	-5.69861
7.78788	16	-5.52769
7.9798	16	-5.35315
8.17172	16	-5.17753
8.36364	16	-5.00394
8.55556	16	-4.83489
8.74747	16	-4.67212
8.93939	16	-4.51673
9.13131	16	-4.3688
9.32323	16	-4.22702
9.51515	16	-4.08723
9.70707	16	-3.94347
9.89899	16	-3.78794
10.0909	16	-3.6148
10.2828	16	-3.42764
10.4747	16	-3.2332
10.6667	16	-3.04054
10.8586	16	-2.85652
11.0505	16	-2.68461
11.2424	16	-2.52725
11.4343	16	-2.38582
11.6263	16	-2.25854
11.8182	16	-2.14372
12.0101	16	-2.03923
12.202	16	-1.94
12.3939	16	-1.82863
12.5859	16	-1.66593
12.7778	16	-1.41401
12.9697	16	-1.12797
13.1616	16	-0.891827
13.3535	16	-0.697055
13.5455	16	-0.551504
13.7374	16	-0.437177
13.9293	16	-0.348456
14.1212	16	-0.282009
14.3131	16	-0.226105
14.5051	16	-0.168789
14.697	16	-0.101444
14.8889	16	-0.014441
15.0808	16	0.0915057
15.2727	16	0.208244
15.4646	16	0.287904
15.6566	16	0.267905
15.8485	16	0.248532
16.0404	16	0.196022
16.2323	16	0.0146681
16.4242	16	-0.0649798
16.6162	16	-0.153327
16.8081	16	-0.387638
17	16	-0.495553
-2	17	-100
-1.80808	17	-100
-1.61616	17	-100
-1.42424	17	-100
-1.23232	17	-100
-1.0404	17	-100
-0.848485	17	-100
-0.656566	17	-100
-0.464646	17	-100
-0.272727	17	-100
-0.0808081	17	-100
0.111111	17	-100
0.30303	17	-100
0.494949	17	-100
0.686869	17	-100
0.878788	17	-100
1.07071	17	-100
1.26263	17	-100
1.45455	17	-100
1.64646	17	-100
1.83838	17	-100
2.0303	17	-100
2.22222	17	-100
2.41414	17	-100
2.60606	17	-100
2.79798	17	-100
2.9899	17	-100
3.18182	17	-100
3.37374	17	-100
3.56566	17	-13.4138
3.75758	17	-12.5219
3.94949	17	-12.0411
4.14141	17	-11.6886
4.33333	17	-11.3859
4.52525	17	-11.0535
4.71717	17	-10.5286
4.90909	17	-9.86237
5.10101	17	-9.26219
5.29293	17	-8.76858
5.48485	17	-8.36
5.67677	17	-8.01428
5.86869	17	-7.71593
6.06061	17	-7.45442
6.25253	17	-7.22103
6.44444	17	-7.00997
6.63636	17	-6.81701
6.82828	17	-6.63806
7.0202	17	-6.4687
7.21212	17	-6.30423
7.40404	17	-6.14042
7.59596	17	-5.97397
7.78788	17	-5.80347
7.9798	17	-5.62945
8.17172	17	-5.45437
8.36364	17	-5.28135
8.55556	17	-5.11292
8.74747	17	-4.95074
8.93939	17	-4.7959
9.13131	17	-4.64846
9.32323	17	-4.50712
9.51515	17	-4.36759
9.70707	17	-4.22397
9.89899	17	-4.06841
10.0909	17	-3.89503
10.2828	17	-3.70757
10.4747	17	-3.5129
10.6667	17	-3.32017
10.8586	17	-3.13627
11.0505	17	-2.9648
11.2424	17	-2.80813
11.4343	17	-2.66762
11.6263	17	-2.54146
11.8182	17	-2.42781
12.0101	17	-2.32422
12.202	17	-2.22557
12.3939	17	-2.11437
12.5859	17	-1.9508
12.7778	17	-1.69709
12.9697	17	-1.40985
13.1616	17	-1.1733
13.3535	17	-0.978488
13.5455	17	-0.833456
13.7374	17	-0.719912
13.9293	17	-0.63224
14.1212	17	-0.567089
14.3131	17	-0.512773
14.5051	17	-0.456454
14.697	17	-0.388676
14.8889	17	-0.299973
15.0808	17	-0.189929
15.2727	17	-0.0643915
15.4646	17	0.0671178
15.6566	17	0.177681
15.8485	17	0.150939
16.0404	17	0.135052
16.2323	17	0.0901641
16.4242	17	-0.0873449
16.6162	17	-0.172231
16.8081	17	-0.266454
17	17	-0.489567
-2	18	-100
-1.80808	18	-100
-1.61616	18	-100
-1.42424	18	-100
-1.23232	18	-100
-1.0404	18	-100
-0.848485	18	-100
-0.656566	18	-100
-0.464646	18	-100
-0.272727	18	-100
-0.0808081	18	-100
0.111111	18	-100
0.30303	18	-100
0.494949	18	-100
0.686869	18	-100
0.878788	18	-100
1.07071	18	-100
1.26263	18	-100
1.45455	18	-100
1.64646	18	-100
1.83838	18	-100
2.0303	18	-100
2.22222	18	-100
2.41414	18	-100
2.60606	18	-100
2.79798	18	-100
2.9899	18	-100
3.18182	18	-100
3.37374	18	-100
3.56566	18	-13.7406
3.75758	18	-12.8451
3.94949	18	-12.3631
4.14141	18	-12.0123
4.33333	18	-11.71
4.52525	18	-11.3704
4.71717	18	-10.8278
4.90909	18	-10.1492
5.10101	18	-9.54464
5.29293	18	-9.0497
5.48485	18	-8.64103
5.67677	18	-8.29563
5.86869	18	-7.99742
6.06061	18	-7.73561
6.25253	18	-7.50143
6.44444	18	-7.28917
6.63636	18	-7.09492
6.82828	18	-6.9149
7.0202	18	-6.74478
7.21212	18	-6.57994
7.40404	18	-6.41613
7.59596	18	-6.24995
7.78788	18	-6.07986
7.9798	18	-5.90634
8.17172	18	-5.73179
8.36364	18	-5.55926
8.55556	18	-5.39133
8.74747	18	-5.22964
8.93939	18	-5.07527
9.13131	18	-4.92828
9.32323	18	-4.7874
9.51515	18	-4.64825
9.70707	18	-4.50488
9.89899	18	-4.34944
10.0909	18	-4.17601
10.2828	18	-3.98833
10.4747	18	-3.79345
10.6667	18	-3.60058
10.8586	18	-3.41668
11.0505	18	-3.24538
11.2424	18	-3.08921
11.4343	18	-2.94948
11.6263	18	-2.82432
11.8182	18	-2.71189
12.0101	18	-2.60957
12.202	18	-2.51189
12.3939	18	-2.40118
12.5859	18	-2.23702
12.7778	18	-1.98136
12.9697	18	-1.69263
13.1616	18	-1.45559
13.3535	18	-1.26077
13.5455	18	-1.11612
13.7374	18	-1.00346
13.9293	18	-0.917116
14.1212	18	-0.8535
14.3131	18	-0.801328
14.5051	18	-0.747343
14.697	18	-0.680571
14.8889	18	-0.591461
15.0808	18	-0.479438
15.2727	18	-0.348869
15.4646	18	-0.207796
15.6566	18	-0.0679264
15.8485	18	0.0406175
16.0404	18	0.0315984
16.2323	18	0.0303322
16.4242	18	-0.0308004
16.6162	18	-0.191973
16.8081	18	-0.281916
17	18	-0.381116
-2	19	-100
-1.80808	19	-100
-1.61616	19	-100
-1.42424	19	-100
-1.23232	19	-100
-1.0404	19	-100
-0.848485	19	-100
-0.656566	19	-100
-0.464646	19	-100
-0.272727	19	-100
-0.0808081	19	-100
0.111111	19	-100
0.30303	19	-100
0.494949	19	-100
0.686869	19	-100
0.878788	19	-100
1.07071	19	-100
1.26263	19	-100
1.45455	19	-100
1.64646	19	-100
1.83838	19	-100
2.0303	19	-100
2.22222	19	-100
2.41414	19	-100
2.60606	19	-100
2.79798	19	-100
2.9899	19	-100
3.18182	19	-100
3.37374	19	-100
3.56566	19	-14.072
3.75758	19	-13.1748
3.94949	19	-12.6893
4.14141	19	-12.3373
4.33333	19	-12.0357
4.52525	19	-11.6892
4.71717	19	-11.1266
4.90909	19	-10.4355
5.10101	19	-9.82672
5.29293	19	-9.33038
5.48485	19	-8.92142
5.67677	19	-8.57625
5.86869	19	-8.27836
6.06061	19	-8.01655
6.25253	19	-7.78203
6.44444	19	-7.56888
6.63636	19	-7.37336
6.82828	19	-7.19207
7.0202	19	-7.02093
7.21212	19	-6.85547
7.40404	19	-6.69145
7.59596	19	-6.52544
7.78788	19	-6.35574
7.9798	19	-6.18274
8.17172	19	-6.00873
8.36364	19	-5.83672
8.55556	19	-5.66926
8.74747	19	-5.50809
8.93939	19	-5.35423
9.13131	19	-5.20774
9.32323	19	-5.06733
9.51515	19	-4.92865
9.70707	19	-4.78565
9.89899	19	-4.63036
10.0909	19	-4.4569
10.2828	19	-4.26903
10.4747	19	-4.07387
10.6667	19	-3.88084
10.8586	19	-3.69691
11.0505	19	-3.52574
11.2424	19	-3.3699
11.4343	19	-3.23081
11.6263	19	-3.10652
11.8182	19	-2.99525
12.0101	19	-2.8943
12.202	19	-2.79794
12.3939	19	-2.68798
12.5859	19	-2.52342
12.7778	19	-2.26595
12.9697	19	-1.9755
13.1616	19	-1.73787
13.3535	19	-1.54298
13.5455	19	-1.39875
13.7374	19	-1.28693
13.9293	19	-1.20216
14.1212	19	-1.14056
14.3131	19	-1.09087
14.5051	19	-1.04009
14.697	19	-0.976176
14.8889	19	-0.888052
15.0808	19	-0.775382
15.2727	19	-0.642544
15.4646	19	-0.495025
15.6566	19	-0.344061
15.8485	19	-0.205852
16.0404	19	-0.11558
16.2323	19	-0.103082
16.4242	19	-0.133878
16.6162	19	-0.187298
16.8081	19	-0.307832
17	19	-0.440724
-2	20	-100
-1.80808	20	-100
-1.61616	20	-100
-1.42424	20	-100
-1.23232	20	-100
-1.0404	20	-100
-0.848485	20	-100
-0.656566	20	-100
-0.464646	20	-100
-0.272727	20	-100
-0.0808081	20	-100
0.111111	20	-100
0.30303	20	-100
0.494949	20	-100
0.686869	20	-100
0.878788	20	-100
1.07071	20	-100
1.26263	20	-100
1.45455	20	-100
1.64646	20	-100
1.83838	20	-100
2.0303	20	-100
2.22222	20	-100
2.41414	20	-100
2.60606	20	-100
2.79798	20	-100
2.9899	20	-100
3.18182	20	-100
3.37374	20	-100
3.56566	20	-14.3979
3.75758	20	-13.5035
3.94949	20	-13.0175
4.14141	20	-12.6629
4.33333	20	-12.3602
4.52525	20	-12.0076
4.71717	20	-11.4256
4.90909	20	-10.7224
5.10101	20	-10.11
5.29293	20	-9.61244
5.48485	20	-9.20306
5.67677	20	-8.85792
5.86869	20	-8.56027
6.06061	20	-8.29865
6.25253	20	-8.06399
6.44444	20	-7.85033
6.63636	20	-7.65375
6.82828	20	-7.47114
7.0202	20	-7.29879
7.21212	20	-7.13249
7.40404	20	-6.96805
7.59596	20	-6.80202
7.78788	20	-6.63263
7.9798	20	-6.46009
8.17172	20	-6.28664
8.36364	20	-6.1152
8.55556	20	-5.94828
8.74747	20	-5.78758
8.93939	20	-5.63422
9.13131	20	-5.48824
9.32323	20	-5.34833
9.51515	20	-5.21015
9.70707	20	-5.06756
9.89899	20	-4.91248
10.0909	20	-4.73904
10.2828	20	-4.55107
10.4747	20	-4.35571
10.6667	20	-4.16252
10.8586	20	-3.97854
11.0505	20	-3.80746
11.2424	20	-3.65185
11.4343	20	-3.51322
11.6263	20	-3.38964
11.8182	20	-3.27928
12.0101	20	-3.17954
12.202	20	-3.08453
12.3939	20	-2.9755
12.5859	20	-2.8107
12.7778	20	-2.55165
12.9697	20	-2.25965
13.1616	20	-2.02138
13.3535	20	-1.82647
13.5455	20	-1.68271
13.7374	20	-1.57166
13.9293	20	-1.48835
14.1212	20	-1.4289
14.3131	20	-1.38193
14.5051	20	-1.33439
14.697	20	-1.27443
14.8889	20	-1.18885
15.0808	20	-1.07635
15.2727	20	-0.942664
15.4646	20	-0.791921
15.6566	20	-0.633194
15.8485	20	-0.479584
16.0404	20	-0.354316
16.2323	20	-0.291709
16.4242	20	-0.294064
16.6162	20	-0.324794
16.8081	20	-0.396982
17	20	-0.525833
-2	21	-100
-1.80808	21	-100
-1.61616	21	-100
-1.42424	21	-100
-1.23232	21	-100
-1.0404	21	-100
-0.848485	21	-100
-0.656566	21	-100
-0.464646	21	-100
-0.272727	21	-100
-0.0808081	21	-100
0.111111	21	-100
0.30303	21	-100
0.494949	21	-100
0.686869	21	-100
0.878788	21	-100
1.07071	21	-100
1.26263	21	-100
1.45455	21	-100
1.64646	21	-100
1.83838	21	-100
2.0303	21	-100
2.22222	21	-100
2.41414	21	-100
2.60606	21	-100
2.79798	21	-100
2.9899	21	-100
3.18182	21	-100
3.37374	21	-100
3.56566	21	-14.7212
3.75758	21	-13.8293
3.94949	21	-13.3462
4.14141	21	-12.9914
4.33333	21	-12.6861
4.52525	21	-12.3252
4.71717	21	-11.7227
4.90909	21	-11.007
5.10101	21	-10.3908
5.29293	21	-9.89203
5.48485	21	-9.48219
5.67677	21	-9.13698
5.86869	21	-8.83955
6.06061	21	-8.57825
6.25253	21	-8.34368
6.44444	21	-8.12966
6.63636	21	-7.93218
6.82828	21	-7.74825
7.0202	21	-7.5745
7.21212	21	-7.40709
7.40404	21	-7.24202
7.59596	21	-7.07582
7.78788	21	-6.90663
7.9798	21	-6.73454
8.17172	21	-6.56162
8.36364	21	-6.39076
8.55556	21	-6.22441
8.74747	21	-6.06424
8.93939	21	-5.91141
9.13131	21	-5.766
9.32323	21	-5.62666
9.51515	21	-5.48902
9.70707	21	-5.34691
9.89899	21	-5.19218
10.0909	21	-5.01882
10.2828	21	-4.83079
10.4747	21	-4.63531
10.6667	21	-4.44197
10.8586	21	-4.25795
11.0505	21	-4.08693
11.2424	21	-3.93147
11.4343	21	-3.79314
11.6263	21	-3.67013
11.8182	21	-3.56062
12.0101	21	-3.46198
12.202	21	-3.36837
12.3939	21	-3.26061
12.5859	21	-3.09586
12.7778	21	-2.83524
12.9697	21	-2.54182
13.1616	21	-2.30287
13.3535	21	-2.10783
13.5455	21	-1.96453
13.7374	21	-1.8543
13.9293	21	-1.77238
14.1212	21	-1.71526
14.3131	21	-1.6716
14.5051	21	-1.6279
14.697	21	-1.57256
14.8889	21	-1.49158
15.0808	21	-1.3813
15.2727	21	-1.24744
15.4646	21	-1.09578
15.6566	21	-0.932772
15.8485	21	-0.768616
16.0404	21	-0.619888
16.2323	21	-0.514912
16.4242	21	-0.491209
16.6162	21	-0.501193
16.8081	21	-0.537041
17	21	-0.652584
-2	22	-100
-1.80808	22	-100
-1.61616	22	-100
-1.42424	22	-100
-1.23232	22	-100
-1.0404	22	-100
-0.848485	22	-100
-0.656566	22	-100
-0.464646	22	-100
-0.272727	22	-100
-0.0808081	22	-100
0.111111	22	-100
0.30303	22	-100
0.494949	22	-100
0.686869	22	-100
0.878788	22	-100
1.07071	22	-100
1.26263	22	-100
1.45455	22	-100
1.64646	22	-100
1.83838	22	-100
2.0303	22	-100
2.22222	22	-100
2.41414	22	-100
2.60606	22	-100
2.79798	22	-100
2.9899	22	-100
3.18182	22	-100
3.37374	22	-100
3.56566	22	-15.0505
3.75758	22	-14.1562
3.94949	22	-13.6742
4.14141	22	-13.3211
4.33333	22	-13.0139
4.52525	22	-12.6419
4.71717	22	-12.0168
4.90909	22	-11.2888
5.10101	22	-10.6689
5.29293	22	-10.1689
5.48485	22	-9.75857
5.67677	22	-9.41321
5.86869	22	-9.11586
6.06061	22	-8.85482
6.25253	22	-8.6205
6.44444	22	-8.40645
6.63636	22	-8.20844
6.82828	22	-8.02331
7.0202	22	-7.84804
7.21212	22	-7.67922
7.40404	22	-7.51311
7.59596	22	-7.3464
7.78788	22	-7.17723
7.9798	22	-7.00556
8.17172	22	-6.83326
8.36364	22	-6.66308
8.55556	22	-6.49738
8.74747	22	-6.33779
8.93939	22	-6.18547
9.13131	22	-6.04055
9.32323	22	-5.90168
9.51515	22	-5.76448
9.70707	22	-5.62281
9.89899	22	-5.46848
10.0909	22	-5.29538
10.2828	22	-5.10745
10.4747	22	-4.91199
10.6667	22	-4.71862
10.8586	22	-4.53455
11.0505	22	-4.36357
11.2424	22	-4.20828
11.4343	22	-4.07025
11.6263	22	-3.94774
11.8182	22	-3.83902
12.0101	22	-3.74152
12.202	22	-3.64931
12.3939	22	-3.54296
12.5859	22	-3.37843
12.7778	22	-3.11625
12.9697	22	-2.82127
13.1616	22	-2.58166
13.3535	22	-2.38643
13.5455	22	-2.2435
13.7374	22	-2.13421
13.9293	22	-2.05377
14.1212	22	-1.99896
14.3131	22	-1.95895
14.5051	22	-1.91998
14.697	22	-1.86972
14.8889	22	-1.79446
15.0808	22	-1.68878
15.2727	22	-1.55617
15.4646	22	-1.40425
15.6566	22	-1.23978
15.8485	22	-1.06954
16.0404	22	-0.905468
16.2323	22	-0.766826
16.4242	22	-0.700465
16.6162	22	-0.69888
16.8081	22	-0.713086
17	22	-0.791215
-2	23	-100
-1.80808	23	-100
-1.61616	23	-100
-1.42424	23	-100
-1.23232	23	-100
-1.0404	23	-100
-0.848485	23	-100
-0.656566	23	-100
-0.464646	23	-100
-0.272727	23	-100
-0.0808081	23	-100
0.111111	23	-100
0.30303	23	-100
0.494949	23	-100
0.686869	23	-100
0.878788	23	-100
1.07071	23	-100
1.26263	23	-100
1.45455	23	-100
1.64646	23	-100
1.83838	23	-100
2.0303	23	-100
2.22222	23	-100
2.41414	23	-100
2.60606	23	-100
2.79798	23	-100
2.9899	23	-100
3.18182	23	-100
3.37374	23	-100
3.56566	23	-15.3897
3.75758	23	-14.4905
3.94949	23	-14.0049
4.14141	23	-13.6516
4.33333	23	-13.3436
4.52525	23	-12.9581
4.71717	23	-12.3072
4.90909	23	-11.567
5.10101	23	-10.9435
5.29293	23	-10.4423
5.48485	23	-10.0316
5.67677	23	-9.68603
5.86869	23	-9.38866
6.06061	23	-9.12776
6.25253	23	-8.89372
6.44444	23	-8.67981
6.63636	23	-8.48159
6.82828	23	-8.29563
7.0202	23	-8.11881
7.21212	23	-7.94819
7.40404	23	-7.78058
7.59596	23	-7.61296
7.78788	23	-7.44352
7.9798	23	-7.27213
8.17172	23	-7.10047
8.36364	23	-6.93103
8.55556	23	-6.76606
8.74747	23	-6.60718
8.93939	23	-6.45548
9.13131	23	-6.31114
9.32323	23	-6.17286
9.51515	23	-6.03624
9.70707	23	-5.8951
9.89899	23	-5.7412
10.0909	23	-5.56838
10.2828	23	-5.38056
10.4747	23	-5.18507
10.6667	23	-4.99166
10.8586	23	-4.80759
11.0505	23	-4.6367
11.2424	23	-4.48159
11.4343	23	-4.3439
11.6263	23	-4.2218
11.8182	23	-4.11374
12.0101	23	-4.01721
12.202	23	-3.92626
12.3939	23	-3.82114
12.5859	23	-3.65702
12.7778	23	-3.39359
12.9697	23	-3.09721
13.1616	23	-2.85702
13.3535	23	-2.66167
13.5455	23	-2.5191
13.7374	23	-2.41069
13.9293	23	-2.33186
14.1212	23	-2.27933
14.3131	23	-2.24293
14.5051	23	-2.20929
14.697	23	-2.16505
14.8889	23	-2.0961
15.0808	23	-1.99649
15.2727	23	-1.86765
15.4646	23	-1.71595
15.6566	23	-1.55108
15.8485	23	-1.37868
16.0404	23	-1.20532
16.2323	23	-1.04504
16.4242	23	-0.932421
16.6162	23	-0.906372
16.8081	23	-0.906628
17	23	-0.950902
-2	24	-100
-1.80808	24	-100
-1.61616	24	-100
-1.42424	24	-100
-1.23232	24	-100
-1.0404	24	-100
-0.848485	24	-100
-0.656566	24	-100
-0.464646	24	-100
-0.272727	24	-100
-0.0808081	24	-100
0.111111	24	-100
0.30303	24	-100
0.494949	24	-100
0.686869	24	-100
0.878788	24	-100
1.07071	24	-100
1.26263	24	-100
1.45455	24	-100
1.64646	24	-100
1.83838	24	-100
2.0303	24	-100
2.22222	24	-100
2.41414	24	-100
2.60606	24	-100
2.79798	24	-100
2.9899	24	-100
3.18182	24	-100
3.37374	24	-100
3.56566	24	-15.7333
3.75758	24	-14.832
3.94949	24	-14.3414
4.14141	24	-13.9842
4.33333	24	-13.6741
4.52525	24	-13.2736
4.71717	24	-12.5934
4.90909	24	-11.8405
5.10101	24	-11.2136
5.29293	24	-10.7113
5.48485	24	-10.3001
5.67677	24	-9.9544
5.86869	24	-9.65695
6.06061	24	-9.39609
6.25253	24	-9.16223
6.44444	24	-8.94863
6.63636	24	-8.75044
6.82828	24	-8.56399
7.0202	24	-8.38587
7.21212	24	-8.21333
7.40404	24	-8.04379
7.59596	24	-7.87477
7.78788	24	-7.7047
7.9798	24	-7.53338
8.17172	24	-7.36227
8.36364	24	-7.19362
8.55556	24	-7.02948
8.74747	24	-6.87138
8.93939	24	-6.7204
9.13131	24	-6.5767
9.32323	24	-6.43903
9.51515	24	-6.30302
9.70707	24	-6.16245
9.89899	24	-6.00904
10.0909	24	-5.83661
10.2828	24	-5.64897
10.4747	24	-5.45351
10.6667	24	-5.2601
10.8586	24	-5.07608
11.0505	24	-4.90528
11.2424	24	-4.75039
11.4343	24	-4.613
11.6263	24	-4.49135
11.8182	24	-4.38388
12.0101	24	-4.28825
12.202	24	-4.19847
12.3939	24	-4.09453
12.5859	24	-3.93075
12.7778	24	-3.66614
12.9697	24	-3.36838
13.1616	24	-3.12769
13.3535	24	-2.93229
13.5455	24	-2.79012
13.7374	24	-2.68253
13.9293	24	-2.60533
14.1212	24	-2.55527
14.3131	24	-2.52252
14.5051	24	-2.49431
14.697	24	-2.45726
14.8889	24	-2.39556
15.0808	24	-2.30259
15.2727	24	-2.17969
15.4646	24	-2.03009
15.6566	24	-1.86481
15.8485	24	-1.69194
16.0404	24	-1.51454
16.2323	24	-1.34135
16.4242	24	-1.19462
16.6162	24	-1.1227
16.8081	24	-1.11095
17	24	-1.13151
-2	25	-100
-1.80808	25	-100
-1.61616	25	-100
-1.42424	25	-100
-1.23232	25	-100
-1.0404	25	-100
-0.848485	25	-100
-0.656566	25	-100
-0.464646	25	-100
-0.272727	25	-100
-0.0808081	25	-100
0.111111	25	-100
0.30303	25	-100
0.494949	25	-100
0.686869	25	-100
0.878788	25	-100
1.07071	25	-100
1.26263	25	-100
1.45455	25	-100
1.64646	25	-100
1.83838	25	-100
2.0303	25	-100
2.22222	25	-100
2.41414	25	-100
2.60606	25	-100
2.79798	25	-100
2.9899	25	-100
3.18182	25	-100
3.37374	25	-100
3.56566	25	-16.0765
3.75758	25	-15.1762
3.94949	25	-14.6833
4.14141	25	-14.3211
4.33333	25	-14.0058
4.52525	25	-13.5866
4.71717	25	-12.8735
4.90909	25	-12.1072
5.10101	25	-11.4768
5.29293	25	-10.9734
5.48485	25	-10.5618
5.67677	25	-10.2158
5.86869	25	-9.91831
6.06061	25	-9.65746
6.25253	25	-9.42372
6.44444	25	-9.21042
6.63636	25	-9.01252
6.82828	25	-8.82588
7.0202	25	-8.64692
7.21212	25	-8.47259
7.40404	25	-8.30076
7.59596	25	-8.12972
7.78788	25	-7.95839
7.9798	25	-7.78667
8.17172	25	-7.61587
8.36364	25	-7.44795
8.55556	25	-7.28471
8.74747	25	-7.12752
8.93939	25	-6.97742
9.13131	25	-6.83453
9.32323	25	-6.6976
9.51515	25	-6.5623
9.70707	25	-6.4224
9.89899	25	-6.2696
10.0909	25	-6.09763
10.2828	25	-5.91033
10.4747	25	-5.71504
10.6667	25	-5.52166
10.8586	25	-5.3377
11.0505	25	-5.16706
11.2424	25	-5.01236
11.4343	25	-4.87527
11.6263	25	-4.754
11.8182	25	-4.64708
12.0101	25	-4.55222
12.202	25	-4.4636
12.3939	25	-4.36086
12.5859	25	-4.19753
12.7778	25	-3.93192
12.9697	25	-3.63302
13.1616	25	-3.39179
13.3535	25	-3.1963
13.5455	25	-3.05448
13.7374	25	-2.9476
13.9293	25	-2.87185
14.1212	25	-2.8243
14.3131	25	-2.79537
14.5051	25	-2.77265
14.697	25	-2.74355
14.8889	25	-2.69088
15.0808	25	-2.60573
15.2727	25	-2.48977
15.4646	25	-2.34514
15.6566	25	-2.18077
15.8485	25	-2.00727
16.0404	25	-1.82912
16.2323	25	-1.6496
16.4242	25	-1.48223
16.6162	25	-1.36201
16.8081	25	-1.32253
17	25	-1.32852
-2	26	-100
-1.80808	26	-100
-1.61616	26	-100
-1.42424	26	-100
-1.23232	26	-100
-1.0404	26	-100
-0.848485	26	-100
-0.656566	26	-100
-0.464646	26	-100
-0.272727	26	-100
-0.0808081	26	-100
0.111111	26	-100
0.30303	26	-100
0.494949	26	-100
0.686869	26	-100
0.878788	26	-100
1.07071	26	-100
1.26263	26	-100
1.45455	26	-100
1.64646	26	-100
1.83838	26	-100
2.0303	26	-100
2.22222	26	-100
2.41414	26	-100
2.60606	26	-100
2.79798	26	-100
2.9899	26	-100
3.18182	26	-100
3.37374	26	-100
3.56566	26	-16.4237
3.75758	26	-15.5219
3.94949	26	-15.0284
4.14141	26	-14.6628
4.33333	26	-14.3397
4.52525	26	-13.8946
4.71717	26	-13.1442
4.90909	26	-12.3641
5.10101	26	-11.7303
5.29293	26	-11.2259
5.48485	26	-10.8138
5.67677	26	-10.4676
5.86869	26	-10.17
6.06061	26	-9.90913
6.25253	26	-9.67544
6.44444	26	-9.46233
6.63636	26	-9.26483
6.82828	26	-9.07844
7.0202	26	-8.89908
7.21212	26	-8.72341
7.40404	26	-8.54921
7.59596	26	-8.37551
7.78788	26	-8.20207
7.9798	26	-8.02921
8.17172	26	-7.85823
8.36364	26	-7.69083
8.55556	26	-7.52853
8.74747	26	-7.37241
8.93939	26	-7.22337
9.13131	26	-7.0815
9.32323	26	-6.94551
9.51515	26	-6.81107
9.70707	26	-6.67199
9.89899	26	-6.51991
10.0909	26	-6.34851
10.2828	26	-6.16163
10.4747	26	-5.9666
10.6667	26	-5.77335
10.8586	26	-5.58953
11.0505	26	-5.41909
11.2424	26	-5.26467
11.4343	26	-5.12788
11.6263	26	-5.00702
11.8182	26	-4.90059
12.0101	26	-4.80642
12.202	26	-4.71877
12.3939	26	-4.61716
12.5859	26	-4.45418
12.7778	26	-4.18747
12.9697	26	-3.88754
13.1616	26	-3.64599
13.3535	26	-3.45041
13.5455	26	-3.30902
13.7374	26	-3.20293
13.9293	26	-3.12859
14.1212	26	-3.0836
14.3131	26	-3.05877
14.5051	26	-3.0419
14.697	26	-3.02106
14.8889	26	-2.97903
15.0808	26	-2.90414
15.2727	26	-2.79622
15.4646	26	-2.65835
15.6566	26	-2.49751
15.8485	26	-2.32389
16.0404	26	-2.14545
16.2323	26	-1.96417
16.4242	26	-1.78604
16.6162	26	-1.63249
16.8081	26	-1.54194
17	26	-1.53533
-2	27	-100
-1.80808	27	-100
-1.61616	27	-100
-1.42424	27	-100
-1.23232	27	-100
-1.0404	27	-100
-0.848485	27	-100
-0.656566	27	-100
-0.464646	27	-100
-0.272727	27	-100
-0.0808081	27	-100
0.111111	27	-100
0.30303	27	-100
0.494949	27	-100
0.686869	27	-100
0.878788	27	-100
1.07071	27	-100
1.26263	27	-100
1.45455	27	-100
1.64646	27	-100
1.83838	27	-100
2.0303	27	-100
2.22222	27	-100
2.41414	27	-100
2.60606	27	-100
2.79798	27	-100
2.9899	27	-100
3.18182	27	-100
3.37374	27	-100
3.56566	27	-16.7896
3.75758	27	-15.8792
3.94949	27	-15.3809
4.14141	27	-15.0119
4.33333	27	-14.6798
4.52525	27	-14.1991
4.71717	27	-13.4058
4.90909	27	-12.6119
5.10101	27	-11.9746
5.29293	27	-11.4691
5.48485	27	-11.0566
5.67677	27	-10.7103
5.86869	27	-10.4126
6.06061	27	-10.1517
6.25253	27	-9.91803
6.44444	27	-9.70507
6.63636	27	-9.50793
6.82828	27	-9.32217
7.0202	27	-9.14326
7.21212	27	-8.96731
7.40404	27	-8.79158
7.59596	27	-8.61521
7.78788	27	-8.43896
7.9798	27	-8.26406
8.17172	27	-8.09208
8.36364	27	-7.92456
8.55556	27	-7.76274
8.74747	27	-7.60743
8.93939	27	-7.45935
9.13131	27	-7.3185
9.32323	27	-7.18356
9.51515	27	-7.05018
9.70707	27	-6.9122
9.89899	27	-6.76119
10.0909	27	-6.59069
10.2828	27	-6.40442
10.4747	27	-6.20971
10.6667	27	-6.01653
10.8586	27	-5.83276
11.0505	27	-5.66241
11.2424	27	-5.50815
11.4343	27	-5.37163
11.6263	27	-5.25113
11.8182	27	-5.14525
12.0101	27	-5.05181
12.202	27	-4.96515
12.3939	27	-4.86478
12.5859	27	-4.70268
12.7778	27	-4.43558
12.9697	27	-4.13475
13.1616	27	-3.89266
13.3535	27	-3.69685
13.5455	27	-3.55559
13.7374	27	-3.4501
13.9293	27	-3.37694
14.1212	27	-3.33408
14.3131	27	-3.31313
14.5051	27	-3.30237
14.697	27	-3.29001
14.8889	27	-3.25952
15.0808	27	-3.19751
15.2727	27	-3.10005
15.4646	27	-2.96983
15.6566	27	-2.81486
15.8485	27	-2.64335
16.0404	27	-2.46417
16.2323	27	-2.28273
16.4242	27	-2.10061
16.6162	27	-1.92811
16.8081	27	-1.79183
17	27	-1.74418
-2	28	-100
-1.80808	28	-100
-1.61616	28	-100
-1.42424	28	-100
-1.23232	28	-100
-1.0404	28	-100
-0.848485	28	-100
-0.656566	28	-100
-0.464646	28	-100
-0.272727	28	-100
-0.0808081	28	-100
0.111111	28	-100
0.30303	28	-100
0.494949	28	-100
0.686869	28	-100
0.878788	28	-100
1.07071	28	-100
1.26263	28	-100
1.45455	28	-100
1.64646	28	-100
1.83838	28	-100
2.0303	28	-100
2.22222	28	-100
2.41414	28	-100
2.60606	28	-100
2.79798	28	-100
2.9899	28	-100
3.18182	28	-100
3.37374	28	-100
3.56566	28	-17.192
3.75758	28	-16.2675
3.94949	28	-15.7555
4.14141	28	-15.3776
4.33333	28	-15.0337
4.52525	28	-14.5068
4.71717	28	-13.6663
4.90909	28	-12.8594
5.10101	28	-12.2191
5.29293	28	-11.7127
5.48485	28	-11.2999
5.67677	28	-10.9534
5.86869	28	-10.6556
6.06061	28	-10.3948
6.25253	28	-10.1613
6.44444	28	-9.9485
6.63636	28	-9.75172
6.82828	28	-9.56674
7.0202	28	-9.38907
7.21212	28	-9.21419
7.40404	28	-9.03881
7.59596	28	-8.86132
7.78788	28	-8.68273
7.9798	28	-8.50527
8.17172	28	-8.33131
8.36364	28	-8.16267
8.55556	28	-8.00049
8.74747	28	-7.84539
8.93939	28	-7.69784
9.13131	28	-7.55768
9.32323	28	-7.42349
9.51515	28	-7.29092
9.70707	28	-7.15372
9.89899	28	-7.0035
10.0909	28	-6.83373
10.2828	28	-6.64806
10.4747	28	-6.45384
10.6667	28	-6.26102
10.8586	28	-6.07749
11.0505	28	-5.9073
11.2424	28	-5.75318
11.4343	28	-5.61686
11.6263	28	-5.49664
11.8182	28	-5.39119
12.0101	28	-5.29843
12.202	28	-5.21264
12.3939	28	-5.11331
12.5859	28	-4.95172
12.7778	28	-4.68381
12.9697	28	-4.38184
13.1616	28	-4.13935
13.3535	28	-3.94337
13.5455	28	-3.80244
13.7374	28	-3.69761
13.9293	28	-3.62556
14.1212	28	-3.58465
14.3131	28	-3.56708
14.5051	28	-3.56201
14.697	28	-3.55808
14.8889	28	-3.53876
15.0808	28	-3.49039
15.2727	28	-3.40619
15.4646	28	-3.28465
15.6566	28	-3.13609
15.8485	28	-2.9694
16.0404	28	-2.7907
16.2323	28	-2.60847
16.4242	28	-2.42586
16.6162	28	-2.24508
16.8081	28	-2.08043
17	28	-1.97476
-2	29	-100
-1.80808	29	-100
-1.61616	29	-100
-1.42424	29	-100
-1.23232	29	-100
-1.0404	29	-100
-0.848485	29	-100
-0.656566	29	-100
-0.464646	29	-100
-0.272727	29	-100
-0.0808081	29	-100
0.111111	29	-100
0.30303	29	-100
0.494949	29	-100
0.686869	29	-100
0.878788	29	-100
1.07071	29	-100
1.26263	29	-100
1.45455	29	-100
1.64646	29	-100
1.83838	29	-100
2.0303	29	-100
2.22222	29	-100
2.41414	29	-100
2.60606	29	-100
2.79798	29	-100
2.9899	29	-100
3.18182	29	-100
3.37374	29	-100
3.56566	29	-17.6611
3.75758	29	-16.7224
3.94949	29	-16.1885
4.14141	29	-15.7885
4.33333	29	-15.4227
4.52525	29	-14.8391
4.71717	29	-13.951
4.90909	29	-13.1324
5.10101	29	-12.4894
5.29293	29	-11.982
5.48485	29	-11.5689
5.67677	29	-11.2222
5.86869	29	-10.9244
6.06061	29	-10.6636
6.25253	29	-10.4301
6.44444	29	-10.2174
6.63636	29	-10.0209
6.82828	29	-9.83641
7.0202	29	-9.65982
7.21212	29	-9.48677
7.40404	29	-9.31363
7.59596	29	-9.13818
7.78788	29	-8.96048
7.9798	29	-8.78265
8.17172	29	-8.60755
8.36364	29	-8.43755
8.55556	29	-8.27414
8.74747	29	-8.11807
8.93939	29	-7.96981
9.13131	29	-7.82914
9.32323	29	-7.69462
9.51515	29	-7.56187
9.70707	29	-7.42466
9.89899	29	-7.27454
10.0909	29	-7.10496
10.2828	29	-6.91949
10.4747	29	-6.72541
10.6667	29	-6.53271
10.8586	29	-6.34915
11.0505	29	-6.17884
11.2424	29	-6.02457
11.4343	29	-5.88817
11.6263	29	-5.76797
11.8182	29	-5.66265
12.0101	29	-5.57022
12.202	29	-5.48503
12.3939	29	-5.3866
12.5859	29	-5.22611
12.7778	29	-4.95873
12.9697	29	-4.65656
13.1616	29	-4.41356
13.3535	29	-4.2171
13.5455	29	-4.07586
13.7374	29	-3.97102
13.9293	29	-3.8993
14.1212	29	-3.85964
14.3131	29	-3.84432
14.5051	29	-3.84336
14.697	29	-3.84655
14.8889	29	-3.83673
15.0808	29	-3.79981
15.2727	29	-3.72874
15.4646	29	-3.61755
15.6566	29	-3.47455
15.8485	29	-3.31258
16.0404	29	-3.13771
16.2323	29	-2.95518
16.4242	29	-2.77157
16.6162	29	-2.58966
16.8081	29	-2.41202
17	29	-2.26241
