-6	0	0.0751617	26.3947
-5.85859	0	0.0751617	26.5361
-5.71717	0	0.0751617	26.6775
-5.57576	0	0.0751617	26.8189
-5.43434	0	0.0751617	26.9603
-5.29293	0	0.0751617	27.1017
-5.15152	0	0.0751617	27.2432
-5.0101	0	0.0751617	27.3846
-4.86869	0	0.0751617	27.526
-4.72727	0	0.0751617	27.6674
-4.58586	0	0.0751617	27.8085
-4.44444	0	0.0751617	27.9256
-4.30303	0	0.0751617	28.0297
-4.16162	0	0.0751617	28.1294
-4.0202	0	0.0751617	28.2477
-3.87879	0	0.0751617	28.3449
-3.73737	0	0.0751617	28.4396
-3.59596	0	0.0751617	28.5355
-3.45455	0	0.0751617	28.6193
-3.31313	0	0.0751617	28.7002
-3.17172	0	0.0751617	28.7711
-3.0303	0	0.0751617	28.8161
-2.88889	0	0.0751617	28.8234
-2.74747	0	0.0751617	28.8175
-2.60606	0	0.0751617	28.8216
-2.46465	0	0.0751617	28.809
-2.32323	0	0.0751617	28.7756
-2.18182	0	0.0751617	28.7686
-2.0404	0	0.0751617	28.7772
-1.89899	0	0.0751617	28.774
-1.75758	0	0.0751617	28.6434
-1.61616	0	0.0751617	28.0995
-1.47475	0	0.0751617	27.3953
-1.33333	0	0.0751617	26.8076
-1.19192	0	0.0751617	26.5029
-1.05051	0	0.0751617	26.3452
-0.909091	0	0.0751617	26.2143
-0.767677	0	0.0751617	26.0766
-0.626263	0	0.0751617	25.9225
-0.484848	0	0.0751617	25.7522
-0.343434	0	0.0751617	25.577
-0.20202	0	0.0751617	25.399
-0.0606061	0	0.0751617	25.1952
0.0808081	0	0.0751617	24.9516
0.222222	0	0.0751617	24.6833
0.363636	0	0.0751617	24.4262
0.505051	0	0.0751617	24.138
0.646465	0	0.0751617	23.8038
0.787879	0	0.0751617	23.5115
0.929293	0	0.0751617	23.2408
1.07071	0	0.0751617	22.9707
1.21212	0	0.0751617	22.7377
1.35354	0	0.0751617	22.5231
1.49495	0	0.0751617	22.3112
1.63636	0	0.0751617	22.0951
1.77778	0	0.0751617	21.8701
1.91919	0	0.0751617	21.637
2.06061	0	0.0751617	21.3963
2.20202	0	0.0751617	21.1463
2.34343	0	0.0751617	20.8874
2.48485	0	0.0751617	20.6259
2.62626	0	0.0751617	20.3653
2.76768	0	0.0751617	20.1026
2.90909	0	0.0751617	19.8437
3.05051	0	0.0751617	19.5946
3.19192	0	0.0751617	19.3498
3.33333	0	0.0751617	19.1086
3.47475	0	0.0751617	18.872
3.61616	0	0.0751617	18.6355
3.75758	0	0.0751617	18.3972
3.89899	0	0.0751617	18.1564
4.0404	0	0.0751617	17.9121
4.18182	0	0.0751617	17.6647
4.32323	0	0.0751617	17.4144
4.46465	0	0.0751617	17.1619
4.60606	0	0.0751617	16.9082
4.74747	0	0.0751617	16.6542
4.88889	0	0.0751617	16.4
5.0303	0	0.0751617	16.1448
5.17172	0	0.0751617	15.8888
5.31313	0	0.0751617	15.6302
5.45455	0	0.0751617	15.3668
5.59596	0	0.0751617	15.096
5.73737	0	0.0751617	14.8133
5.87879	0	0.0751617	14.5179
6.0202	0	0.0751617	14.1906
6.16162	0	0.0751617	13.845
6.30303	0	0.0751617	13.4367
6.44444	0	0.0751617	12.9798
6.58586	0	0.0751617	12.3397
6.72727	0	0.0751617	11.6726
6.86869	0	0.0751617	10.5812
7.0101	0	0.0751617	9.05455
7.15152	0	0.0751617	8.19663
7.29293	0	0.0751617	7.82707
7.43434	0	0.0751617	7.44546
7.57576	0	0.0751617	7.04583
7.71717	0	0.0751617	6.64075
7.85859	0	0.0751617	6.23583
8	0	0.0751617	5.81549
-6	1	0.140371	26.1125
-5.85859	1	0.140371	26.2539
-5.71717	1	0.140371	26.3953
-5.57576	1	0.140371	26.5367
-5.43434	1	0.140371	26.6782
-5.29293	1	0.140371	26.8196
-5.15152	1	0.140371	26.961
-5.0101	1	0.140371	27.1024
-4.86869	1	0.140371	27.2438
-4.72727	1	0.140371	27.3852
-4.58586	1	0.140371	27.5265
-4.44444	1	0.140371	27.6519
-4.30303	1	0.140371	27.7634
-4.16162	1	0.140371	27.8743
-4.0202	1	0.140371	27.9782
-3.87879	1	0.140371	28.0774
-3.73737	1	0.140371	28.1777
-3.59596	1	0.140371	28.2737
-3.45455	1	0.140371	28.3572
-3.31313	1	0.140371	28.4347
-3.17172	1	0.140371	28.5041
-3.0303	1	0.140371	28.5476
-2.88889	1	0.140371	28.5548
-2.74747	1	0.140371	28.5495
-2.60606	1	0.140371	28.558
-2.46465	1	0.140371	28.5547
-2.32323	1	0.140371	28.5341
-2.18182	1	0.140371	28.538
-2.0404	1	0.140371	28.5545
-1.89899	1	0.140371	28.4922
-1.75758	1	0.140371	28.2404
-1.61616	1	0.140371	27.6735
-1.47475	1	0.140371	26.9999
-1.33333	1	0.140371	26.499
-1.19192	1	0.140371	26.2504
-1.05051	1	0.140371	26.1012
-0.909091	1	0.140371	25.9674
-0.767677	1	0.140371	25.8253
-0.626263	1	0.140371	25.6672
-0.484848	1	0.140371	25.4955
-0.343434	1	0.140371	25.32
-0.20202	1	0.140371	25.1367
-0.0606061	1	0.140371	24.9248
0.0808081	1	0.140371	24.6774
0.222222	1	0.140371	24.4126
0.363636	1	0.140371	24.1505
0.505051	1	0.140371	23.8558
0.646465	1	0.140371	23.529
0.787879	1	0.140371	23.2416
0.929293	1	0.140371	22.9733
1.07071	1	0.140371	22.7129
1.21212	1	0.140371	22.4852
1.35354	1	0.140371	22.2727
1.49495	1	0.140371	22.0617
1.63636	1	0.140371	21.8451
1.77778	1	0.140371	21.6195
1.91919	1	0.140371	21.3858
2.06061	1	0.140371	21.1443
2.20202	1	0.140371	20.8935
2.34343	1	0.140371	20.6345
2.48485	1	0.140371	20.3736
2.62626	1	0.140371	20.113
2.76768	1	0.140371	19.8511
2.90909	1	0.140371	19.5938
3.05051	1	0.140371	19.3458
3.19192	1	0.140371	19.1019
3.33333	1	0.140371	18.8619
3.47475	1	0.140371	18.6259
3.61616	1	0.140371	18.3897
3.75758	1	0.140371	18.1516
3.89899	1	0.140371	17.9108
4.0404	1	0.140371	17.6665
4.18182	1	0.140371	17.419
4.32323	1	0.140371	17.1687
4.46465	1	0.140371	16.9162
4.60606	1	0.140371	16.6626
4.74747	1	0.140371	16.4086
4.88889	1	0.140371	16.1543
5.0303	1	0.140371	15.8991
5.17172	1	0.140371	15.6428
5.31313	1	0.140371	15.3843
5.45455	1	0.140371	15.1198
5.59596	1	0.140371	14.8492
5.73737	1	0.140371	14.5672
5.87879	1	0.140371	14.2682
6.0202	1	0.140371	13.9431
6.16162	1	0.140371	13.5985
6.30303	1	0.140371	13.1885
6.44444	1	0.140371	12.7276
6.58586	1	0.140371	12.0779
6.72727	1	0.140371	11.4134
6.86869	1	0.140371	10.3249
7.0101	1	0.140371	8.83058
7.15152	1	0.140371	8.0372
7.29293	1	0.140371	7.65807
7.43434	1	0.140371	7.27064
7.57576	1	0.140371	6.88143
7.71717	1	0.140371	6.49013
7.85859	1	0.140371	6.07997
8	1	0.140371	5.64011
-6	2	0.20558	25.9636
-5.85859	2	0.20558	26.105
-5.71717	2	0.20558	26.2464
-5.57576	2	0.20558	26.3878
-5.43434	2	0.20558	26.5292
-5.29293	2	0.20558	26.6707
-5.15152	2	0.20558	26.8121
-5.0101	2	0.20558	26.9535
-4.86869	2	0.20558	27.0949
-4.72727	2	0.20558	27.2363
-4.58586	2	0.20558	27.3775
-4.44444	2	0.20558	27.4981
-4.30303	2	0.20558	27.6077
-4.16162	2	0.20558	27.7187
-4.0202	2	0.20558	27.825
-3.87879	2	0.20558	27.9172
-3.73737	2	0.20558	28.0053
-3.59596	2	0.20558	28.0943
-3.45455	2	0.20558	28.1758
-3.31313	2	0.20558	28.2538
-3.17172	2	0.20558	28.3246
-3.0303	2	0.20558	28.373
-2.88889	2	0.20558	28.3824
-2.74747	2	0.20558	28.3791
-2.60606	2	0.20558	28.3929
-2.46465	2	0.20558	28.3981
-2.32323	2	0.20558	28.3862
-2.18182	2	0.20558	28.395
-2.0404	2	0.20558	28.3709
-1.89899	2	0.20558	28.2287
-1.75758	2	0.20558	27.9711
-1.61616	2	0.20558	27.4124
-1.47475	2	0.20558	26.7642
-1.33333	2	0.20558	26.3041
-1.19192	2	0.20558	26.0731
-1.05051	2	0.20558	25.9245
-0.909091	2	0.20558	25.7871
-0.767677	2	0.20558	25.6411
-0.626263	2	0.20558	25.4804
-0.484848	2	0.20558	25.3066
-0.343434	2	0.20558	25.1272
-0.20202	2	0.20558	24.9376
-0.0606061	2	0.20558	24.7211
0.0808081	2	0.20558	24.4723
0.222222	2	0.20558	24.207
0.363636	2	0.20558	23.942
0.505051	2	0.20558	23.6475
0.646465	2	0.20558	23.3256
0.787879	2	0.20558	23.042
0.929293	2	0.20558	22.7787
1.07071	2	0.20558	22.5256
1.21212	2	0.20558	22.3015
1.35354	2	0.20558	22.0896
1.49495	2	0.20558	21.878
1.63636	2	0.20558	21.6602
1.77778	2	0.20558	21.4335
1.91919	2	0.20558	21.199
2.06061	2	0.20558	20.9566
2.20202	2	0.20558	20.7053
2.34343	2	0.20558	20.4466
2.48485	2	0.20558	20.1863
2.62626	2	0.20558	19.9265
2.76768	2	0.20558	19.666
2.90909	2	0.20558	19.4106
3.05051	2	0.20558	19.164
3.19192	2	0.20558	18.9214
3.33333	2	0.20558	18.6824
3.47475	2	0.20558	18.4468
3.61616	2	0.20558	18.2107
3.75758	2	0.20558	17.9726
3.89899	2	0.20558	17.7316
4.0404	2	0.20558	17.4871
4.18182	2	0.20558	17.2396
4.32323	2	0.20558	16.9893
4.46465	2	0.20558	16.7369
4.60606	2	0.20558	16.4834
4.74747	2	0.20558	16.2296
4.88889	2	0.20558	15.9756
5.0303	2	0.20558	15.7205
5.17172	2	0.20558	15.4648
5.31313	2	0.20558	15.2067
5.45455	2	0.20558	14.9426
5.59596	2	0.20558	14.6712
5.73737	2	0.20558	14.3879
5.87879	2	0.20558	14.0898
6.0202	2	0.20558	13.7662
6.16162	2	0.20558	13.417
6.30303	2	0.20558	13.0039
6.44444	2	0.20558	12.5456
6.58586	2	0.20558	11.8836
6.72727	2	0.20558	11.2146
6.86869	2	0.20558	10.1329
7.0101	2	0.20558	8.64918
7.15152	2	0.20558	7.86614
7.29293	2	0.20558	7.48419
7.43434	2	0.20558	7.10526
7.57576	2	0.20558	6.72486
7.71717	2	0.20558	6.32784
7.85859	2	0.20558	5.90409
8	2	0.20558	5.4613
-6	3	0.27079	25.84
-5.85859	3	0.27079	25.9814
-5.71717	3	0.27079	26.1228
-5.57576	3	0.27079	26.2642
-5.43434	3	0.27079	26.4056
-5.29293	3	0.27079	26.547
-5.15152	3	0.27079	26.6884
-5.0101	3	0.27079	26.8299
-4.86869	3	0.27079	26.9713
-4.72727	3	0.27079	27.1127
-4.58586	3	0.27079	27.254
-4.44444	3	0.27079	27.3813
-4.30303	3	0.27079	27.486
-4.16162	3	0.27079	27.5924
-4.0202	3	0.27079	27.6891
-3.87879	3	0.27079	27.7759
-3.73737	3	0.27079	27.8647
-3.59596	3	0.27079	27.9554
-3.45455	3	0.27079	28.0339
-3.31313	3	0.27079	28.1084
-3.17172	3	0.27079	28.1802
-3.0303	3	0.27079	28.2302
-2.88889	3	0.27079	28.2426
-2.74747	3	0.27079	28.2451
-2.60606	3	0.27079	28.2651
-2.46465	3	0.27079	28.2765
-2.32323	3	0.27079	28.2706
-2.18182	3	0.27079	28.2592
-2.0404	3	0.27079	28.1611
-1.89899	3	0.27079	28.0061
-1.75758	3	0.27079	27.7501
-1.61616	3	0.27079	27.1976
-1.47475	3	0.27079	26.5691
-1.33333	3	0.27079	26.1368
-1.19192	3	0.27079	25.9165
-1.05051	3	0.27079	25.7672
-0.909091	3	0.27079	25.6267
-0.767677	3	0.27079	25.478
-0.626263	3	0.27079	25.3146
-0.484848	3	0.27079	25.1375
-0.343434	3	0.27079	24.9541
-0.20202	3	0.27079	24.761
-0.0606061	3	0.27079	24.5412
0.0808081	3	0.27079	24.2899
0.222222	3	0.27079	24.0244
0.363636	3	0.27079	23.7586
0.505051	3	0.27079	23.4644
0.646465	3	0.27079	23.147
0.787879	3	0.27079	22.8676
0.929293	3	0.27079	22.6082
1.07071	3	0.27079	22.3601
1.21212	3	0.27079	22.1381
1.35354	3	0.27079	21.9263
1.49495	3	0.27079	21.7139
1.63636	3	0.27079	21.4949
1.77778	3	0.27079	21.2673
1.91919	3	0.27079	21.032
2.06061	3	0.27079	20.789
2.20202	3	0.27079	20.5372
2.34343	3	0.27079	20.2789
2.48485	3	0.27079	20.0194
2.62626	3	0.27079	19.7604
2.76768	3	0.27079	19.5013
2.90909	3	0.27079	19.2476
3.05051	3	0.27079	19.0021
3.19192	3	0.27079	18.7605
3.33333	3	0.27079	18.5223
3.47475	3	0.27079	18.287
3.61616	3	0.27079	18.051
3.75758	3	0.27079	17.8128
3.89899	3	0.27079	17.5716
4.0404	3	0.27079	17.3271
4.18182	3	0.27079	17.0796
4.32323	3	0.27079	16.8295
4.46465	3	0.27079	16.5774
4.60606	3	0.27079	16.3245
4.74747	3	0.27079	16.0713
4.88889	3	0.27079	15.8179
5.0303	3	0.27079	15.5636
5.17172	3	0.27079	15.3082
5.31313	3	0.27079	15.0501
5.45455	3	0.27079	14.7862
5.59596	3	0.27079	14.5156
5.73737	3	0.27079	14.2315
5.87879	3	0.27079	13.9346
6.0202	3	0.27079	13.6084
6.16162	3	0.27079	13.2594
6.30303	3	0.27079	12.845
6.44444	3	0.27079	12.3843
6.58586	3	0.27079	11.7183
6.72727	3	0.27079	11.0376
6.86869	3	0.27079	9.96263
7.0101	3	0.27079	8.48166
7.15152	3	0.27079	7.69893
7.29293	3	0.27079	7.32339
7.43434	3	0.27079	6.95245
7.57576	3	0.27079	6.56835
7.71717	3	0.27079	6.16013
7.85859	3	0.27079	5.73312
8	3	0.27079	5.30319
-6	4	0.335999	25.7321
-5.85859	4	0.335999	25.8736
-5.71717	4	0.335999	26.015
-5.57576	4	0.335999	26.1564
-5.43434	4	0.335999	26.2978
-5.29293	4	0.335999	26.4392
-5.15152	4	0.335999	26.5806
-5.0101	4	0.335999	26.722
-4.86869	4	0.335999	26.8635
-4.72727	4	0.335999	27.0049
-4.58586	4	0.335999	27.1461
-4.44444	4	0.335999	27.268
-4.30303	4	0.335999	27.3753
-4.16162	4	0.335999	27.4817
-4.0202	4	0.335999	27.58
-3.87879	4	0.335999	27.6643
-3.73737	4	0.335999	27.7528
-3.59596	4	0.335999	27.8384
-3.45455	4	0.335999	27.9168
-3.31313	4	0.335999	27.9919
-3.17172	4	0.335999	28.0626
-3.0303	4	0.335999	28.1158
-2.88889	4	0.335999	28.1314
-2.74747	4	0.335999	28.1382
-2.60606	4	0.335999	28.1616
-2.46465	4	0.335999	28.1781
-2.32323	4	0.335999	28.1726
-2.18182	4	0.335999	28.0982
-2.0404	4	0.335999	27.9694
-1.89899	4	0.335999	27.8103
-1.75758	4	0.335999	27.5548
-1.61616	4	0.335999	27.008
-1.47475	4	0.335999	26.3972
-1.33333	4	0.335999	25.9875
-1.19192	4	0.335999	25.7747
-1.05051	4	0.335999	25.6244
-0.909091	4	0.335999	25.4815
-0.767677	4	0.335999	25.3304
-0.626263	4	0.335999	25.164
-0.484848	4	0.335999	24.9836
-0.343434	4	0.335999	24.7978
-0.20202	4	0.335999	24.6019
-0.0606061	4	0.335999	24.3792
0.0808081	4	0.335999	24.1261
0.222222	4	0.335999	23.8607
0.363636	4	0.335999	23.5946
0.505051	4	0.335999	23.3012
0.646465	4	0.335999	22.988
0.787879	4	0.335999	22.7122
0.929293	4	0.335999	22.4559
1.07071	4	0.335999	22.2113
1.21212	4	0.335999	21.9906
1.35354	4	0.335999	21.7789
1.49495	4	0.335999	21.5658
1.63636	4	0.335999	21.346
1.77778	4	0.335999	21.1176
1.91919	4	0.335999	20.8819
2.06061	4	0.335999	20.6385
2.20202	4	0.335999	20.3866
2.34343	4	0.335999	20.1288
2.48485	4	0.335999	19.8699
2.62626	4	0.335999	19.6117
2.76768	4	0.335999	19.3539
2.90909	4	0.335999	19.1015
3.05051	4	0.335999	18.8569
3.19192	4	0.335999	18.6161
3.33333	4	0.335999	18.3786
3.47475	4	0.335999	18.1435
3.61616	4	0.335999	17.9076
3.75758	4	0.335999	17.6694
3.89899	4	0.335999	17.4282
4.0404	4	0.335999	17.1837
4.18182	4	0.335999	16.9363
4.32323	4	0.335999	16.6863
4.46465	4	0.335999	16.4346
4.60606	4	0.335999	16.1821
4.74747	4	0.335999	15.9294
4.88889	4	0.335999	15.6765
5.0303	4	0.335999	15.4226
5.17172	4	0.335999	15.1675
5.31313	4	0.335999	14.9097
5.45455	4	0.335999	14.6461
5.59596	4	0.335999	14.3757
5.73737	4	0.335999	14.0912
5.87879	4	0.335999	13.7948
6.0202	4	0.335999	13.4676
6.16162	4	0.335999	13.1185
6.30303	4	0.335999	12.7031
6.44444	4	0.335999	12.2418
6.58586	4	0.335999	11.5723
6.72727	4	0.335999	10.882
6.86869	4	0.335999	9.81407
7.0101	4	0.335999	8.3345
7.15152	4	0.335999	7.55741
7.29293	4	0.335999	7.1896
7.43434	4	0.335999	6.81747
7.57576	4	0.335999	6.42404
7.71717	4	0.335999	6.01128
7.85859	4	0.335999	5.59329
8	4	0.335999	5.1753
-6	5	0.401208	25.6354
-5.85859	5	0.401208	25.7769
-5.71717	5	0.401208	25.9183
-5.57576	5	0.401208	26.0597
-5.43434	5	0.401208	26.2011
-5.29293	5	0.401208	26.3425
-5.15152	5	0.401208	26.4839
-5.0101	5	0.401208	26.6253
-4.86869	5	0.401208	26.7668
-4.72727	5	0.401208	26.9082
-4.58586	5	0.401208	27.0493
-4.44444	5	0.401208	27.1682
-4.30303	5	0.401208	27.2741
-4.16162	5	0.401208	27.3694
-4.0202	5	0.401208	27.4699
-3.87879	5	0.401208	27.5634
-3.73737	5	0.401208	27.6498
-3.59596	5	0.401208	27.7347
-3.45455	5	0.401208	27.8116
-3.31313	5	0.401208	27.8881
-3.17172	5	0.401208	27.9587
-3.0303	5	0.401208	28.012
-2.88889	5	0.401208	28.0293
-2.74747	5	0.401208	28.0408
-2.60606	5	0.401208	28.0682
-2.46465	5	0.401208	28.0919
-2.32323	5	0.401208	28.0612
-2.18182	5	0.401208	27.9341
-2.0404	5	0.401208	27.7914
-1.89899	5	0.401208	27.6302
-1.75758	5	0.401208	27.3752
-1.61616	5	0.401208	26.8336
-1.47475	5	0.401208	26.2386
-1.33333	5	0.401208	25.8473
-1.19192	5	0.401208	25.6396
-1.05051	5	0.401208	25.4876
-0.909091	5	0.401208	25.3424
-0.767677	5	0.401208	25.189
-0.626263	5	0.401208	25.0201
-0.484848	5	0.401208	24.8372
-0.343434	5	0.401208	24.6495
-0.20202	5	0.401208	24.4515
-0.0606061	5	0.401208	24.2267
0.0808081	5	0.401208	23.9725
0.222222	5	0.401208	23.7072
0.363636	5	0.401208	23.441
0.505051	5	0.401208	23.1488
0.646465	5	0.401208	22.8387
0.787879	5	0.401208	22.5655
0.929293	5	0.401208	22.3114
1.07071	5	0.401208	22.0692
1.21212	5	0.401208	21.8496
1.35354	5	0.401208	21.6379
1.49495	5	0.401208	21.4245
1.63636	5	0.401208	21.2041
1.77778	5	0.401208	20.9753
1.91919	5	0.401208	20.7394
2.06061	5	0.401208	20.4958
2.20202	5	0.401208	20.244
2.34343	5	0.401208	19.9865
2.48485	5	0.401208	19.7283
2.62626	5	0.401208	19.4707
2.76768	5	0.401208	19.2138
2.90909	5	0.401208	18.9624
3.05051	5	0.401208	18.7185
3.19192	5	0.401208	18.4783
3.33333	5	0.401208	18.2413
3.47475	5	0.401208	18.0064
3.61616	5	0.401208	17.7706
3.75758	5	0.401208	17.5324
3.89899	5	0.401208	17.2913
4.0404	5	0.401208	17.0468
4.18182	5	0.401208	16.7995
4.32323	5	0.401208	16.5497
4.46465	5	0.401208	16.2982
4.60606	5	0.401208	16.046
4.74747	5	0.401208	15.7937
4.88889	5	0.401208	15.5411
5.0303	5	0.401208	15.2876
5.17172	5	0.401208	15.033
5.31313	5	0.401208	14.7754
5.45455	5	0.401208	14.5118
5.59596	5	0.401208	14.2414
5.73737	5	0.401208	13.9572
5.87879	5	0.401208	13.6608
6.0202	5	0.401208	13.334
6.16162	5	0.401208	12.9847
6.30303	5	0.401208	12.569
6.44444	5	0.401208	12.1068
6.58586	5	0.401208	11.4363
6.72727	5	0.401208	10.7472
6.86869	5	0.401208	9.67765
7.0101	5	0.401208	8.20216
7.15152	5	0.401208	7.43937
7.29293	5	0.401208	7.07314
7.43434	5	0.401208	6.69358
7.57576	5	0.401208	6.29428
7.71717	5	0.401208	5.88687
7.85859	5	0.401208	5.48023
8	5	0.401208	5.06181
-6	6	0.466417	25.5381
-5.85859	6	0.466417	25.6795
-5.71717	6	0.466417	25.821
-5.57576	6	0.466417	25.9624
-5.43434	6	0.466417	26.1038
-5.29293	6	0.466417	26.2452
-5.15152	6	0.466417	26.3866
-5.0101	6	0.466417	26.528
-4.86869	6	0.466417	26.6694
-4.72727	6	0.466417	26.8109
-4.58586	6	0.466417	26.9521
-4.44444	6	0.466417	27.0778
-4.30303	6	0.466417	27.1887
-4.16162	6	0.466417	27.293
-4.0202	6	0.466417	27.3897
-3.87879	6	0.466417	27.4779
-3.73737	6	0.466417	27.5645
-3.59596	6	0.466417	27.6507
-3.45455	6	0.466417	27.7285
-3.31313	6	0.466417	27.8038
-3.17172	6	0.466417	27.8726
-3.0303	6	0.466417	27.9259
-2.88889	6	0.466417	27.9474
-2.74747	6	0.466417	27.9627
-2.60606	6	0.466417	27.9946
-2.46465	6	0.466417	28.0188
-2.32323	6	0.466417	27.9318
-2.18182	6	0.466417	27.7734
-2.0404	6	0.466417	27.6236
-1.89899	6	0.466417	27.4612
-1.75758	6	0.466417	27.2066
-1.61616	6	0.466417	26.6704
-1.47475	6	0.466417	26.0907
-1.33333	6	0.466417	25.7161
-1.19192	6	0.466417	25.5123
-1.05051	6	0.466417	25.3588
-0.909091	6	0.466417	25.2116
-0.767677	6	0.466417	25.0562
-0.626263	6	0.466417	24.8849
-0.484848	6	0.466417	24.6998
-0.343434	6	0.466417	24.5102
-0.20202	6	0.466417	24.3102
-0.0606061	6	0.466417	24.0837
0.0808081	6	0.466417	23.8288
0.222222	6	0.466417	23.5634
0.363636	6	0.466417	23.2975
0.505051	6	0.466417	23.0067
0.646465	6	0.466417	22.6994
0.787879	6	0.466417	22.4288
0.929293	6	0.466417	22.1769
1.07071	6	0.466417	21.9367
1.21212	6	0.466417	21.7178
1.35354	6	0.466417	21.5062
1.49495	6	0.466417	21.2925
1.63636	6	0.466417	21.0718
1.77778	6	0.466417	20.8428
1.91919	6	0.466417	20.6067
2.06061	6	0.466417	20.3632
2.20202	6	0.466417	20.1115
2.34343	6	0.466417	19.8544
2.48485	6	0.466417	19.5968
2.62626	6	0.466417	19.34
2.76768	6	0.466417	19.0839
2.90909	6	0.466417	18.8333
3.05051	6	0.466417	18.5902
3.19192	6	0.466417	18.3506
3.33333	6	0.466417	18.114
3.47475	6	0.466417	17.8793
3.61616	6	0.466417	17.6437
3.75758	6	0.466417	17.4057
3.89899	6	0.466417	17.1646
4.0404	6	0.466417	16.9204
4.18182	6	0.466417	16.6733
4.32323	6	0.466417	16.4237
4.46465	6	0.466417	16.1725
4.60606	6	0.466417	15.9206
4.74747	6	0.466417	15.6685
4.88889	6	0.466417	15.4161
5.0303	6	0.466417	15.1628
5.17172	6	0.466417	14.9083
5.31313	6	0.466417	14.6511
5.45455	6	0.466417	14.3878
5.59596	6	0.466417	14.1172
5.73737	6	0.466417	13.8331
5.87879	6	0.466417	13.5361
6.0202	6	0.466417	13.2114
6.16162	6	0.466417	12.8611
6.30303	6	0.466417	12.4458
6.44444	6	0.466417	11.9852
6.58586	6	0.466417	11.3119
6.72727	6	0.466417	10.628
6.86869	6	0.466417	9.55722
7.0101	6	0.466417	8.08271
7.15152	6	0.466417	7.32584
7.29293	6	0.466417	6.95472
7.43434	6	0.466417	6.56853
7.57576	6	0.466417	6.171
7.71717	6	0.466417	5.77346
7.85859	6	0.466417	5.37005
8	6	0.466417	4.94181
-6	7	0.531627	25.4521
-5.85859	7	0.531627	25.5935
-5.71717	7	0.531627	25.735
-5.57576	7	0.531627	25.8764
-5.43434	7	0.531627	26.0178
-5.29293	7	0.531627	26.1592
-5.15152	7	0.531627	26.3006
-5.0101	7	0.531627	26.442
-4.86869	7	0.531627	26.5834
-4.72727	7	0.531627	26.7248
-4.58586	7	0.531627	26.866
-4.44444	7	0.531627	26.9885
-4.30303	7	0.531627	27.1041
-4.16162	7	0.531627	27.2098
-4.0202	7	0.531627	27.3076
-3.87879	7	0.531627	27.3939
-3.73737	7	0.531627	27.4808
-3.59596	7	0.531627	27.5666
-3.45455	7	0.531627	27.646
-3.31313	7	0.531627	27.7228
-3.17172	7	0.531627	27.7938
-3.0303	7	0.531627	27.8497
-2.88889	7	0.531627	27.8714
-2.74747	7	0.531627	27.8892
-2.60606	7	0.531627	27.9272
-2.46465	7	0.531627	27.9328
-2.32323	7	0.531627	27.7907
-2.18182	7	0.531627	27.6165
-2.0404	7	0.531627	27.4632
-1.89899	7	0.531627	27.2999
-1.75758	7	0.531627	27.0456
-1.61616	7	0.531627	26.5145
-1.47475	7	0.531627	25.9487
-1.33333	7	0.531627	25.5878
-1.19192	7	0.531627	25.3864
-1.05051	7	0.531627	25.2315
-0.909091	7	0.531627	25.0827
-0.767677	7	0.531627	24.9256
-0.626263	7	0.531627	24.7521
-0.484848	7	0.531627	24.5651
-0.343434	7	0.531627	24.3739
-0.20202	7	0.531627	24.1721
-0.0606061	7	0.531627	23.9443
0.0808081	7	0.531627	23.6891
0.222222	7	0.531627	23.4236
0.363636	7	0.531627	23.1579
0.505051	7	0.531627	22.8686
0.646465	7	0.531627	22.5637
0.787879	7	0.531627	22.2952
0.929293	7	0.531627	22.0452
1.07071	7	0.531627	21.8065
1.21212	7	0.531627	21.5882
1.35354	7	0.531627	21.3766
1.49495	7	0.531627	21.1627
1.63636	7	0.531627	20.9418
1.77778	7	0.531627	20.7127
1.91919	7	0.531627	20.4765
2.06061	7	0.531627	20.233
2.20202	7	0.531627	19.9816
2.34343	7	0.531627	19.7248
2.48485	7	0.531627	19.4678
2.62626	7	0.531627	19.2116
2.76768	7	0.531627	18.9562
2.90909	7	0.531627	18.7063
3.05051	7	0.531627	18.4638
3.19192	7	0.531627	18.2247
3.33333	7	0.531627	17.9885
3.47475	7	0.531627	17.754
3.61616	7	0.531627	17.5186
3.75758	7	0.531627	17.2807
3.89899	7	0.531627	17.0399
4.0404	7	0.531627	16.7958
4.18182	7	0.531627	16.5489
4.32323	7	0.531627	16.2996
4.46465	7	0.531627	16.0487
4.60606	7	0.531627	15.7971
4.74747	7	0.531627	15.5453
4.88889	7	0.531627	15.2933
5.0303	7	0.531627	15.0402
5.17172	7	0.531627	14.7859
5.31313	7	0.531627	14.5288
5.45455	7	0.531627	14.2656
5.59596	7	0.531627	13.9954
5.73737	7	0.531627	13.7119
5.87879	7	0.531627	13.4134
6.0202	7	0.531627	13.0903
6.16162	7	0.531627	12.7411
6.30303	7	0.531627	12.3274
6.44444	7	0.531627	11.8663
6.58586	7	0.531627	11.1943
6.72727	7	0.531627	10.5151
6.86869	7	0.531627	9.44263
7.0101	7	0.531627	7.96766
7.15152	7	0.531627	7.21088
7.29293	7	0.531627	6.83317
7.43434	7	0.531627	6.4456
7.57576	7	0.531627	6.05559
7.71717	7	0.531627	5.66413
7.85859	7	0.531627	5.25488
8	7	0.531627	4.81588
-6	8	0.596836	25.3872
-5.85859	8	0.596836	25.5286
-5.71717	8	0.596836	25.67
-5.57576	8	0.596836	25.8114
-5.43434	8	0.596836	25.9528
-5.29293	8	0.596836	26.0942
-5.15152	8	0.596836	26.2357
-5.0101	8	0.596836	26.3771
-4.86869	8	0.596836	26.5185
-4.72727	8	0.596836	26.6599
-4.58586	8	0.596836	26.801
-4.44444	8	0.596836	26.9166
-4.30303	8	0.596836	27.0241
-4.16162	8	0.596836	27.1221
-4.0202	8	0.596836	27.2182
-3.87879	8	0.596836	27.3077
-3.73737	8	0.596836	27.3975
-3.59596	8	0.596836	27.486
-3.45455	8	0.596836	27.5675
-3.31313	8	0.596836	27.6452
-3.17172	8	0.596836	27.7191
-3.0303	8	0.596836	27.7784
-2.88889	8	0.596836	27.8024
-2.74747	8	0.596836	27.824
-2.60606	8	0.596836	27.8662
-2.46465	8	0.596836	27.822
-2.32323	8	0.596836	27.6438
-2.18182	8	0.596836	27.463
-2.0404	8	0.596836	27.3078
-1.89899	8	0.596836	27.1438
-1.75758	8	0.596836	26.8898
-1.61616	8	0.596836	26.3634
-1.47475	8	0.596836	25.8102
-1.33333	8	0.596836	25.4603
-1.19192	8	0.596836	25.2606
-1.05051	8	0.596836	25.1048
-0.909091	8	0.596836	24.9546
-0.767677	8	0.596836	24.7956
-0.626263	8	0.596836	24.6202
-0.484848	8	0.596836	24.4316
-0.343434	8	0.596836	24.239
-0.20202	8	0.596836	24.0358
-0.0606061	8	0.596836	23.807
0.0808081	8	0.596836	23.5516
0.222222	8	0.596836	23.286
0.363636	8	0.596836	23.0208
0.505051	8	0.596836	22.7328
0.646465	8	0.596836	22.43
0.787879	8	0.596836	22.1633
0.929293	8	0.596836	21.915
1.07071	8	0.596836	21.6776
1.21212	8	0.596836	21.4596
1.35354	8	0.596836	21.248
1.49495	8	0.596836	21.034
1.63636	8	0.596836	20.813
1.77778	8	0.596836	20.5837
1.91919	8	0.596836	20.3475
2.06061	8	0.596836	20.1041
2.20202	8	0.596836	19.8529
2.34343	8	0.596836	19.5966
2.48485	8	0.596836	19.3399
2.62626	8	0.596836	19.0843
2.76768	8	0.596836	18.8296
2.90909	8	0.596836	18.5803
3.05051	8	0.596836	18.3383
3.19192	8	0.596836	18.0996
3.33333	8	0.596836	17.8637
3.47475	8	0.596836	17.6295
3.61616	8	0.596836	17.3942
3.75758	8	0.596836	17.1565
3.89899	8	0.596836	16.9158
4.0404	8	0.596836	16.6719
4.18182	8	0.596836	16.4252
4.32323	8	0.596836	16.1763
4.46465	8	0.596836	15.9256
4.60606	8	0.596836	15.6743
4.74747	8	0.596836	15.4229
4.88889	8	0.596836	15.1711
5.0303	8	0.596836	14.9184
5.17172	8	0.596836	14.6642
5.31313	8	0.596836	14.4074
5.45455	8	0.596836	14.1443
5.59596	8	0.596836	13.8743
5.73737	8	0.596836	13.5917
5.87879	8	0.596836	13.2928
6.0202	8	0.596836	12.9697
6.16162	8	0.596836	12.6222
6.30303	8	0.596836	12.2099
6.44444	8	0.596836	11.7475
6.58586	8	0.596836	11.0791
6.72727	8	0.596836	10.405
6.86869	8	0.596836	9.32784
7.0101	8	0.596836	7.85191
7.15152	8	0.596836	7.0876
7.29293	8	0.596836	6.70601
7.43434	8	0.596836	6.32297
7.57576	8	0.596836	5.94052
7.71717	8	0.596836	5.54737
7.85859	8	0.596836	5.12845
8	8	0.596836	4.68447
-6	9	0.662045	25.311
-5.85859	9	0.662045	25.4524
-5.71717	9	0.662045	25.5938
-5.57576	9	0.662045	25.7352
-5.43434	9	0.662045	25.8767
-5.29293	9	0.662045	26.0181
-5.15152	9	0.662045	26.1595
-5.0101	9	0.662045	26.3009
-4.86869	9	0.662045	26.4423
-4.72727	9	0.662045	26.5837
-4.58586	9	0.662045	26.7249
-4.44444	9	0.662045	26.8466
-4.30303	9	0.662045	26.9549
-4.16162	9	0.662045	27.0507
-4.0202	9	0.662045	27.1421
-3.87879	9	0.662045	27.2288
-3.73737	9	0.662045	27.3164
-3.59596	9	0.662045	27.4084
-3.45455	9	0.662045	27.4922
-3.31313	9	0.662045	27.5712
-3.17172	9	0.662045	27.6481
-3.0303	9	0.662045	27.7099
-2.88889	9	0.662045	27.7376
-2.74747	9	0.662045	27.7642
-2.60606	9	0.662045	27.7914
-2.46465	9	0.662045	27.6886
-2.32323	9	0.662045	27.4941
-2.18182	9	0.662045	27.3121
-2.0404	9	0.662045	27.156
-1.89899	9	0.662045	26.9914
-1.75758	9	0.662045	26.7379
-1.61616	9	0.662045	26.2155
-1.47475	9	0.662045	25.6721
-1.33333	9	0.662045	25.3306
-1.19192	9	0.662045	25.1328
-1.05051	9	0.662045	24.9766
-0.909091	9	0.662045	24.8253
-0.767677	9	0.662045	24.6647
-0.626263	9	0.662045	24.4878
-0.484848	9	0.662045	24.298
-0.343434	9	0.662045	24.1043
-0.20202	9	0.662045	23.8999
-0.0606061	9	0.662045	23.6705
0.0808081	9	0.662045	23.415
0.222222	9	0.662045	23.1495
0.363636	9	0.662045	22.8848
0.505051	9	0.662045	22.598
0.646465	9	0.662045	22.297
0.787879	9	0.662045	22.0319
0.929293	9	0.662045	21.785
1.07071	9	0.662045	21.5485
1.21212	9	0.662045	21.3309
1.35354	9	0.662045	21.1193
1.49495	9	0.662045	20.9052
1.63636	9	0.662045	20.6841
1.77778	9	0.662045	20.4548
1.91919	9	0.662045	20.2185
2.06061	9	0.662045	19.9752
2.20202	9	0.662045	19.7242
2.34343	9	0.662045	19.4682
2.48485	9	0.662045	19.212
2.62626	9	0.662045	18.9569
2.76768	9	0.662045	18.7027
2.90909	9	0.662045	18.454
3.05051	9	0.662045	18.2124
3.19192	9	0.662045	17.9741
3.33333	9	0.662045	17.7384
3.47475	9	0.662045	17.5044
3.61616	9	0.662045	17.2693
3.75758	9	0.662045	17.0317
3.89899	9	0.662045	16.7911
4.0404	9	0.662045	16.5474
4.18182	9	0.662045	16.3009
4.32323	9	0.662045	16.0522
4.46465	9	0.662045	15.8017
4.60606	9	0.662045	15.5508
4.74747	9	0.662045	15.2996
4.88889	9	0.662045	15.0481
5.0303	9	0.662045	14.7955
5.17172	9	0.662045	14.5416
5.31313	9	0.662045	14.2849
5.45455	9	0.662045	14.0219
5.59596	9	0.662045	13.7522
5.73737	9	0.662045	13.4701
5.87879	9	0.662045	13.1708
6.0202	9	0.662045	12.8479
6.16162	9	0.662045	12.5015
6.30303	9	0.662045	12.0901
6.44444	9	0.662045	11.6271
6.58586	9	0.662045	10.9607
6.72727	9	0.662045	10.2901
6.86869	9	0.662045	9.21008
7.0101	9	0.662045	7.72738
7.15152	9	0.662045	6.94721
7.29293	9	0.662045	6.56669
7.43434	9	0.662045	6.19092
7.57576	9	0.662045	5.81064
7.71717	9	0.662045	5.41013
7.85859	9	0.662045	4.98395
8	9	0.662045	4.54405
-6	10	0.727255	25.2477
-5.85859	10	0.727255	25.3891
-5.71717	10	0.727255	25.5306
-5.57576	10	0.727255	25.672
-5.43434	10	0.727255	25.8134
-5.29293	10	0.727255	25.9548
-5.15152	10	0.727255	26.0962
-5.0101	10	0.727255	26.2376
-4.86869	10	0.727255	26.379
-4.72727	10	0.727255	26.5205
-4.58586	10	0.727255	26.6615
-4.44444	10	0.727255	26.776
-4.30303	10	0.727255	26.878
-4.16162	10	0.727255	26.9727
-4.0202	10	0.727255	27.0672
-3.87879	10	0.727255	27.1573
-3.73737	10	0.727255	27.2467
-3.59596	10	0.727255	27.3397
-3.45455	10	0.727255	27.4258
-3.31313	10	0.727255	27.507
-3.17172	10	0.727255	27.5848
-3.0303	10	0.727255	27.6483
-2.88889	10	0.727255	27.681
-2.74747	10	0.727255	27.7153
-2.60606	10	0.727255	27.6852
-2.46465	10	0.727255	27.5459
-2.32323	10	0.727255	27.3453
-2.18182	10	0.727255	27.164
-2.0404	10	0.727255	27.0072
-1.89899	10	0.727255	26.8423
-1.75758	10	0.727255	26.5892
-1.61616	10	0.727255	26.0705
-1.47475	10	0.727255	25.5358
-1.33333	10	0.727255	25.2016
-1.19192	10	0.727255	25.0056
-1.05051	10	0.727255	24.8493
-0.909091	10	0.727255	24.6968
-0.767677	10	0.727255	24.5346
-0.626263	10	0.727255	24.3565
-0.484848	10	0.727255	24.1658
-0.343434	10	0.727255	23.971
-0.20202	10	0.727255	23.7657
-0.0606061	10	0.727255	23.5358
0.0808081	10	0.727255	23.2802
0.222222	10	0.727255	23.015
0.363636	10	0.727255	22.7508
0.505051	10	0.727255	22.4651
0.646465	10	0.727255	22.1658
0.787879	10	0.727255	21.9022
0.929293	10	0.727255	21.6566
1.07071	10	0.727255	21.4211
1.21212	10	0.727255	21.2037
1.35354	10	0.727255	20.9921
1.49495	10	0.727255	20.7779
1.63636	10	0.727255	20.5567
1.77778	10	0.727255	20.3273
1.91919	10	0.727255	20.0911
2.06061	10	0.727255	19.8478
2.20202	10	0.727255	19.5971
2.34343	10	0.727255	19.3414
2.48485	10	0.727255	19.0856
2.62626	10	0.727255	18.831
2.76768	10	0.727255	18.5774
2.90909	10	0.727255	18.3292
3.05051	10	0.727255	18.088
3.19192	10	0.727255	17.85
3.33333	10	0.727255	17.6146
3.47475	10	0.727255	17.3807
3.61616	10	0.727255	17.1457
3.75758	10	0.727255	16.9083
3.89899	10	0.727255	16.6678
4.0404	10	0.727255	16.4242
4.18182	10	0.727255	16.1779
4.32323	10	0.727255	15.9294
4.46465	10	0.727255	15.6792
4.60606	10	0.727255	15.4284
4.74747	10	0.727255	15.1775
4.88889	10	0.727255	14.9262
5.0303	10	0.727255	14.6738
5.17172	10	0.727255	14.4201
5.31313	10	0.727255	14.1635
5.45455	10	0.727255	13.9005
5.59596	10	0.727255	13.6311
5.73737	10	0.727255	13.3494
5.87879	10	0.727255	13.0494
6.0202	10	0.727255	12.7273
6.16162	10	0.727255	12.3814
6.30303	10	0.727255	11.9707
6.44444	10	0.727255	11.5077
6.58586	10	0.727255	10.842
6.72727	10	0.727255	10.1728
6.86869	10	0.727255	9.0924
7.0101	10	0.727255	7.59942
7.15152	10	0.727255	6.80128
7.29293	10	0.727255	6.42592
7.43434	10	0.727255	6.05513
7.57576	10	0.727255	5.67078
7.71717	10	0.727255	5.26228
7.85859	10	0.727255	4.83546
8	10	0.727255	4.40611
-6	11	0.792464	25.1828
-5.85859	11	0.792464	25.3242
-5.71717	11	0.792464	25.4656
-5.57576	11	0.792464	25.607
-5.43434	11	0.792464	25.7484
-5.29293	11	0.792464	25.8899
-5.15152	11	0.792464	26.0313
-5.0101	11	0.792464	26.1727
-4.86869	11	0.792464	26.3141
-4.72727	11	0.792464	26.4555
-4.58586	11	0.792464	26.5966
-4.44444	11	0.792464	26.7111
-4.30303	11	0.792464	26.812
-4.16162	11	0.792464	26.9073
-4.0202	11	0.792464	26.9995
-3.87879	11	0.792464	27.0891
-3.73737	11	0.792464	27.1788
-3.59596	11	0.792464	27.27
-3.45455	11	0.792464	27.3563
-3.31313	11	0.792464	27.4398
-3.17172	11	0.792464	27.5195
-3.0303	11	0.792464	27.5868
-2.88889	11	0.792464	27.6308
-2.74747	11	0.792464	27.6496
-2.60606	11	0.792464	27.5558
-2.46465	11	0.792464	27.4013
-2.32323	11	0.792464	27.1986
-2.18182	11	0.792464	27.0185
-2.0404	11	0.792464	26.861
-1.89899	11	0.792464	26.6959
-1.75758	11	0.792464	26.4433
-1.61616	11	0.792464	25.9279
-1.47475	11	0.792464	25.4006
-1.33333	11	0.792464	25.0727
-1.19192	11	0.792464	24.8785
-1.05051	11	0.792464	24.7217
-0.909091	11	0.792464	24.5677
-0.767677	11	0.792464	24.4042
-0.626263	11	0.792464	24.2251
-0.484848	11	0.792464	24.0336
-0.343434	11	0.792464	23.838
-0.20202	11	0.792464	23.6319
-0.0606061	11	0.792464	23.4016
0.0808081	11	0.792464	23.1461
0.222222	11	0.792464	22.8812
0.363636	11	0.792464	22.6174
0.505051	11	0.792464	22.3326
0.646465	11	0.792464	22.0349
0.787879	11	0.792464	21.7726
0.929293	11	0.792464	21.528
1.07071	11	0.792464	21.2933
1.21212	11	0.792464	21.0762
1.35354	11	0.792464	20.8645
1.49495	11	0.792464	20.6503
1.63636	11	0.792464	20.429
1.77778	11	0.792464	20.1995
1.91919	11	0.792464	19.9632
2.06061	11	0.792464	19.7201
2.20202	11	0.792464	19.4695
2.34343	11	0.792464	19.2142
2.48485	11	0.792464	18.9587
2.62626	11	0.792464	18.7045
2.76768	11	0.792464	18.4514
2.90909	11	0.792464	18.2036
3.05051	11	0.792464	17.9628
3.19192	11	0.792464	17.7251
3.33333	11	0.792464	17.4899
3.47475	11	0.792464	17.2562
3.61616	11	0.792464	17.0213
3.75758	11	0.792464	16.7839
3.89899	11	0.792464	16.5436
4.0404	11	0.792464	16.3001
4.18182	11	0.792464	16.0539
4.32323	11	0.792464	15.8055
4.46465	11	0.792464	15.5556
4.60606	11	0.792464	15.305
4.74747	11	0.792464	15.0543
4.88889	11	0.792464	14.8032
5.0303	11	0.792464	14.551
5.17172	11	0.792464	14.2974
5.31313	11	0.792464	14.0409
5.45455	11	0.792464	13.778
5.59596	11	0.792464	13.5088
5.73737	11	0.792464	13.2273
5.87879	11	0.792464	12.9266
6.0202	11	0.792464	12.6054
6.16162	11	0.792464	12.2596
6.30303	11	0.792464	11.8495
6.44444	11	0.792464	11.3866
6.58586	11	0.792464	10.7209
6.72727	11	0.792464	10.0531
6.86869	11	0.792464	8.97226
7.0101	11	0.792464	7.47017
7.15152	11	0.792464	6.65987
7.29293	11	0.792464	6.29038
7.43434	11	0.792464	5.91923
7.57576	11	0.792464	5.52769
7.71717	11	0.792464	5.11506
7.85859	11	0.792464	4.69468
8	11	0.792464	4.27517
-6	12	0.857673	25.115
-5.85859	12	0.857673	25.2565
-5.71717	12	0.857673	25.3979
-5.57576	12	0.857673	25.5393
-5.43434	12	0.857673	25.6807
-5.29293	12	0.857673	25.8221
-5.15152	12	0.857673	25.9635
-5.0101	12	0.857673	26.1049
-4.86869	12	0.857673	26.2464
-4.72727	12	0.857673	26.3878
-4.58586	12	0.857673	26.5289
-4.44444	12	0.857673	26.6432
-4.30303	12	0.857673	26.7419
-4.16162	12	0.857673	26.8372
-4.0202	12	0.857673	26.9314
-3.87879	12	0.857673	27.0237
-3.73737	12	0.857673	27.115
-3.59596	12	0.857673	27.2062
-3.45455	12	0.857673	27.2924
-3.31313	12	0.857673	27.376
-3.17172	12	0.857673	27.4584
-3.0303	12	0.857673	27.534
-2.88889	12	0.857673	27.5935
-2.74747	12	0.857673	27.5513
-2.60606	12	0.857673	27.4194
-2.46465	12	0.857673	27.2583
-2.32323	12	0.857673	27.0544
-2.18182	12	0.857673	26.8756
-2.0404	12	0.857673	26.7175
-1.89899	12	0.857673	26.552
-1.75758	12	0.857673	26.2998
-1.61616	12	0.857673	25.7877
-1.47475	12	0.857673	25.268
-1.33333	12	0.857673	24.9463
-1.19192	12	0.857673	24.7535
-1.05051	12	0.857673	24.5955
-0.909091	12	0.857673	24.4398
-0.767677	12	0.857673	24.2751
-0.626263	12	0.857673	24.0951
-0.484848	12	0.857673	23.9027
-0.343434	12	0.857673	23.7062
-0.20202	12	0.857673	23.4994
-0.0606061	12	0.857673	23.2688
0.0808081	12	0.857673	23.0134
0.222222	12	0.857673	22.7488
0.363636	12	0.857673	22.4855
0.505051	12	0.857673	22.2016
0.646465	12	0.857673	21.9053
0.787879	12	0.857673	21.6442
0.929293	12	0.857673	21.4006
1.07071	12	0.857673	21.1665
1.21212	12	0.857673	20.9496
1.35354	12	0.857673	20.7379
1.49495	12	0.857673	20.5236
1.63636	12	0.857673	20.3022
1.77778	12	0.857673	20.0726
1.91919	12	0.857673	19.8364
2.06061	12	0.857673	19.5933
2.20202	12	0.857673	19.343
2.34343	12	0.857673	19.0879
2.48485	12	0.857673	18.8327
2.62626	12	0.857673	18.579
2.76768	12	0.857673	18.3263
2.90909	12	0.857673	18.0789
3.05051	12	0.857673	17.8384
3.19192	12	0.857673	17.601
3.33333	12	0.857673	17.3659
3.47475	12	0.857673	17.1324
3.61616	12	0.857673	16.8975
3.75758	12	0.857673	16.6603
3.89899	12	0.857673	16.42
4.0404	12	0.857673	16.1767
4.18182	12	0.857673	15.9307
4.32323	12	0.857673	15.6824
4.46465	12	0.857673	15.4326
4.60606	12	0.857673	15.1823
4.74747	12	0.857673	14.9318
4.88889	12	0.857673	14.6808
5.0303	12	0.857673	14.4288
5.17172	12	0.857673	14.1754
5.31313	12	0.857673	13.919
5.45455	12	0.857673	13.6562
5.59596	12	0.857673	13.3871
5.73737	12	0.857673	13.1059
5.87879	12	0.857673	12.8048
6.0202	12	0.857673	12.4841
6.16162	12	0.857673	12.1386
6.30303	12	0.857673	11.7291
6.44444	12	0.857673	11.266
6.58586	12	0.857673	10.6012
6.72727	12	0.857673	9.93448
6.86869	12	0.857673	8.85285
7.0101	12	0.857673	7.34513
7.15152	12	0.857673	6.53026
7.29293	12	0.857673	6.16357
7.43434	12	0.857673	5.78746
7.57576	12	0.857673	5.38984
7.71717	12	0.857673	4.97918
7.85859	12	0.857673	4.56836
8	12	0.857673	4.15175
-6	13	0.922882	25.0456
-5.85859	13	0.922882	25.187
-5.71717	13	0.922882	25.3284
-5.57576	13	0.922882	25.4699
-5.43434	13	0.922882	25.6113
-5.29293	13	0.922882	25.7527
-5.15152	13	0.922882	25.8941
-5.0101	13	0.922882	26.0355
-4.86869	13	0.922882	26.1769
-4.72727	13	0.922882	26.3183
-4.58586	13	0.922882	26.4594
-4.44444	13	0.922882	26.5742
-4.30303	13	0.922882	26.672
-4.16162	13	0.922882	26.768
-4.0202	13	0.922882	26.864
-3.87879	13	0.922882	26.9579
-3.73737	13	0.922882	27.0506
-3.59596	13	0.922882	27.1418
-3.45455	13	0.922882	27.2301
-3.31313	13	0.922882	27.3164
-3.17172	13	0.922882	27.4032
-3.0303	13	0.922882	27.4909
-2.88889	13	0.922882	27.5424
-2.74747	13	0.922882	27.4336
-2.60606	13	0.922882	27.2822
-2.46465	13	0.922882	27.1176
-2.32323	13	0.922882	26.9125
-2.18182	13	0.922882	26.735
-2.0404	13	0.922882	26.5762
-1.89899	13	0.922882	26.4103
-1.75758	13	0.922882	26.1583
-1.61616	13	0.922882	25.6497
-1.47475	13	0.922882	25.1376
-1.33333	13	0.922882	24.8217
-1.19192	13	0.922882	24.6295
-1.05051	13	0.922882	24.47
-0.909091	13	0.922882	24.3125
-0.767677	13	0.922882	24.1467
-0.626263	13	0.922882	23.9657
-0.484848	13	0.922882	23.7723
-0.343434	13	0.922882	23.575
-0.20202	13	0.922882	23.3676
-0.0606061	13	0.922882	23.1368
0.0808081	13	0.922882	22.8816
0.222222	13	0.922882	22.6172
0.363636	13	0.922882	22.3542
0.505051	13	0.922882	22.0712
0.646465	13	0.922882	21.7763
0.787879	13	0.922882	21.5163
0.929293	13	0.922882	21.2734
1.07071	13	0.922882	21.0399
1.21212	13	0.922882	20.8232
1.35354	13	0.922882	20.6115
1.49495	13	0.922882	20.3971
1.63636	13	0.922882	20.1755
1.77778	13	0.922882	19.9459
1.91919	13	0.922882	19.7097
2.06061	13	0.922882	19.4667
2.20202	13	0.922882	19.2165
2.34343	13	0.922882	18.9617
2.48485	13	0.922882	18.7069
2.62626	13	0.922882	18.4535
2.76768	13	0.922882	18.2012
2.90909	13	0.922882	17.9542
3.05051	13	0.922882	17.714
3.19192	13	0.922882	17.4768
3.33333	13	0.922882	17.2419
3.47475	13	0.922882	17.0084
3.61616	13	0.922882	16.7737
3.75758	13	0.922882	16.5365
3.89899	13	0.922882	16.2963
4.0404	13	0.922882	16.0531
4.18182	13	0.922882	15.8072
4.32323	13	0.922882	15.5592
4.46465	13	0.922882	15.3096
4.60606	13	0.922882	15.0594
4.74747	13	0.922882	14.8091
4.88889	13	0.922882	14.5584
5.0303	13	0.922882	14.3066
5.17172	13	0.922882	14.0533
5.31313	13	0.922882	13.7971
5.45455	13	0.922882	13.5345
5.59596	13	0.922882	13.2654
5.73737	13	0.922882	12.9845
5.87879	13	0.922882	12.6838
6.0202	13	0.922882	12.3626
6.16162	13	0.922882	12.0179
6.30303	13	0.922882	11.6091
6.44444	13	0.922882	11.1457
6.58586	13	0.922882	10.4829
6.72727	13	0.922882	9.8184
6.86869	13	0.922882	8.73417
7.0101	13	0.922882	7.22529
7.15152	13	0.922882	6.41254
7.29293	13	0.922882	6.04406
7.43434	13	0.922882	5.66156
7.57576	13	0.922882	5.26205
7.71717	13	0.922882	4.85842
7.85859	13	0.922882	4.45428
8	13	0.922882	4.03279
-6	14	0.988092	24.9779
-5.85859	14	0.988092	25.1193
-5.71717	14	0.988092	25.2607
-5.57576	14	0.988092	25.4021
-5.43434	14	0.988092	25.5435
-5.29293	14	0.988092	25.6849
-5.15152	14	0.988092	25.8263
-5.0101	14	0.988092	25.9678
-4.86869	14	0.988092	26.1092
-4.72727	14	0.988092	26.2506
-4.58586	14	0.988092	26.3917
-4.44444	14	0.988092	26.5066
-4.30303	14	0.988092	26.6052
-4.16162	14	0.988092	26.705
-4.0202	14	0.988092	26.8046
-3.87879	14	0.988092	26.8996
-3.73737	14	0.988092	26.9937
-3.59596	14	0.988092	27.0852
-3.45455	14	0.988092	27.1758
-3.31313	14	0.988092	27.2659
-3.17172	14	0.988092	27.3586
-3.0303	14	0.988092	27.4587
-2.88889	14	0.988092	27.4645
-2.74747	14	0.988092	27.3081
-2.60606	14	0.988092	27.1459
-2.46465	14	0.988092	26.9784
-2.32323	14	0.988092	26.7723
-2.18182	14	0.988092	26.5962
-2.0404	14	0.988092	26.4367
-1.89899	14	0.988092	26.2701
-1.75758	14	0.988092	26.0183
-1.61616	14	0.988092	25.5132
-1.47475	14	0.988092	25.009
-1.33333	14	0.988092	24.6986
-1.19192	14	0.988092	24.5065
-1.05051	14	0.988092	24.345
-0.909091	14	0.988092	24.186
-0.767677	14	0.988092	24.019
-0.626263	14	0.988092	23.837
-0.484848	14	0.988092	23.6426
-0.343434	14	0.988092	23.4446
-0.20202	14	0.988092	23.2367
-0.0606061	14	0.988092	23.0058
0.0808081	14	0.988092	22.7508
0.222222	14	0.988092	22.4864
0.363636	14	0.988092	22.2239
0.505051	14	0.988092	21.9419
0.646465	14	0.988092	21.6482
0.787879	14	0.988092	21.3891
0.929293	14	0.988092	21.147
1.07071	14	0.988092	20.9139
1.21212	14	0.988092	20.6974
1.35354	14	0.988092	20.4856
1.49495	14	0.988092	20.2711
1.63636	14	0.988092	20.0494
1.77778	14	0.988092	19.8198
1.91919	14	0.988092	19.5836
2.06061	14	0.988092	19.3407
2.20202	14	0.988092	19.0907
2.34343	14	0.988092	18.8361
2.48485	14	0.988092	18.5817
2.62626	14	0.988092	18.3286
2.76768	14	0.988092	18.0767
2.90909	14	0.988092	17.83
3.05051	14	0.988092	17.59
3.19192	14	0.988092	17.3531
3.33333	14	0.988092	17.1183
3.47475	14	0.988092	16.885
3.61616	14	0.988092	16.6503
3.75758	14	0.988092	16.4132
3.89899	14	0.988092	16.1732
4.0404	14	0.988092	15.93
4.18182	14	0.988092	15.6843
4.32323	14	0.988092	15.4364
4.46465	14	0.988092	15.187
4.60606	14	0.988092	14.9371
4.74747	14	0.988092	14.687
4.88889	14	0.988092	14.4364
5.0303	14	0.988092	14.1849
5.17172	14	0.988092	13.9318
5.31313	14	0.988092	13.6757
5.45455	14	0.988092	13.4135
5.59596	14	0.988092	13.1445
5.73737	14	0.988092	12.8637
5.87879	14	0.988092	12.5638
6.0202	14	0.988092	12.242
6.16162	14	0.988092	11.8977
6.30303	14	0.988092	11.4898
6.44444	14	0.988092	11.0269
6.58586	14	0.988092	10.3669
6.72727	14	0.988092	9.70428
6.86869	14	0.988092	8.61841
7.0101	14	0.988092	7.10992
7.15152	14	0.988092	6.30032
7.29293	14	0.988092	5.92673
7.43434	14	0.988092	5.53975
7.57576	14	0.988092	5.14352
7.71717	14	0.988092	4.74785
7.85859	14	0.988092	4.34388
8	14	0.988092	3.91323
-6	15	1.0533	24.9137
-5.85859	15	1.0533	25.0551
-5.71717	15	1.0533	25.1965
-5.57576	15	1.0533	25.3379
-5.43434	15	1.0533	25.4793
-5.29293	15	1.0533	25.6207
-5.15152	15	1.0533	25.7621
-5.0101	15	1.0533	25.9036
-4.86869	15	1.0533	26.045
-4.72727	15	1.0533	26.1864
-4.58586	15	1.0533	26.3275
-4.44444	15	1.0533	26.4428
-4.30303	15	1.0533	26.5451
-4.16162	15	1.0533	26.6473
-4.0202	15	1.0533	26.748
-3.87879	15	1.0533	26.8462
-3.73737	15	1.0533	26.9419
-3.59596	15	1.0533	27.0345
-3.45455	15	1.0533	27.1277
-3.31313	15	1.0533	27.2216
-3.17172	15	1.0533	27.3233
-3.0303	15	1.0533	27.4238
-2.88889	15	1.0533	27.3606
-2.74747	15	1.0533	27.1763
-2.60606	15	1.0533	27.0084
-2.46465	15	1.0533	26.839
-2.32323	15	1.0533	26.6321
-2.18182	15	1.0533	26.458
-2.0404	15	1.0533	26.2978
-1.89899	15	1.0533	26.1306
-1.75758	15	1.0533	25.8788
-1.61616	15	1.0533	25.3769
-1.47475	15	1.0533	24.8797
-1.33333	15	1.0533	24.5738
-1.19192	15	1.0533	24.3816
-1.05051	15	1.0533	24.2188
-0.909091	15	1.0533	24.0586
-0.767677	15	1.0533	23.8909
-0.626263	15	1.0533	23.708
-0.484848	15	1.0533	23.5128
-0.343434	15	1.0533	23.3141
-0.20202	15	1.0533	23.1059
-0.0606061	15	1.0533	22.8749
0.0808081	15	1.0533	22.62
0.222222	15	1.0533	22.3559
0.363636	15	1.0533	22.0937
0.505051	15	1.0533	21.8127
0.646465	15	1.0533	21.5202
0.787879	15	1.0533	21.2618
0.929293	15	1.0533	21.0203
1.07071	15	1.0533	20.7878
1.21212	15	1.0533	20.5714
1.35354	15	1.0533	20.3596
1.49495	15	1.0533	20.1449
1.63636	15	1.0533	19.9232
1.77778	15	1.0533	19.6935
1.91919	15	1.0533	19.4574
2.06061	15	1.0533	19.2146
2.20202	15	1.0533	18.9648
2.34343	15	1.0533	18.7104
2.48485	15	1.0533	18.4563
2.62626	15	1.0533	18.2036
2.76768	15	1.0533	17.952
2.90909	15	1.0533	17.7056
3.05051	15	1.0533	17.4659
3.19192	15	1.0533	17.2291
3.33333	15	1.0533	16.9945
3.47475	15	1.0533	16.7612
3.61616	15	1.0533	16.5266
3.75758	15	1.0533	16.2896
3.89899	15	1.0533	16.0496
4.0404	15	1.0533	15.8066
4.18182	15	1.0533	15.561
4.32323	15	1.0533	15.3133
4.46465	15	1.0533	15.064
4.60606	15	1.0533	14.8142
4.74747	15	1.0533	14.5643
4.88889	15	1.0533	14.3139
5.0303	15	1.0533	14.0625
5.17172	15	1.0533	13.8097
5.31313	15	1.0533	13.5537
5.45455	15	1.0533	13.2917
5.59596	15	1.0533	13.0228
5.73737	15	1.0533	12.7421
5.87879	15	1.0533	12.4428
6.0202	15	1.0533	12.1207
6.16162	15	1.0533	11.7765
6.30303	15	1.0533	11.3693
6.44444	15	1.0533	10.9069
6.58586	15	1.0533	10.25
6.72727	15	1.0533	9.58739
6.86869	15	1.0533	8.50009
7.0101	15	1.0533	6.9908
7.15152	15	1.0533	6.17751
7.29293	15	1.0533	5.79826
7.43434	15	1.0533	5.41079
7.57576	15	1.0533	5.0213
7.71717	15	1.0533	4.62999
7.85859	15	1.0533	4.22029
8	15	1.0533	3.78087
-6	16	1.11851	24.8521
-5.85859	16	1.11851	24.9936
-5.71717	16	1.11851	25.135
-5.57576	16	1.11851	25.2764
-5.43434	16	1.11851	25.4178
-5.29293	16	1.11851	25.5592
-5.15152	16	1.11851	25.7006
-5.0101	16	1.11851	25.842
-4.86869	16	1.11851	25.9834
-4.72727	16	1.11851	26.1248
-4.58586	16	1.11851	26.266
-4.44444	16	1.11851	26.3822
-4.30303	16	1.11851	26.4857
-4.16162	16	1.11851	26.589
-4.0202	16	1.11851	26.6907
-3.87879	16	1.11851	26.7898
-3.73737	16	1.11851	26.887
-3.59596	16	1.11851	26.9835
-3.45455	16	1.11851	27.0818
-3.31313	16	1.11851	27.1849
-3.17172	16	1.11851	27.3032
-3.0303	16	1.11851	27.3638
-2.88889	16	1.11851	27.2339
-2.74747	16	1.11851	27.0369
-2.60606	16	1.11851	26.8669
-2.46465	16	1.11851	26.697
-2.32323	16	1.11851	26.49
-2.18182	16	1.11851	26.3186
-2.0404	16	1.11851	26.1583
-1.89899	16	1.11851	25.9908
-1.75758	16	1.11851	25.7391
-1.61616	16	1.11851	25.2391
-1.47475	16	1.11851	24.7464
-1.33333	16	1.11851	24.4437
-1.19192	16	1.11851	24.252
-1.05051	16	1.11851	24.089
-0.909091	16	1.11851	23.9287
-0.767677	16	1.11851	23.7606
-0.626263	16	1.11851	23.5772
-0.484848	16	1.11851	23.3816
-0.343434	16	1.11851	23.1828
-0.20202	16	1.11851	22.9743
-0.0606061	16	1.11851	22.7432
0.0808081	16	1.11851	22.4884
0.222222	16	1.11851	22.2246
0.363636	16	1.11851	21.9629
0.505051	16	1.11851	21.6825
0.646465	16	1.11851	21.3911
0.787879	16	1.11851	21.1335
0.929293	16	1.11851	20.8927
1.07071	16	1.11851	20.6607
1.21212	16	1.11851	20.4445
1.35354	16	1.11851	20.2326
1.49495	16	1.11851	20.0178
1.63636	16	1.11851	19.796
1.77778	16	1.11851	19.5664
1.91919	16	1.11851	19.3302
2.06061	16	1.11851	19.0875
2.20202	16	1.11851	18.8378
2.34343	16	1.11851	18.5837
2.48485	16	1.11851	18.3298
2.62626	16	1.11851	18.0774
2.76768	16	1.11851	17.8261
2.90909	16	1.11851	17.5801
3.05051	16	1.11851	17.3406
3.19192	16	1.11851	17.104
3.33333	16	1.11851	16.8695
3.47475	16	1.11851	16.6363
3.61616	16	1.11851	16.4017
3.75758	16	1.11851	16.1648
3.89899	16	1.11851	15.9248
4.0404	16	1.11851	15.6819
4.18182	16	1.11851	15.4364
4.32323	16	1.11851	15.1888
4.46465	16	1.11851	14.9397
4.60606	16	1.11851	14.69
4.74747	16	1.11851	14.4402
4.88889	16	1.11851	14.19
5.0303	16	1.11851	13.9387
5.17172	16	1.11851	13.6859
5.31313	16	1.11851	13.43
5.45455	16	1.11851	13.1682
5.59596	16	1.11851	12.8992
5.73737	16	1.11851	12.6185
5.87879	16	1.11851	12.3191
6.0202	16	1.11851	11.997
6.16162	16	1.11851	11.6527
6.30303	16	1.11851	11.2457
6.44444	16	1.11851	10.7831
6.58586	16	1.11851	10.1261
6.72727	16	1.11851	9.46313
6.86869	16	1.11851	8.37554
7.0101	16	1.11851	6.85799
7.15152	16	1.11851	6.02463
7.29293	16	1.11851	5.64166
7.43434	16	1.11851	5.25803
7.57576	16	1.11851	4.87511
7.71717	16	1.11851	4.48244
7.85859	16	1.11851	4.06441
8	16	1.11851	3.62058
-6	17	1.18372	24.7918
-5.85859	17	1.18372	24.9332
-5.71717	17	1.18372	25.0746
-5.57576	17	1.18372	25.216
-5.43434	17	1.18372	25.3574
-5.29293	17	1.18372	25.4988
-5.15152	17	1.18372	25.6402
-5.0101	17	1.18372	25.7816
-4.86869	17	1.18372	25.9231
-4.72727	17	1.18372	26.0645
-4.58586	17	1.18372	26.2057
-4.44444	17	1.18372	26.322
-4.30303	17	1.18372	26.4273
-4.16162	17	1.18372	26.5326
-4.0202	17	1.18372	26.6353
-3.87879	17	1.18372	26.7355
-3.73737	17	1.18372	26.8345
-3.59596	17	1.18372	26.9349
-3.45455	17	1.18372	27.0429
-3.31313	17	1.18372	27.1696
-3.17172	17	1.18372	27.2964
-3.0303	17	1.18372	27.2539
-2.88889	17	1.18372	27.0941
-2.74747	17	1.18372	26.8937
-2.60606	17	1.18372	26.7235
-2.46465	17	1.18372	26.5538
-2.32323	17	1.18372	26.3473
-2.18182	17	1.18372	26.179
-2.0404	17	1.18372	26.0187
-1.89899	17	1.18372	25.8512
-1.75758	17	1.18372	25.5998
-1.61616	17	1.18372	25.101
-1.47475	17	1.18372	24.6112
-1.33333	17	1.18372	24.3108
-1.19192	17	1.18372	24.12
-1.05051	17	1.18372	23.9576
-0.909091	17	1.18372	23.7976
-0.767677	17	1.18372	23.6292
-0.626263	17	1.18372	23.4455
-0.484848	17	1.18372	23.2498
-0.343434	17	1.18372	23.0509
-0.20202	17	1.18372	22.8423
-0.0606061	17	1.18372	22.611
0.0808081	17	1.18372	22.3562
0.222222	17	1.18372	22.0928
0.363636	17	1.18372	21.8314
0.505051	17	1.18372	21.5517
0.646465	17	1.18372	21.2612
0.787879	17	1.18372	21.0045
0.929293	17	1.18372	20.7643
1.07071	17	1.18372	20.5329
1.21212	17	1.18372	20.3168
1.35354	17	1.18372	20.1049
1.49495	17	1.18372	19.89
1.63636	17	1.18372	19.668
1.77778	17	1.18372	19.4383
1.91919	17	1.18372	19.2021
2.06061	17	1.18372	18.9593
2.20202	17	1.18372	18.7098
2.34343	17	1.18372	18.4559
2.48485	17	1.18372	18.2023
2.62626	17	1.18372	17.9501
2.76768	17	1.18372	17.6992
2.90909	17	1.18372	17.4535
3.05051	17	1.18372	17.2142
3.19192	17	1.18372	16.9778
3.33333	17	1.18372	16.7434
3.47475	17	1.18372	16.5102
3.61616	17	1.18372	16.2757
3.75758	17	1.18372	16.0387
3.89899	17	1.18372	15.7988
4.0404	17	1.18372	15.5558
4.18182	17	1.18372	15.3104
4.32323	17	1.18372	15.0629
4.46465	17	1.18372	14.8139
4.60606	17	1.18372	14.5644
4.74747	17	1.18372	14.3147
4.88889	17	1.18372	14.0646
5.0303	17	1.18372	13.8134
5.17172	17	1.18372	13.5607
5.31313	17	1.18372	13.3048
5.45455	17	1.18372	13.043
5.59596	17	1.18372	12.774
5.73737	17	1.18372	12.4931
5.87879	17	1.18372	12.1936
6.0202	17	1.18372	11.8714
6.16162	17	1.18372	11.5265
6.30303	17	1.18372	11.119
6.44444	17	1.18372	10.6561
6.58586	17	1.18372	9.99731
6.72727	17	1.18372	9.33184
6.86869	17	1.18372	8.24501
7.0101	17	1.18372	6.71671
7.15152	17	1.18372	5.85471
7.29293	17	1.18372	5.47157
7.43434	17	1.18372	5.0942
7.57576	17	1.18372	4.71406
7.71717	17	1.18372	4.31547
7.85859	17	1.18372	3.89049
8	17	1.18372	3.44899
-6	18	1.24893	24.7297
-5.85859	18	1.24893	24.8711
-5.71717	18	1.24893	25.0125
-5.57576	18	1.24893	25.1539
-5.43434	18	1.24893	25.2953
-5.29293	18	1.24893	25.4368
-5.15152	18	1.24893	25.5782
-5.0101	18	1.24893	25.7196
-4.86869	18	1.24893	25.861
-4.72727	18	1.24893	26.0025
-4.58586	18	1.24893	26.1437
-4.44444	18	1.24893	26.2614
-4.30303	18	1.24893	26.3679
-4.16162	18	1.24893	26.4741
-4.0202	18	1.24893	26.5782
-3.87879	18	1.24893	26.6795
-3.73737	18	1.24893	26.7827
-3.59596	18	1.24893	26.8941
-3.45455	18	1.24893	27.0304
-3.31313	18	1.24893	27.1976
-3.17172	18	1.24893	27.2219
-3.0303	18	1.24893	27.1168
-2.88889	18	1.24893	26.9503
-2.74747	18	1.24893	26.7492
-2.60606	18	1.24893	26.5794
-2.46465	18	1.24893	26.4106
-2.32323	18	1.24893	26.2048
-2.18182	18	1.24893	26.0397
-2.0404	18	1.24893	25.8795
-1.89899	18	1.24893	25.7122
-1.75758	18	1.24893	25.461
-1.61616	18	1.24893	24.963
-1.47475	18	1.24893	24.4751
-1.33333	18	1.24893	24.1766
-1.19192	18	1.24893	23.9871
-1.05051	18	1.24893	23.8256
-0.909091	18	1.24893	23.6658
-0.767677	18	1.24893	23.4972
-0.626263	18	1.24893	23.3133
-0.484848	18	1.24893	23.1177
-0.343434	18	1.24893	22.9187
-0.20202	18	1.24893	22.7098
-0.0606061	18	1.24893	22.4783
0.0808081	18	1.24893	22.2236
0.222222	18	1.24893	21.9605
0.363636	18	1.24893	21.6994
0.505051	18	1.24893	21.42
0.646465	18	1.24893	21.1307
0.787879	18	1.24893	20.8748
0.929293	18	1.24893	20.6352
1.07071	18	1.24893	20.4043
1.21212	18	1.24893	20.1883
1.35354	18	1.24893	19.9763
1.49495	18	1.24893	19.7612
1.63636	18	1.24893	19.5392
1.77778	18	1.24893	19.3093
1.91919	18	1.24893	19.0729
2.06061	18	1.24893	18.8302
2.20202	18	1.24893	18.5807
2.34343	18	1.24893	18.327
2.48485	18	1.24893	18.0736
2.62626	18	1.24893	17.8218
2.76768	18	1.24893	17.5712
2.90909	18	1.24893	17.3258
3.05051	18	1.24893	17.0867
3.19192	18	1.24893	16.8504
3.33333	18	1.24893	16.6161
3.47475	18	1.24893	16.3829
3.61616	18	1.24893	16.1483
3.75758	18	1.24893	15.9113
3.89899	18	1.24893	15.6714
4.0404	18	1.24893	15.4284
4.18182	18	1.24893	15.1831
4.32323	18	1.24893	14.9356
4.46465	18	1.24893	14.6867
4.60606	18	1.24893	14.4374
4.74747	18	1.24893	14.1878
4.88889	18	1.24893	13.9379
5.0303	18	1.24893	13.6868
5.17172	18	1.24893	13.4341
5.31313	18	1.24893	13.1781
5.45455	18	1.24893	12.9162
5.59596	18	1.24893	12.6471
5.73737	18	1.24893	12.3659
5.87879	18	1.24893	12.066
6.0202	18	1.24893	11.7436
6.16162	18	1.24893	11.3981
6.30303	18	1.24893	10.9894
6.44444	18	1.24893	10.5258
6.58586	18	1.24893	9.86597
6.72727	18	1.24893	9.19605
6.86869	18	1.24893	8.10899
7.0101	18	1.24893	6.56986
7.15152	18	1.24893	5.67681
7.29293	18	1.24893	5.2969
7.43434	18	1.24893	4.92484
7.57576	18	1.24893	4.54255
7.71717	18	1.24893	4.13671
7.85859	18	1.24893	3.70929
8	18	1.24893	3.27589
-6	19	1.31414	24.6659
-5.85859	19	1.31414	24.8073
-5.71717	19	1.31414	24.9488
-5.57576	19	1.31414	25.0902
-5.43434	19	1.31414	25.2316
-5.29293	19	1.31414	25.373
-5.15152	19	1.31414	25.5144
-5.0101	19	1.31414	25.6559
-4.86869	19	1.31414	25.7973
-4.72727	19	1.31414	25.9388
-4.58586	19	1.31414	26.0801
-4.44444	19	1.31414	26.1992
-4.30303	19	1.31414	26.3069
-4.16162	19	1.31414	26.4144
-4.0202	19	1.31414	26.5211
-3.87879	19	1.31414	26.6274
-3.73737	19	1.31414	26.7418
-3.59596	19	1.31414	26.8841
-3.45455	19	1.31414	27.0749
-3.31313	19	1.31414	27.1793
-3.17172	19	1.31414	27.0932
-3.0303	19	1.31414	26.9727
-2.88889	19	1.31414	26.8054
-2.74747	19	1.31414	26.6043
-2.60606	19	1.31414	26.4354
-2.46465	19	1.31414	26.268
-2.32323	19	1.31414	26.0629
-2.18182	19	1.31414	25.9008
-2.0404	19	1.31414	25.7407
-1.89899	19	1.31414	25.5737
-1.75758	19	1.31414	25.3229
-1.61616	19	1.31414	24.8254
-1.47475	19	1.31414	24.3388
-1.33333	19	1.31414	24.042
-1.19192	19	1.31414	23.8539
-1.05051	19	1.31414	23.6932
-0.909091	19	1.31414	23.5336
-0.767677	19	1.31414	23.3648
-0.626263	19	1.31414	23.1809
-0.484848	19	1.31414	22.9852
-0.343434	19	1.31414	22.786
-0.20202	19	1.31414	22.5768
-0.0606061	19	1.31414	22.3451
0.0808081	19	1.31414	22.0906
0.222222	19	1.31414	21.8278
0.363636	19	1.31414	21.5668
0.505051	19	1.31414	21.2879
0.646465	19	1.31414	20.9996
0.787879	19	1.31414	20.7444
0.929293	19	1.31414	20.5055
1.07071	19	1.31414	20.275
1.21212	19	1.31414	20.0591
1.35354	19	1.31414	19.8469
1.49495	19	1.31414	19.6316
1.63636	19	1.31414	19.4093
1.77778	19	1.31414	19.1793
1.91919	19	1.31414	18.9428
2.06061	19	1.31414	18.7
2.20202	19	1.31414	18.4506
2.34343	19	1.31414	18.1971
2.48485	19	1.31414	17.9439
2.62626	19	1.31414	17.6923
2.76768	19	1.31414	17.4421
2.90909	19	1.31414	17.197
3.05051	19	1.31414	16.9581
3.19192	19	1.31414	16.7219
3.33333	19	1.31414	16.4876
3.47475	19	1.31414	16.2544
3.61616	19	1.31414	16.0198
3.75758	19	1.31414	15.7827
3.89899	19	1.31414	15.5427
4.0404	19	1.31414	15.2998
4.18182	19	1.31414	15.0544
4.32323	19	1.31414	14.807
4.46465	19	1.31414	14.5582
4.60606	19	1.31414	14.3089
4.74747	19	1.31414	14.0594
4.88889	19	1.31414	13.8095
5.0303	19	1.31414	13.5585
5.17172	19	1.31414	13.3058
5.31313	19	1.31414	13.0498
5.45455	19	1.31414	12.7878
5.59596	19	1.31414	12.5186
5.73737	19	1.31414	12.2371
5.87879	19	1.31414	11.9369
6.0202	19	1.31414	11.6139
6.16162	19	1.31414	11.2677
6.30303	19	1.31414	10.8578
6.44444	19	1.31414	10.393
6.58586	19	1.31414	9.73251
6.72727	19	1.31414	9.05935
6.86869	19	1.31414	7.97068
7.0101	19	1.31414	6.42001
7.15152	19	1.31414	5.49771
7.29293	19	1.31414	5.12267
7.43434	19	1.31414	4.75238
7.57576	19	1.31414	4.36444
7.71717	19	1.31414	3.95316
7.85859	19	1.31414	3.52901
8	19	1.31414	3.10541
-6	20	1.37935	24.6032
-5.85859	20	1.37935	24.7446
-5.71717	20	1.37935	24.886
-5.57576	20	1.37935	25.0274
-5.43434	20	1.37935	25.1688
-5.29293	20	1.37935	25.3103
-5.15152	20	1.37935	25.4517
-5.0101	20	1.37935	25.5932
-4.86869	20	1.37935	25.7347
-4.72727	20	1.37935	25.8762
-4.58586	20	1.37935	26.0176
-4.44444	20	1.37935	26.1375
-4.30303	20	1.37935	26.246
-4.16162	20	1.37935	26.3539
-4.0202	20	1.37935	26.464
-3.87879	20	1.37935	26.581
-3.73737	20	1.37935	26.7276
-3.59596	20	1.37935	26.9348
-3.45455	20	1.37935	27.1226
-3.31313	20	1.37935	27.0698
-3.17172	20	1.37935	26.9498
-3.0303	20	1.37935	26.8273
-2.88889	20	1.37935	26.6604
-2.74747	20	1.37935	26.4595
-2.60606	20	1.37935	26.292
-2.46465	20	1.37935	26.1259
-2.32323	20	1.37935	25.9216
-2.18182	20	1.37935	25.762
-2.0404	20	1.37935	25.6022
-1.89899	20	1.37935	25.4356
-1.75758	20	1.37935	25.1851
-1.61616	20	1.37935	24.6879
-1.47475	20	1.37935	24.2022
-1.33333	20	1.37935	23.9069
-1.19192	20	1.37935	23.7202
-1.05051	20	1.37935	23.5602
-0.909091	20	1.37935	23.4005
-0.767677	20	1.37935	23.2316
-0.626263	20	1.37935	23.0477
-0.484848	20	1.37935	22.8521
-0.343434	20	1.37935	22.6527
-0.20202	20	1.37935	22.4431
-0.0606061	20	1.37935	22.2112
0.0808081	20	1.37935	21.9568
0.222222	20	1.37935	21.6942
0.363636	20	1.37935	21.4333
0.505051	20	1.37935	21.155
0.646465	20	1.37935	20.8676
0.787879	20	1.37935	20.6131
0.929293	20	1.37935	20.3746
1.07071	20	1.37935	20.1444
1.21212	20	1.37935	19.9285
1.35354	20	1.37935	19.7162
1.49495	20	1.37935	19.5007
1.63636	20	1.37935	19.2782
1.77778	20	1.37935	19.048
1.91919	20	1.37935	18.8114
2.06061	20	1.37935	18.5686
2.20202	20	1.37935	18.3192
2.34343	20	1.37935	18.0659
2.48485	20	1.37935	17.8129
2.62626	20	1.37935	17.5615
2.76768	20	1.37935	17.3116
2.90909	20	1.37935	17.0667
3.05051	20	1.37935	16.8279
3.19192	20	1.37935	16.5918
3.33333	20	1.37935	16.3576
3.47475	20	1.37935	16.1243
3.61616	20	1.37935	15.8896
3.75758	20	1.37935	15.6524
3.89899	20	1.37935	15.4124
4.0404	20	1.37935	15.1695
4.18182	20	1.37935	14.9241
4.32323	20	1.37935	14.6768
4.46465	20	1.37935	14.4281
4.60606	20	1.37935	14.1789
4.74747	20	1.37935	13.9296
4.88889	20	1.37935	13.6797
5.0303	20	1.37935	13.4287
5.17172	20	1.37935	13.1761
5.31313	20	1.37935	12.92
5.45455	20	1.37935	12.6578
5.59596	20	1.37935	12.3883
5.73737	20	1.37935	12.1065
5.87879	20	1.37935	11.8057
6.0202	20	1.37935	11.4824
6.16162	20	1.37935	11.1355
6.30303	20	1.37935	10.7247
6.44444	20	1.37935	10.2583
6.58586	20	1.37935	9.59748
6.72727	20	1.37935	8.92252
6.86869	20	1.37935	7.83252
7.0101	20	1.37935	6.2707
7.15152	20	1.37935	5.32045
7.29293	20	1.37935	4.94911
7.43434	20	1.37935	4.57632
7.57576	20	1.37935	4.18199
7.71717	20	1.37935	3.76946
7.85859	20	1.37935	3.353
8	20	1.37935	2.93574
-6	21	1.44456	24.5357
-5.85859	21	1.44456	24.6771
-5.71717	21	1.44456	24.8186
-5.57576	21	1.44456	24.96
-5.43434	21	1.44456	25.1014
-5.29293	21	1.44456	25.2429
-5.15152	21	1.44456	25.3843
-5.0101	21	1.44456	25.5259
-4.86869	21	1.44456	25.6674
-4.72727	21	1.44456	25.8091
-4.58586	21	1.44456	25.9508
-4.44444	21	1.44456	26.0714
-4.30303	21	1.44456	26.1824
-4.16162	21	1.44456	26.2941
-4.0202	21	1.44456	26.4157
-3.87879	21	1.44456	26.5675
-3.73737	21	1.44456	26.7865
-3.59596	21	1.44456	27.0359
-3.45455	21	1.44456	27.0495
-3.31313	21	1.44456	26.9307
-3.17172	21	1.44456	26.8032
-3.0303	21	1.44456	26.6815
-2.88889	21	1.44456	26.5153
-2.74747	21	1.44456	26.3151
-2.60606	21	1.44456	26.1492
-2.46465	21	1.44456	25.9845
-2.32323	21	1.44456	25.7807
-2.18182	21	1.44456	25.6235
-2.0404	21	1.44456	25.4641
-1.89899	21	1.44456	25.298
-1.75758	21	1.44456	25.0477
-1.61616	21	1.44456	24.5507
-1.47475	21	1.44456	24.0658
-1.33333	21	1.44456	23.772
-1.19192	21	1.44456	23.5866
-1.05051	21	1.44456	23.4269
-0.909091	21	1.44456	23.2672
-0.767677	21	1.44456	23.0982
-0.626263	21	1.44456	22.9143
-0.484848	21	1.44456	22.7186
-0.343434	21	1.44456	22.519
-0.20202	21	1.44456	22.3091
-0.0606061	21	1.44456	22.0771
0.0808081	21	1.44456	21.8229
0.222222	21	1.44456	21.5603
0.363636	21	1.44456	21.2996
0.505051	21	1.44456	21.0218
0.646465	21	1.44456	20.7352
0.787879	21	1.44456	20.4813
0.929293	21	1.44456	20.2432
1.07071	21	1.44456	20.0132
1.21212	21	1.44456	19.7973
1.35354	21	1.44456	19.5848
1.49495	21	1.44456	19.3691
1.63636	21	1.44456	19.1464
1.77778	21	1.44456	18.916
1.91919	21	1.44456	18.6794
2.06061	21	1.44456	18.4365
2.20202	21	1.44456	18.1872
2.34343	21	1.44456	17.934
2.48485	21	1.44456	17.6812
2.62626	21	1.44456	17.4301
2.76768	21	1.44456	17.1804
2.90909	21	1.44456	16.9357
3.05051	21	1.44456	16.6971
3.19192	21	1.44456	16.461
3.33333	21	1.44456	16.2267
3.47475	21	1.44456	15.9934
3.61616	21	1.44456	15.7586
3.75758	21	1.44456	15.5214
3.89899	21	1.44456	15.2813
4.0404	21	1.44456	15.0384
4.18182	21	1.44456	14.793
4.32323	21	1.44456	14.5458
4.46465	21	1.44456	14.2971
4.60606	21	1.44456	14.048
4.74747	21	1.44456	13.7987
4.88889	21	1.44456	13.5489
5.0303	21	1.44456	13.298
5.17172	21	1.44456	13.0452
5.31313	21	1.44456	12.789
5.45455	21	1.44456	12.5267
5.59596	21	1.44456	12.2569
5.73737	21	1.44456	11.9749
5.87879	21	1.44456	11.6738
6.0202	21	1.44456	11.3499
6.16162	21	1.44456	11.0021
6.30303	21	1.44456	10.5906
6.44444	21	1.44456	10.1228
6.58586	21	1.44456	9.46154
6.72727	21	1.44456	8.78569
6.86869	21	1.44456	7.69475
7.0101	21	1.44456	6.12293
7.15152	21	1.44456	5.14591
7.29293	21	1.44456	4.7749
7.43434	21	1.44456	4.39676
7.57576	21	1.44456	3.99806
7.71717	21	1.44456	3.58923
7.85859	21	1.44456	3.18109
8	21	1.44456	2.76375
-6	22	1.50977	24.4678
-5.85859	22	1.50977	24.6092
-5.71717	22	1.50977	24.7507
-5.57576	22	1.50977	24.8921
-5.43434	22	1.50977	25.0336
-5.29293	22	1.50977	25.1751
-5.15152	22	1.50977	25.3166
-5.0101	22	1.50977	25.4582
-4.86869	22	1.50977	25.6
-4.72727	22	1.50977	25.742
-4.58586	22	1.50977	25.8843
-4.44444	22	1.50977	26.0057
-4.30303	22	1.50977	26.1202
-4.16162	22	1.50977	26.2442
-4.0202	22	1.50977	26.4025
-3.87879	22	1.50977	26.6332
-3.73737	22	1.50977	26.9112
-3.59596	22	1.50977	27.0173
-3.45455	22	1.50977	26.9221
-3.31313	22	1.50977	26.7835
-3.17172	22	1.50977	26.6549
-3.0303	22	1.50977	26.535
-2.88889	22	1.50977	26.37
-2.74747	22	1.50977	26.1709
-2.60606	22	1.50977	26.0068
-2.46465	22	1.50977	25.8434
-2.32323	22	1.50977	25.64
-2.18182	22	1.50977	25.4851
-2.0404	22	1.50977	25.3263
-1.89899	22	1.50977	25.1606
-1.75758	22	1.50977	24.9105
-1.61616	22	1.50977	24.4135
-1.47475	22	1.50977	23.9292
-1.33333	22	1.50977	23.6369
-1.19192	22	1.50977	23.4524
-1.05051	22	1.50977	23.293
-0.909091	22	1.50977	23.1333
-0.767677	22	1.50977	22.9643
-0.626263	22	1.50977	22.7804
-0.484848	22	1.50977	22.5846
-0.343434	22	1.50977	22.3846
-0.20202	22	1.50977	22.1746
-0.0606061	22	1.50977	21.9426
0.0808081	22	1.50977	21.6884
0.222222	22	1.50977	21.426
0.363636	22	1.50977	21.1655
0.505051	22	1.50977	20.8882
0.646465	22	1.50977	20.6023
0.787879	22	1.50977	20.3488
0.929293	22	1.50977	20.111
1.07071	22	1.50977	19.8812
1.21212	22	1.50977	19.6652
1.35354	22	1.50977	19.4526
1.49495	22	1.50977	19.2366
1.63636	22	1.50977	19.0137
1.77778	22	1.50977	18.7833
1.91919	22	1.50977	18.5465
2.06061	22	1.50977	18.3037
2.20202	22	1.50977	18.0544
2.34343	22	1.50977	17.8014
2.48485	22	1.50977	17.5488
2.62626	22	1.50977	17.2978
2.76768	22	1.50977	17.0484
2.90909	22	1.50977	16.8038
3.05051	22	1.50977	16.5652
3.19192	22	1.50977	16.3292
3.33333	22	1.50977	16.0949
3.47475	22	1.50977	15.8615
3.61616	22	1.50977	15.6267
3.75758	22	1.50977	15.3894
3.89899	22	1.50977	15.1493
4.0404	22	1.50977	14.9063
4.18182	22	1.50977	14.661
4.32323	22	1.50977	14.4138
4.46465	22	1.50977	14.1653
4.60606	22	1.50977	13.9162
4.74747	22	1.50977	13.667
4.88889	22	1.50977	13.4173
5.0303	22	1.50977	13.1663
5.17172	22	1.50977	12.9136
5.31313	22	1.50977	12.6573
5.45455	22	1.50977	12.3948
5.59596	22	1.50977	12.1247
5.73737	22	1.50977	11.8424
5.87879	22	1.50977	11.5409
6.0202	22	1.50977	11.2166
6.16162	22	1.50977	10.8679
6.30303	22	1.50977	10.4559
6.44444	22	1.50977	9.98707
6.58586	22	1.50977	9.32501
6.72727	22	1.50977	8.64881
6.86869	22	1.50977	7.55726
7.0101	22	1.50977	5.97639
7.15152	22	1.50977	4.97116
7.29293	22	1.50977	4.59664
7.43434	22	1.50977	4.21288
7.57576	22	1.50977	3.81371
7.71717	22	1.50977	3.41194
7.85859	22	1.50977	3.00848
8	22	1.50977	2.58526
-6	23	1.57498	24.4014
-5.85859	23	1.57498	24.5429
-5.71717	23	1.57498	24.6843
-5.57576	23	1.57498	24.8258
-5.43434	23	1.57498	24.9673
-5.29293	23	1.57498	25.1088
-5.15152	23	1.57498	25.2505
-5.0101	23	1.57498	25.3923
-4.86869	23	1.57498	25.5344
-4.72727	23	1.57498	25.6772
-4.58586	23	1.57498	25.8214
-4.44444	23	1.57498	25.947
-4.30303	23	1.57498	26.0748
-4.16162	23	1.57498	26.2365
-4.0202	23	1.57498	26.475
-3.87879	23	1.57498	26.7612
-3.73737	23	1.57498	26.9512
-3.59596	23	1.57498	26.9147
-3.45455	23	1.57498	26.7788
-3.31313	23	1.57498	26.6331
-3.17172	23	1.57498	26.5058
-3.0303	23	1.57498	26.3882
-2.88889	23	1.57498	26.2249
-2.74747	23	1.57498	26.0272
-2.60606	23	1.57498	25.8649
-2.46465	23	1.57498	25.7025
-2.32323	23	1.57498	25.4996
-2.18182	23	1.57498	25.347
-2.0404	23	1.57498	25.1888
-1.89899	23	1.57498	25.0235
-1.75758	23	1.57498	24.7735
-1.61616	23	1.57498	24.2765
-1.47475	23	1.57498	23.7931
-1.33333	23	1.57498	23.5021
-1.19192	23	1.57498	23.3183
-1.05051	23	1.57498	23.159
-0.909091	23	1.57498	22.9994
-0.767677	23	1.57498	22.8305
-0.626263	23	1.57498	22.6465
-0.484848	23	1.57498	22.4505
-0.343434	23	1.57498	22.2503
-0.20202	23	1.57498	22.04
-0.0606061	23	1.57498	21.8081
0.0808081	23	1.57498	21.554
0.222222	23	1.57498	21.2916
0.363636	23	1.57498	21.0314
0.505051	23	1.57498	20.7546
0.646465	23	1.57498	20.4693
0.787879	23	1.57498	20.2163
0.929293	23	1.57498	19.9787
1.07071	23	1.57498	19.7491
1.21212	23	1.57498	19.533
1.35354	23	1.57498	19.3202
1.49495	23	1.57498	19.104
1.63636	23	1.57498	18.8809
1.77778	23	1.57498	18.6503
1.91919	23	1.57498	18.4135
2.06061	23	1.57498	18.1707
2.20202	23	1.57498	17.9215
2.34343	23	1.57498	17.6686
2.48485	23	1.57498	17.4161
2.62626	23	1.57498	17.1654
2.76768	23	1.57498	16.9161
2.90909	23	1.57498	16.6717
3.05051	23	1.57498	16.4332
3.19192	23	1.57498	16.1972
3.33333	23	1.57498	15.9629
3.47475	23	1.57498	15.7294
3.61616	23	1.57498	15.4945
3.75758	23	1.57498	15.2572
3.89899	23	1.57498	15.017
4.0404	23	1.57498	14.7741
4.18182	23	1.57498	14.5288
4.32323	23	1.57498	14.2816
4.46465	23	1.57498	14.0331
4.60606	23	1.57498	13.7841
4.74747	23	1.57498	13.535
4.88889	23	1.57498	13.2852
5.0303	23	1.57498	13.0343
5.17172	23	1.57498	12.7815
5.31313	23	1.57498	12.525
5.45455	23	1.57498	12.2623
5.59596	23	1.57498	11.992
5.73737	23	1.57498	11.7094
5.87879	23	1.57498	11.4076
6.0202	23	1.57498	11.0828
6.16162	23	1.57498	10.7334
6.30303	23	1.57498	10.3208
6.44444	23	1.57498	9.85119
6.58586	23	1.57498	9.18856
6.72727	23	1.57498	8.51208
6.86869	23	1.57498	7.42003
7.0101	23	1.57498	5.83093
7.15152	23	1.57498	4.79428
7.29293	23	1.57498	4.41383
7.43434	23	1.57498	4.02649
7.57576	23	1.57498	3.63104
7.71717	23	1.57498	3.23626
7.85859	23	1.57498	2.83187
8	23	1.57498	2.40004
-6	24	1.64018	24.3342
-5.85859	24	1.64018	24.4757
-5.71717	24	1.64018	24.6172
-5.57576	24	1.64018	24.7587
-5.43434	24	1.64018	24.9002
-5.29293	24	1.64018	25.0419
-5.15152	24	1.64018	25.1838
-5.0101	24	1.64018	25.326
-4.86869	24	1.64018	25.469
-4.72727	24	1.64018	25.6139
-4.58586	24	1.64018	25.7632
-4.44444	24	1.64018	25.9029
-4.30303	24	1.64018	26.0706
-4.16162	24	1.64018	26.3133
-4.0202	24	1.64018	26.6022
-3.87879	24	1.64018	26.8357
-3.73737	24	1.64018	26.8885
-3.59596	24	1.64018	26.7843
-3.45455	24	1.64018	26.629
-3.31313	24	1.64018	26.4813
-3.17172	24	1.64018	26.3562
-3.0303	24	1.64018	26.2416
-2.88889	24	1.64018	26.0803
-2.74747	24	1.64018	25.8842
-2.60606	24	1.64018	25.7234
-2.46465	24	1.64018	25.5621
-2.32323	24	1.64018	25.3596
-2.18182	24	1.64018	25.2093
-2.0404	24	1.64018	25.0516
-1.89899	24	1.64018	24.8866
-1.75758	24	1.64018	24.6368
-1.61616	24	1.64018	24.1399
-1.47475	24	1.64018	23.6572
-1.33333	24	1.64018	23.3674
-1.19192	24	1.64018	23.1841
-1.05051	24	1.64018	23.0249
-0.909091	24	1.64018	22.8654
-0.767677	24	1.64018	22.6964
-0.626263	24	1.64018	22.5123
-0.484848	24	1.64018	22.3161
-0.343434	24	1.64018	22.1157
-0.20202	24	1.64018	21.9054
-0.0606061	24	1.64018	21.6734
0.0808081	24	1.64018	21.4193
0.222222	24	1.64018	21.1572
0.363636	24	1.64018	20.8972
0.505051	24	1.64018	20.6208
0.646465	24	1.64018	20.3361
0.787879	24	1.64018	20.0834
0.929293	24	1.64018	19.846
1.07071	24	1.64018	19.6165
1.21212	24	1.64018	19.4003
1.35354	24	1.64018	19.1873
1.49495	24	1.64018	18.9709
1.63636	24	1.64018	18.7477
1.77778	24	1.64018	18.517
1.91919	24	1.64018	18.2802
2.06061	24	1.64018	18.0373
2.20202	24	1.64018	17.7882
2.34343	24	1.64018	17.5354
2.48485	24	1.64018	17.2832
2.62626	24	1.64018	17.0326
2.76768	24	1.64018	16.7834
2.90909	24	1.64018	16.5391
3.05051	24	1.64018	16.3007
3.19192	24	1.64018	16.0647
3.33333	24	1.64018	15.8303
3.47475	24	1.64018	15.5968
3.61616	24	1.64018	15.3618
3.75758	24	1.64018	15.1245
3.89899	24	1.64018	14.8843
4.0404	24	1.64018	14.6413
4.18182	24	1.64018	14.396
4.32323	24	1.64018	14.1489
4.46465	24	1.64018	13.9005
4.60606	24	1.64018	13.6515
4.74747	24	1.64018	13.4024
4.88889	24	1.64018	13.1527
5.0303	24	1.64018	12.9017
5.17172	24	1.64018	12.6489
5.31313	24	1.64018	12.3924
5.45455	24	1.64018	12.1295
5.59596	24	1.64018	11.859
5.73737	24	1.64018	11.5761
5.87879	24	1.64018	11.2738
6.0202	24	1.64018	10.9486
6.16162	24	1.64018	10.5985
6.30303	24	1.64018	10.1853
6.44444	24	1.64018	9.71528
6.58586	24	1.64018	9.05229
6.72727	24	1.64018	8.37561
6.86869	24	1.64018	7.28315
7.0101	24	1.64018	5.68653
7.15152	24	1.64018	4.61533
7.29293	24	1.64018	4.22866
7.43434	24	1.64018	3.84126
7.57576	24	1.64018	3.45219
7.71717	24	1.64018	3.061
7.85859	24	1.64018	2.65095
8	24	1.64018	2.21123
-6	25	1.70539	24.2657
-5.85859	25	1.70539	24.4072
-5.71717	25	1.70539	24.5487
-5.57576	25	1.70539	24.6903
-5.43434	25	1.70539	24.832
-5.29293	25	1.70539	24.9739
-5.15152	25	1.70539	25.1163
-5.0101	25	1.70539	25.2595
-4.86869	25	1.70539	25.4048
-4.72727	25	1.70539	25.5555
-4.58586	25	1.70539	25.7205
-4.44444	25	1.70539	25.901
-4.30303	25	1.70539	26.149
-4.16162	25	1.70539	26.4394
-4.0202	25	1.70539	26.6807
-3.87879	25	1.70539	26.8187
-3.73737	25	1.70539	26.7828
-3.59596	25	1.70539	26.6398
-3.45455	25	1.70539	26.4746
-3.31313	25	1.70539	26.3275
-3.17172	25	1.70539	26.2057
-3.0303	25	1.70539	26.0948
-2.88889	25	1.70539	25.936
-2.74747	25	1.70539	25.7414
-2.60606	25	1.70539	25.582
-2.46465	25	1.70539	25.4216
-2.32323	25	1.70539	25.2198
-2.18182	25	1.70539	25.0716
-2.0404	25	1.70539	24.9144
-1.89899	25	1.70539	24.7496
-1.75758	25	1.70539	24.5
-1.61616	25	1.70539	24.0032
-1.47475	25	1.70539	23.521
-1.33333	25	1.70539	23.232
-1.19192	25	1.70539	23.0491
-1.05051	25	1.70539	22.8902
-0.909091	25	1.70539	22.7308
-0.767677	25	1.70539	22.5618
-0.626263	25	1.70539	22.3775
-0.484848	25	1.70539	22.1812
-0.343434	25	1.70539	21.9806
-0.20202	25	1.70539	21.7702
-0.0606061	25	1.70539	21.5383
0.0808081	25	1.70539	21.2842
0.222222	25	1.70539	21.0222
0.363636	25	1.70539	20.7626
0.505051	25	1.70539	20.4866
0.646465	25	1.70539	20.2023
0.787879	25	1.70539	19.9498
0.929293	25	1.70539	19.7126
1.07071	25	1.70539	19.4831
1.21212	25	1.70539	19.2668
1.35354	25	1.70539	19.0536
1.49495	25	1.70539	18.8371
1.63636	25	1.70539	18.6138
1.77778	25	1.70539	18.383
1.91919	25	1.70539	18.1461
2.06061	25	1.70539	17.9033
2.20202	25	1.70539	17.6543
2.34343	25	1.70539	17.4016
2.48485	25	1.70539	17.1495
2.62626	25	1.70539	16.899
2.76768	25	1.70539	16.65
2.90909	25	1.70539	16.4058
3.05051	25	1.70539	16.1674
3.19192	25	1.70539	15.9314
3.33333	25	1.70539	15.697
3.47475	25	1.70539	15.4634
3.61616	25	1.70539	15.2284
3.75758	25	1.70539	14.991
3.89899	25	1.70539	14.7508
4.0404	25	1.70539	14.5078
4.18182	25	1.70539	14.2626
4.32323	25	1.70539	14.0155
4.46465	25	1.70539	13.7671
4.60606	25	1.70539	13.5182
4.74747	25	1.70539	13.2691
4.88889	25	1.70539	13.0194
5.0303	25	1.70539	12.7684
5.17172	25	1.70539	12.5155
5.31313	25	1.70539	12.2589
5.45455	25	1.70539	11.9958
5.59596	25	1.70539	11.7251
5.73737	25	1.70539	11.4419
5.87879	25	1.70539	11.1393
6.0202	25	1.70539	10.8138
6.16162	25	1.70539	10.4632
6.30303	25	1.70539	10.0494
6.44444	25	1.70539	9.57901
6.58586	25	1.70539	8.91588
6.72727	25	1.70539	8.23907
6.86869	25	1.70539	7.14626
7.0101	25	1.70539	5.54227
7.15152	25	1.70539	4.43243
7.29293	25	1.70539	4.04127
7.43434	25	1.70539	3.65735
7.57576	25	1.70539	3.27425
7.71717	25	1.70539	2.8818
7.85859	25	1.70539	2.46417
8	25	1.70539	2.02047
-6	26	1.7706	24.1923
-5.85859	26	1.7706	24.3338
-5.71717	26	1.7706	24.4754
-5.57576	26	1.7706	24.6172
-5.43434	26	1.7706	24.7591
-5.29293	26	1.7706	24.9016
-5.15152	26	1.7706	25.045
-5.0101	26	1.7706	25.1908
-4.86869	26	1.7706	25.3428
-4.72727	26	1.7706	25.5113
-4.58586	26	1.7706	25.7203
-4.44444	26	1.7706	25.9817
-4.30303	26	1.7706	26.2734
-4.16162	26	1.7706	26.5112
-4.0202	26	1.7706	26.6935
-3.87879	26	1.7706	26.7518
-3.73737	26	1.7706	26.6544
-3.59596	26	1.7706	26.4869
-3.45455	26	1.7706	26.3174
-3.31313	26	1.7706	26.1725
-3.17172	26	1.7706	26.0548
-3.0303	26	1.7706	25.9481
-2.88889	26	1.7706	25.792
-2.74747	26	1.7706	25.5987
-2.60606	26	1.7706	25.4405
-2.46465	26	1.7706	25.2811
-2.32323	26	1.7706	25.0801
-2.18182	26	1.7706	24.9337
-2.0404	26	1.7706	24.7768
-1.89899	26	1.7706	24.6123
-1.75758	26	1.7706	24.3629
-1.61616	26	1.7706	23.866
-1.47475	26	1.7706	23.3841
-1.33333	26	1.7706	23.0956
-1.19192	26	1.7706	22.9131
-1.05051	26	1.7706	22.7545
-0.909091	26	1.7706	22.5952
-0.767677	26	1.7706	22.4262
-0.626263	26	1.7706	22.2419
-0.484848	26	1.7706	22.0454
-0.343434	26	1.7706	21.8448
-0.20202	26	1.7706	21.6344
-0.0606061	26	1.7706	21.4025
0.0808081	26	1.7706	21.1485
0.222222	26	1.7706	20.8867
0.363636	26	1.7706	20.6272
0.505051	26	1.7706	20.3515
0.646465	26	1.7706	20.0675
0.787879	26	1.7706	19.8153
0.929293	26	1.7706	19.5782
1.07071	26	1.7706	19.3487
1.21212	26	1.7706	19.1323
1.35354	26	1.7706	18.919
1.49495	26	1.7706	18.7024
1.63636	26	1.7706	18.479
1.77778	26	1.7706	18.2482
1.91919	26	1.7706	18.0112
2.06061	26	1.7706	17.7684
2.20202	26	1.7706	17.5195
2.34343	26	1.7706	17.2669
2.48485	26	1.7706	17.0149
2.62626	26	1.7706	16.7645
2.76768	26	1.7706	16.5156
2.90909	26	1.7706	16.2715
3.05051	26	1.7706	16.0331
3.19192	26	1.7706	15.797
3.33333	26	1.7706	15.5626
3.47475	26	1.7706	15.329
3.61616	26	1.7706	15.0939
3.75758	26	1.7706	14.8565
3.89899	26	1.7706	14.6163
4.0404	26	1.7706	14.3734
4.18182	26	1.7706	14.1281
4.32323	26	1.7706	13.8811
4.46465	26	1.7706	13.6327
4.60606	26	1.7706	13.3839
4.74747	26	1.7706	13.1348
4.88889	26	1.7706	12.885
5.0303	26	1.7706	12.634
5.17172	26	1.7706	12.3811
5.31313	26	1.7706	12.1244
5.45455	26	1.7706	11.8612
5.59596	26	1.7706	11.5902
5.73737	26	1.7706	11.3068
5.87879	26	1.7706	11.004
6.0202	26	1.7706	10.6781
6.16162	26	1.7706	10.3272
6.30303	26	1.7706	9.91307
6.44444	26	1.7706	9.44246
6.58586	26	1.7706	8.77924
6.72727	26	1.7706	8.10237
6.86869	26	1.7706	7.00923
7.0101	26	1.7706	5.39786
7.15152	26	1.7706	4.2459
7.29293	26	1.7706	3.85298
7.43434	26	1.7706	3.47455
7.57576	26	1.7706	3.09436
7.71717	26	1.7706	2.69689
7.85859	26	1.7706	2.2728
8	26	1.7706	1.83058
-6	27	1.83581	24.1173
-5.85859	27	1.83581	24.2589
-5.71717	27	1.83581	24.4007
-5.57576	27	1.83581	24.5428
-5.43434	27	1.83581	24.6854
-5.29293	27	1.83581	24.8292
-5.15152	27	1.83581	24.9758
-5.0101	27	1.83581	25.1296
-4.86869	27	1.83581	25.3026
-4.72727	27	1.83581	25.5218
-4.58586	27	1.83581	25.811
-4.44444	27	1.83581	26.1086
-4.30303	27	1.83581	26.3415
-4.16162	27	1.83581	26.5322
-4.0202	27	1.83581	26.6704
-3.87879	27	1.83581	26.654
-3.73737	27	1.83581	26.5111
-3.59596	27	1.83581	26.3292
-3.45455	27	1.83581	26.1588
-3.31313	27	1.83581	26.0173
-3.17172	27	1.83581	25.9044
-3.0303	27	1.83581	25.8024
-2.88889	27	1.83581	25.6487
-2.74747	27	1.83581	25.4565
-2.60606	27	1.83581	25.2995
-2.46465	27	1.83581	25.1412
-2.32323	27	1.83581	24.9408
-2.18182	27	1.83581	24.7957
-2.0404	27	1.83581	24.6392
-1.89899	27	1.83581	24.475
-1.75758	27	1.83581	24.2258
-1.61616	27	1.83581	23.7286
-1.47475	27	1.83581	23.2463
-1.33333	27	1.83581	22.9579
-1.19192	27	1.83581	22.7759
-1.05051	27	1.83581	22.6178
-0.909091	27	1.83581	22.4587
-0.767677	27	1.83581	22.2898
-0.626263	27	1.83581	22.1055
-0.484848	27	1.83581	21.9091
-0.343434	27	1.83581	21.7086
-0.20202	27	1.83581	21.4982
-0.0606061	27	1.83581	21.2662
0.0808081	27	1.83581	21.0124
0.222222	27	1.83581	20.7507
0.363636	27	1.83581	20.4913
0.505051	27	1.83581	20.2157
0.646465	27	1.83581	19.9319
0.787879	27	1.83581	19.6797
0.929293	27	1.83581	19.4427
1.07071	27	1.83581	19.2132
1.21212	27	1.83581	18.9968
1.35354	27	1.83581	18.7834
1.49495	27	1.83581	18.5667
1.63636	27	1.83581	18.3433
1.77778	27	1.83581	18.1125
1.91919	27	1.83581	17.8756
2.06061	27	1.83581	17.6328
2.20202	27	1.83581	17.3839
2.34343	27	1.83581	17.1314
2.48485	27	1.83581	16.8794
2.62626	27	1.83581	16.6291
2.76768	27	1.83581	16.3802
2.90909	27	1.83581	16.1361
3.05051	27	1.83581	15.8977
3.19192	27	1.83581	15.6617
3.33333	27	1.83581	15.4273
3.47475	27	1.83581	15.1936
3.61616	27	1.83581	14.9586
3.75758	27	1.83581	14.7211
3.89899	27	1.83581	14.4809
4.0404	27	1.83581	14.238
4.18182	27	1.83581	13.9928
4.32323	27	1.83581	13.7458
4.46465	27	1.83581	13.4974
4.60606	27	1.83581	13.2486
4.74747	27	1.83581	12.9995
4.88889	27	1.83581	12.7498
5.0303	27	1.83581	12.4988
5.17172	27	1.83581	12.2458
5.31313	27	1.83581	11.9891
5.45455	27	1.83581	11.7257
5.59596	27	1.83581	11.4547
5.73737	27	1.83581	11.1711
5.87879	27	1.83581	10.8682
6.0202	27	1.83581	10.5421
6.16162	27	1.83581	10.191
6.30303	27	1.83581	9.77674
6.44444	27	1.83581	9.30603
6.58586	27	1.83581	8.64278
6.72727	27	1.83581	7.96587
6.86869	27	1.83581	6.87242
7.0101	27	1.83581	5.25398
7.15152	27	1.83581	4.05901
7.29293	27	1.83581	3.6671
7.43434	27	1.83581	3.2939
7.57576	27	1.83581	2.91259
7.71717	27	1.83581	2.50853
7.85859	27	1.83581	2.08125
8	27	1.83581	1.64558
-6	28	1.90102	24.036
-5.85859	28	1.90102	24.1778
-5.71717	28	1.90102	24.3198
-5.57576	28	1.90102	24.4624
-5.43434	28	1.90102	24.6063
-5.29293	28	1.90102	24.7531
-5.15152	28	1.90102	24.9077
-5.0101	28	1.90102	25.0834
-4.86869	28	1.90102	25.3111
-4.72727	28	1.90102	25.6174
-4.58586	28	1.90102	25.9398
-4.44444	28	1.90102	26.1783
-4.30303	28	1.90102	26.3684
-4.16162	28	1.90102	26.5402
-4.0202	28	1.90102	26.6165
-3.87879	28	1.90102	26.53
-3.73737	28	1.90102	26.3555
-3.59596	28	1.90102	26.1667
-3.45455	28	1.90102	25.9982
-3.31313	28	1.90102	25.8614
-3.17172	28	1.90102	25.7543
-3.0303	28	1.90102	25.6571
-2.88889	28	1.90102	25.5057
-2.74747	28	1.90102	25.3145
-2.60606	28	1.90102	25.1587
-2.46465	28	1.90102	25.0016
-2.32323	28	1.90102	24.8018
-2.18182	28	1.90102	24.6574
-2.0404	28	1.90102	24.5014
-1.89899	28	1.90102	24.3375
-1.75758	28	1.90102	24.0884
-1.61616	28	1.90102	23.5906
-1.47475	28	1.90102	23.1071
-1.33333	28	1.90102	22.8185
-1.19192	28	1.90102	22.6372
-1.05051	28	1.90102	22.4797
-0.909091	28	1.90102	22.321
-0.767677	28	1.90102	22.1523
-0.626263	28	1.90102	21.9682
-0.484848	28	1.90102	21.772
-0.343434	28	1.90102	21.5716
-0.20202	28	1.90102	21.3613
-0.0606061	28	1.90102	21.1294
0.0808081	28	1.90102	20.8756
0.222222	28	1.90102	20.6139
0.363636	28	1.90102	20.3545
0.505051	28	1.90102	20.0789
0.646465	28	1.90102	19.7951
0.787879	28	1.90102	19.543
0.929293	28	1.90102	19.306
1.07071	28	1.90102	19.0765
1.21212	28	1.90102	18.8601
1.35354	28	1.90102	18.6468
1.49495	28	1.90102	18.4302
1.63636	28	1.90102	18.2067
1.77778	28	1.90102	17.9759
1.91919	28	1.90102	17.739
2.06061	28	1.90102	17.4963
2.20202	28	1.90102	17.2474
2.34343	28	1.90102	16.9949
2.48485	28	1.90102	16.7429
2.62626	28	1.90102	16.4926
2.76768	28	1.90102	16.2437
2.90909	28	1.90102	15.9996
3.05051	28	1.90102	15.7613
3.19192	28	1.90102	15.5252
3.33333	28	1.90102	15.2908
3.47475	28	1.90102	15.0572
3.61616	28	1.90102	14.8221
3.75758	28	1.90102	14.5847
3.89899	28	1.90102	14.3445
4.0404	28	1.90102	14.1016
4.18182	28	1.90102	13.8564
4.32323	28	1.90102	13.6094
4.46465	28	1.90102	13.3611
4.60606	28	1.90102	13.1123
4.74747	28	1.90102	12.8632
4.88889	28	1.90102	12.6135
5.0303	28	1.90102	12.3625
5.17172	28	1.90102	12.1095
5.31313	28	1.90102	11.8527
5.45455	28	1.90102	11.5894
5.59596	28	1.90102	11.3183
5.73737	28	1.90102	11.0347
5.87879	28	1.90102	10.7318
6.0202	28	1.90102	10.4057
6.16162	28	1.90102	10.0546
6.30303	28	1.90102	9.64031
6.44444	28	1.90102	9.1696
6.58586	28	1.90102	8.50633
6.72727	28	1.90102	7.8294
6.86869	28	1.90102	6.73566
7.0101	28	1.90102	5.11049
7.15152	28	1.90102	3.87247
7.29293	28	1.90102	3.48315
7.43434	28	1.90102	3.11264
7.57576	28	1.90102	2.72693
7.71717	28	1.90102	2.3172
7.85859	28	1.90102	1.89136
8	28	1.90102	1.4646
-6	29	1.96623	23.8981
-5.85859	29	1.96623	24.04
-5.71717	29	1.96623	24.1824
-5.57576	29	1.96623	24.3259
-5.43434	29	1.96623	24.4722
-5.29293	29	1.96623	24.6261
-5.15152	29	1.96623	24.8019
-5.0101	29	1.96623	25.0367
-4.86869	29	1.96623	25.3746
-4.72727	29	1.96623	25.7476
-4.58586	29	1.96623	26.0297
-4.44444	29	1.96623	26.2298
-4.30303	29	1.96623	26.4068
-4.16162	29	1.96623	26.5357
-4.0202	29	1.96623	26.5112
-3.87879	29	1.96623	26.3625
-3.73737	29	1.96623	26.1708
-3.59596	29	1.96623	25.9844
-3.45455	29	1.96623	25.8243
-3.31313	29	1.96623	25.6979
-3.17172	29	1.96623	25.6005
-3.0303	29	1.96623	25.5098
-2.88889	29	1.96623	25.3612
-2.74747	29	1.96623	25.1714
-2.60606	29	1.96623	25.0173
-2.46465	29	1.96623	24.8615
-2.32323	29	1.96623	24.6625
-2.18182	29	1.96623	24.5188
-2.0404	29	1.96623	24.3632
-1.89899	29	1.96623	24.1998
-1.75758	29	1.96623	23.9508
-1.61616	29	1.96623	23.4523
-1.47475	29	1.96623	22.9677
-1.33333	29	1.96623	22.6791
-1.19192	29	1.96623	22.4984
-1.05051	29	1.96623	22.3414
-0.909091	29	1.96623	22.1831
-0.767677	29	1.96623	22.0147
-0.626263	29	1.96623	21.8308
-0.484848	29	1.96623	21.6348
-0.343434	29	1.96623	21.4345
-0.20202	29	1.96623	21.2243
-0.0606061	29	1.96623	20.9924
0.0808081	29	1.96623	20.7386
0.222222	29	1.96623	20.4769
0.363636	29	1.96623	20.2176
0.505051	29	1.96623	19.942
0.646465	29	1.96623	19.6581
0.787879	29	1.96623	19.406
0.929293	29	1.96623	19.1691
1.07071	29	1.96623	18.9396
1.21212	29	1.96623	18.7233
1.35354	29	1.96623	18.51
1.49495	29	1.96623	18.2934
1.63636	29	1.96623	18.07
1.77778	29	1.96623	17.8392
1.91919	29	1.96623	17.6023
2.06061	29	1.96623	17.3595
2.20202	29	1.96623	17.1106
2.34343	29	1.96623	16.8581
2.48485	29	1.96623	16.6061
2.62626	29	1.96623	16.3559
2.76768	29	1.96623	16.107
2.90909	29	1.96623	15.8629
3.05051	29	1.96623	15.6245
3.19192	29	1.96623	15.3885
3.33333	29	1.96623	15.1541
3.47475	29	1.96623	14.9205
3.61616	29	1.96623	14.6854
3.75758	29	1.96623	14.448
3.89899	29	1.96623	14.2078
4.0404	29	1.96623	13.9649
4.18182	29	1.96623	13.7197
4.32323	29	1.96623	13.4727
4.46465	29	1.96623	13.2244
4.60606	29	1.96623	12.9756
4.74747	29	1.96623	12.7265
4.88889	29	1.96623	12.4768
5.0303	29	1.96623	12.2258
5.17172	29	1.96623	11.9728
5.31313	29	1.96623	11.716
5.45455	29	1.96623	11.4527
5.59596	29	1.96623	11.1816
5.73737	29	1.96623	10.8981
5.87879	29	1.96623	10.5951
6.0202	29	1.96623	10.269
6.16162	29	1.96623	9.91789
6.30303	29	1.96623	9.50364
6.44444	29	1.96623	9.03293
6.58586	29	1.96623	8.36965
6.72727	29	1.96623	7.69269
6.86869	29	1.96623	6.59867
7.0101	29	1.96623	4.96715
7.15152	29	1.96623	3.68583
7.29293	29	1.96623	3.29858
7.43434	29	1.96623	2.92733
7.57576	29	1.96623	2.53598
7.71717	29	1.96623	2.12348
7.85859	29	1.96623	1.70308
8	29	1.96623	1.28358
