8.2	0	0.0751617	33.7187
8.28788	0	0.0751617	33.9243
8.37576	0	0.0751617	34.0283
8.46364	0	0.0751617	34.0989
8.55152	0	0.0751617	34.1535
8.63939	0	0.0751617	34.1983
8.72727	0	0.0751617	34.2357
8.81515	0	0.0751617	34.2694
8.90303	0	0.0751617	34.3009
8.99091	0	0.0751617	34.3275
9.07879	0	0.0751617	34.3534
9.16667	0	0.0751617	34.3784
9.25455	0	0.0751617	34.401
9.34242	0	0.0751617	34.423
9.4303	0	0.0751617	34.4443
9.51818	0	0.0751617	34.4645
9.60606	0	0.0751617	34.4841
9.69394	0	0.0751617	34.5031
9.78182	0	0.0751617	34.5215
9.8697	0	0.0751617	34.5393
9.95758	0	0.0751617	34.5566
10.0455	0	0.0751617	34.5733
10.1333	0	0.0751617	34.5895
10.2212	0	0.0751617	34.6053
10.3091	0	0.0751617	34.6204
10.397	0	0.0751617	34.635
10.4848	0	0.0751617	34.6491
10.5727	0	0.0751617	34.6627
10.6606	0	0.0751617	34.6756
10.7485	0	0.0751617	34.6879
10.8364	0	0.0751617	34.6996
10.9242	0	0.0751617	34.7106
11.0121	0	0.0751617	34.721
11.1	0	0.0751617	34.7307
11.1879	0	0.0751617	34.7395
11.2758	0	0.0751617	34.7477
11.3636	0	0.0751617	34.755
11.4515	0	0.0751617	34.7614
11.5394	0	0.0751617	34.7674
11.6273	0	0.0751617	34.7718
11.7152	0	0.0751617	34.7758
11.803	0	0.0751617	34.7786
11.8909	0	0.0751617	34.7804
11.9788	0	0.0751617	34.7812
12.0667	0	0.0751617	34.7809
12.1545	0	0.0751617	34.7794
12.2424	0	0.0751617	34.7768
12.3303	0	0.0751617	34.773
12.4182	0	0.0751617	34.7679
12.5061	0	0.0751617	34.7615
12.5939	0	0.0751617	34.7538
12.6818	0	0.0751617	34.7446
12.7697	0	0.0751617	34.7341
12.8576	0	0.0751617	34.722
12.9455	0	0.0751617	34.7083
13.0333	0	0.0751617	34.6931
13.1212	0	0.0751617	34.6761
13.2091	0	0.0751617	34.6575
13.297	0	0.0751617	34.6371
13.3848	0	0.0751617	34.6149
13.4727	0	0.0751617	34.5909
13.5606	0	0.0751617	34.5653
13.6485	0	0.0751617	34.5383
13.7364	0	0.0751617	34.5096
13.8242	0	0.0751617	34.4806
13.9121	0	0.0751617	34.4505
14	0	0.0751617	34.4207
14.0879	0	0.0751617	34.3927
14.1758	0	0.0751617	34.365
14.2636	0	0.0751617	34.3403
14.3515	0	0.0751617	34.3171
14.4394	0	0.0751617	34.296
14.5273	0	0.0751617	34.2762
14.6152	0	0.0751617	34.2571
14.703	0	0.0751617	34.2375
14.7909	0	0.0751617	34.2167
14.8788	0	0.0751617	34.194
14.9667	0	0.0751617	34.1699
15.0545	0	0.0751617	34.1459
15.1424	0	0.0751617	34.1222
15.2303	0	0.0751617	34.1101
15.3182	0	0.0751617	34.1021
15.4061	0	0.0751617	34.1001
15.4939	0	0.0751617	34.0993
15.5818	0	0.0751617	34.0961
15.6697	0	0.0751617	34.0773
15.7576	0	0.0751617	34.046
15.8455	0	0.0751617	33.9953
15.9333	0	0.0751617	33.9208
16.0212	0	0.0751617	33.8232
16.1091	0	0.0751617	33.6871
16.197	0	0.0751617	33.5213
16.2848	0	0.0751617	33.3178
16.3727	0	0.0751617	33.0695
16.4606	0	0.0751617	32.772
16.5485	0	0.0751617	32.4065
16.6364	0	0.0751617	31.9678
16.7242	0	0.0751617	31.4341
16.8121	0	0.0751617	30.7933
16.9	0	0.0751617	30.0309
8.2	1	0.140371	33.6537
8.28788	1	0.140371	33.8601
8.37576	1	0.140371	33.9652
8.46364	1	0.140371	34.0366
8.55152	1	0.140371	34.0919
8.63939	1	0.140371	34.1377
8.72727	1	0.140371	34.1759
8.81515	1	0.140371	34.2103
8.90303	1	0.140371	34.2427
8.99091	1	0.140371	34.27
9.07879	1	0.140371	34.2967
9.16667	1	0.140371	34.3224
9.25455	1	0.140371	34.3455
9.34242	1	0.140371	34.3684
9.4303	1	0.140371	34.3902
9.51818	1	0.140371	34.4109
9.60606	1	0.140371	34.4311
9.69394	1	0.140371	34.4506
9.78182	1	0.140371	34.4694
9.8697	1	0.140371	34.4876
9.95758	1	0.140371	34.5052
10.0455	1	0.140371	34.5222
10.1333	1	0.140371	34.5386
10.2212	1	0.140371	34.5546
10.3091	1	0.140371	34.5697
10.397	1	0.140371	34.5844
10.4848	1	0.140371	34.5984
10.5727	1	0.140371	34.6118
10.6606	1	0.140371	34.6245
10.7485	1	0.140371	34.6364
10.8364	1	0.140371	34.6477
10.9242	1	0.140371	34.6583
11.0121	1	0.140371	34.6679
11.1	1	0.140371	34.677
11.1879	1	0.140371	34.6849
11.2758	1	0.140371	34.6921
11.3636	1	0.140371	34.6984
11.4515	1	0.140371	34.7036
11.5394	1	0.140371	34.7082
11.6273	1	0.140371	34.7112
11.7152	1	0.140371	34.7136
11.803	1	0.140371	34.7145
11.8909	1	0.140371	34.7145
11.9788	1	0.140371	34.7132
12.0667	1	0.140371	34.7107
12.1545	1	0.140371	34.7069
12.2424	1	0.140371	34.7016
12.3303	1	0.140371	34.6952
12.4182	1	0.140371	34.6871
12.5061	1	0.140371	34.6776
12.5939	1	0.140371	34.6666
12.6818	1	0.140371	34.6539
12.7697	1	0.140371	34.6396
12.8576	1	0.140371	34.6236
12.9455	1	0.140371	34.6057
13.0333	1	0.140371	34.586
13.1212	1	0.140371	34.5643
13.2091	1	0.140371	34.5406
13.297	1	0.140371	34.5149
13.3848	1	0.140371	34.4869
13.4727	1	0.140371	34.4568
13.5606	1	0.140371	34.4244
13.6485	1	0.140371	34.3901
13.7364	1	0.140371	34.3529
13.8242	1	0.140371	34.3148
13.9121	1	0.140371	34.2738
14	1	0.140371	34.2316
14.0879	1	0.140371	34.1896
14.1758	1	0.140371	34.1454
14.2636	1	0.140371	34.1021
14.3515	1	0.140371	34.0589
14.4394	1	0.140371	34.0162
14.5273	1	0.140371	33.974
14.6152	1	0.140371	33.9319
14.703	1	0.140371	33.8892
14.7909	1	0.140371	33.8443
14.8788	1	0.140371	33.7964
14.9667	1	0.140371	33.7434
15.0545	1	0.140371	33.6835
15.1424	1	0.140371	33.6163
15.2303	1	0.140371	33.5416
15.3182	1	0.140371	33.4585
15.4061	1	0.140371	33.3676
15.4939	1	0.140371	33.2695
15.5818	1	0.140371	33.163
15.6697	1	0.140371	33.0509
15.7576	1	0.140371	32.9295
15.8455	1	0.140371	32.8026
15.9333	1	0.140371	32.6671
16.0212	1	0.140371	32.5201
16.1091	1	0.140371	32.358
16.197	1	0.140371	32.1764
16.2848	1	0.140371	31.9674
16.3727	1	0.140371	31.7258
16.4606	1	0.140371	31.4463
16.5485	1	0.140371	31.1188
16.6364	1	0.140371	30.7345
16.7242	1	0.140371	30.274
16.8121	1	0.140371	29.7248
16.9	1	0.140371	29.0719
8.2	2	0.20558	33.634
8.28788	2	0.20558	33.8411
8.37576	2	0.20558	33.947
8.46364	2	0.20558	34.0192
8.55152	2	0.20558	34.0749
8.63939	2	0.20558	34.1216
8.72727	2	0.20558	34.1605
8.81515	2	0.20558	34.1955
8.90303	2	0.20558	34.2285
8.99091	2	0.20558	34.2563
9.07879	2	0.20558	34.2838
9.16667	2	0.20558	34.3099
9.25455	2	0.20558	34.3336
9.34242	2	0.20558	34.3571
9.4303	2	0.20558	34.3792
9.51818	2	0.20558	34.4004
9.60606	2	0.20558	34.421
9.69394	2	0.20558	34.4408
9.78182	2	0.20558	34.46
9.8697	2	0.20558	34.4784
9.95758	2	0.20558	34.4962
10.0455	2	0.20558	34.5134
10.1333	2	0.20558	34.5299
10.2212	2	0.20558	34.5459
10.3091	2	0.20558	34.5611
10.397	2	0.20558	34.5757
10.4848	2	0.20558	34.5895
10.5727	2	0.20558	34.6027
10.6606	2	0.20558	34.6151
10.7485	2	0.20558	34.6267
10.8364	2	0.20558	34.6375
10.9242	2	0.20558	34.6476
11.0121	2	0.20558	34.6566
11.1	2	0.20558	34.6649
11.1879	2	0.20558	34.672
11.2758	2	0.20558	34.6782
11.3636	2	0.20558	34.6836
11.4515	2	0.20558	34.6876
11.5394	2	0.20558	34.6909
11.6273	2	0.20558	34.6926
11.7152	2	0.20558	34.6934
11.803	2	0.20558	34.6928
11.8909	2	0.20558	34.691
11.9788	2	0.20558	34.6878
12.0667	2	0.20558	34.6833
12.1545	2	0.20558	34.6774
12.2424	2	0.20558	34.6698
12.3303	2	0.20558	34.6609
12.4182	2	0.20558	34.6503
12.5061	2	0.20558	34.6381
12.5939	2	0.20558	34.6241
12.6818	2	0.20558	34.6083
12.7697	2	0.20558	34.5907
12.8576	2	0.20558	34.5712
12.9455	2	0.20558	34.5497
13.0333	2	0.20558	34.5261
13.1212	2	0.20558	34.5003
13.2091	2	0.20558	34.4723
13.297	2	0.20558	34.4419
13.3848	2	0.20558	34.4091
13.4727	2	0.20558	34.3738
13.5606	2	0.20558	34.336
13.6485	2	0.20558	34.2958
13.7364	2	0.20558	34.2524
13.8242	2	0.20558	34.2079
13.9121	2	0.20558	34.1597
14	2	0.20558	34.1098
14.0879	2	0.20558	34.0595
14.1758	2	0.20558	34.0062
14.2636	2	0.20558	33.9525
14.3515	2	0.20558	33.898
14.4394	2	0.20558	33.8426
14.5273	2	0.20558	33.7861
14.6152	2	0.20558	33.7283
14.703	2	0.20558	33.6684
14.7909	2	0.20558	33.6047
14.8788	2	0.20558	33.5364
14.9667	2	0.20558	33.4614
15.0545	2	0.20558	33.3778
15.1424	2	0.20558	33.2852
15.2303	2	0.20558	33.1824
15.3182	2	0.20558	33.0689
15.4061	2	0.20558	32.9443
15.4939	2	0.20558	32.809
15.5818	2	0.20558	32.662
15.6697	2	0.20558	32.5055
15.7576	2	0.20558	32.3367
15.8455	2	0.20558	32.1601
15.9333	2	0.20558	31.9748
16.0212	2	0.20558	31.7783
16.1091	2	0.20558	31.5714
16.197	2	0.20558	31.3476
16.2848	2	0.20558	31.1019
16.3727	2	0.20558	30.8262
16.4606	2	0.20558	30.5155
16.5485	2	0.20558	30.1622
16.6364	2	0.20558	29.7585
16.7242	2	0.20558	29.2888
16.8121	2	0.20558	28.7406
16.9	2	0.20558	28.1057
8.2	3	0.27079	33.6248
8.28788	3	0.27079	33.8325
8.37576	3	0.27079	33.939
8.46364	3	0.27079	34.0119
8.55152	3	0.27079	34.0681
8.63939	3	0.27079	34.1154
8.72727	3	0.27079	34.155
8.81515	3	0.27079	34.1905
8.90303	3	0.27079	34.224
8.99091	3	0.27079	34.2524
9.07879	3	0.27079	34.2805
9.16667	3	0.27079	34.3069
9.25455	3	0.27079	34.3311
9.34242	3	0.27079	34.3551
9.4303	3	0.27079	34.3775
9.51818	3	0.27079	34.3992
9.60606	3	0.27079	34.4201
9.69394	3	0.27079	34.4401
9.78182	3	0.27079	34.4596
9.8697	3	0.27079	34.4782
9.95758	3	0.27079	34.4962
10.0455	3	0.27079	34.5134
10.1333	3	0.27079	34.53
10.2212	3	0.27079	34.546
10.3091	3	0.27079	34.5612
10.397	3	0.27079	34.5756
10.4848	3	0.27079	34.5892
10.5727	3	0.27079	34.6022
10.6606	3	0.27079	34.6142
10.7485	3	0.27079	34.6254
10.8364	3	0.27079	34.6357
10.9242	3	0.27079	34.6452
11.0121	3	0.27079	34.6536
11.1	3	0.27079	34.661
11.1879	3	0.27079	34.6674
11.2758	3	0.27079	34.6727
11.3636	3	0.27079	34.677
11.4515	3	0.27079	34.6798
11.5394	3	0.27079	34.6819
11.6273	3	0.27079	34.6823
11.7152	3	0.27079	34.6816
11.803	3	0.27079	34.6795
11.8909	3	0.27079	34.676
11.9788	3	0.27079	34.671
12.0667	3	0.27079	34.6646
12.1545	3	0.27079	34.6566
12.2424	3	0.27079	34.6469
12.3303	3	0.27079	34.6357
12.4182	3	0.27079	34.6226
12.5061	3	0.27079	34.6078
12.5939	3	0.27079	34.591
12.6818	3	0.27079	34.5724
12.7697	3	0.27079	34.5517
12.8576	3	0.27079	34.529
12.9455	3	0.27079	34.504
13.0333	3	0.27079	34.4767
13.1212	3	0.27079	34.4471
13.2091	3	0.27079	34.415
13.297	3	0.27079	34.3803
13.3848	3	0.27079	34.3429
13.4727	3	0.27079	34.3028
13.5606	3	0.27079	34.26
13.6485	3	0.27079	34.2142
13.7364	3	0.27079	34.1651
13.8242	3	0.27079	34.1145
13.9121	3	0.27079	34.0595
14	3	0.27079	34.0024
14.0879	3	0.27079	33.9442
14.1758	3	0.27079	33.8824
14.2636	3	0.27079	33.819
14.3515	3	0.27079	33.7539
14.4394	3	0.27079	33.6866
14.5273	3	0.27079	33.6169
14.6152	3	0.27079	33.5445
14.703	3	0.27079	33.4685
14.7909	3	0.27079	33.3875
14.8788	3	0.27079	33.3007
14.9667	3	0.27079	33.2061
15.0545	3	0.27079	33.1017
15.1424	3	0.27079	32.9872
15.2303	3	0.27079	32.8613
15.3182	3	0.27079	32.7238
15.4061	3	0.27079	32.5737
15.4939	3	0.27079	32.4112
15.5818	3	0.27079	32.2357
15.6697	3	0.27079	32.0483
15.7576	3	0.27079	31.8471
15.8455	3	0.27079	31.6361
15.9333	3	0.27079	31.4153
16.0212	3	0.27079	31.1826
16.1091	3	0.27079	30.941
16.197	3	0.27079	30.6835
16.2848	3	0.27079	30.4071
16.3727	3	0.27079	30.1038
16.4606	3	0.27079	29.7691
16.5485	3	0.27079	29.3959
16.6364	3	0.27079	28.9783
16.7242	3	0.27079	28.5041
16.8121	3	0.27079	27.9624
16.9	3	0.27079	27.3483
8.2	4	0.335999	33.6183
8.28788	4	0.335999	33.8266
8.37576	4	0.335999	33.9337
8.46364	4	0.335999	34.0073
8.55152	4	0.335999	34.064
8.63939	4	0.335999	34.1119
8.72727	4	0.335999	34.1521
8.81515	4	0.335999	34.188
8.90303	4	0.335999	34.2221
8.99091	4	0.335999	34.251
9.07879	4	0.335999	34.2797
9.16667	4	0.335999	34.3063
9.25455	4	0.335999	34.3311
9.34242	4	0.335999	34.3555
9.4303	4	0.335999	34.3782
9.51818	4	0.335999	34.4002
9.60606	4	0.335999	34.4214
9.69394	4	0.335999	34.4417
9.78182	4	0.335999	34.4613
9.8697	4	0.335999	34.4801
9.95758	4	0.335999	34.4982
10.0455	4	0.335999	34.5155
10.1333	4	0.335999	34.5322
10.2212	4	0.335999	34.5481
10.3091	4	0.335999	34.5631
10.397	4	0.335999	34.5774
10.4848	4	0.335999	34.5907
10.5727	4	0.335999	34.6033
10.6606	4	0.335999	34.615
10.7485	4	0.335999	34.6257
10.8364	4	0.335999	34.6355
10.9242	4	0.335999	34.6443
11.0121	4	0.335999	34.652
11.1	4	0.335999	34.6586
11.1879	4	0.335999	34.6642
11.2758	4	0.335999	34.6684
11.3636	4	0.335999	34.6716
11.4515	4	0.335999	34.6733
11.5394	4	0.335999	34.674
11.6273	4	0.335999	34.673
11.7152	4	0.335999	34.6709
11.803	4	0.335999	34.6672
11.8909	4	0.335999	34.6619
11.9788	4	0.335999	34.6551
12.0667	4	0.335999	34.6467
12.1545	4	0.335999	34.6367
12.2424	4	0.335999	34.6248
12.3303	4	0.335999	34.6112
12.4182	4	0.335999	34.5957
12.5061	4	0.335999	34.5783
12.5939	4	0.335999	34.5587
12.6818	4	0.335999	34.5372
12.7697	4	0.335999	34.5134
12.8576	4	0.335999	34.4874
12.9455	4	0.335999	34.459
13.0333	4	0.335999	34.4281
13.1212	4	0.335999	34.3946
13.2091	4	0.335999	34.3584
13.297	4	0.335999	34.3194
13.3848	4	0.335999	34.2774
13.4727	4	0.335999	34.2324
13.5606	4	0.335999	34.1844
13.6485	4	0.335999	34.133
13.7364	4	0.335999	34.0781
13.8242	4	0.335999	34.0212
13.9121	4	0.335999	33.9592
14	4	0.335999	33.8946
14.0879	4	0.335999	33.8283
14.1758	4	0.335999	33.7576
14.2636	4	0.335999	33.6842
14.3515	4	0.335999	33.608
14.4394	4	0.335999	33.5286
14.5273	4	0.335999	33.4454
14.6152	4	0.335999	33.3583
14.703	4	0.335999	33.2664
14.7909	4	0.335999	33.1683
14.8788	4	0.335999	33.0632
14.9667	4	0.335999	32.9495
15.0545	4	0.335999	32.825
15.1424	4	0.335999	32.6897
15.2303	4	0.335999	32.5422
15.3182	4	0.335999	32.3822
15.4061	4	0.335999	32.2089
15.4939	4	0.335999	32.0223
15.5818	4	0.335999	31.8217
15.6697	4	0.335999	31.6079
15.7576	4	0.335999	31.3793
15.8455	4	0.335999	31.1393
15.9333	4	0.335999	30.8884
16.0212	4	0.335999	30.6247
16.1091	4	0.335999	30.3524
16.197	4	0.335999	30.0645
16.2848	4	0.335999	29.7591
16.3727	4	0.335999	29.4294
16.4606	4	0.335999	29.0714
16.5485	4	0.335999	28.6792
16.6364	4	0.335999	28.2472
16.7242	4	0.335999	27.7653
16.8121	4	0.335999	27.2259
16.9	4	0.335999	26.626
8.2	5	0.401208	33.6202
8.28788	5	0.401208	33.829
8.37576	5	0.401208	33.9367
8.46364	5	0.401208	34.011
8.55152	5	0.401208	34.0682
8.63939	5	0.401208	34.1165
8.72727	5	0.401208	34.1574
8.81515	5	0.401208	34.1938
8.90303	5	0.401208	34.2283
8.99091	5	0.401208	34.2577
9.07879	5	0.401208	34.2869
9.16667	5	0.401208	34.3138
9.25455	5	0.401208	34.3391
9.34242	5	0.401208	34.3638
9.4303	5	0.401208	34.3868
9.51818	5	0.401208	34.4092
9.60606	5	0.401208	34.4305
9.69394	5	0.401208	34.4511
9.78182	5	0.401208	34.4709
9.8697	5	0.401208	34.4898
9.95758	5	0.401208	34.5079
10.0455	5	0.401208	34.5253
10.1333	5	0.401208	34.5418
10.2212	5	0.401208	34.5576
10.3091	5	0.401208	34.5725
10.397	5	0.401208	34.5865
10.4848	5	0.401208	34.5996
10.5727	5	0.401208	34.6118
10.6606	5	0.401208	34.623
10.7485	5	0.401208	34.6333
10.8364	5	0.401208	34.6424
10.9242	5	0.401208	34.6505
11.0121	5	0.401208	34.6575
11.1	5	0.401208	34.6632
11.1879	5	0.401208	34.6679
11.2758	5	0.401208	34.671
11.3636	5	0.401208	34.6731
11.4515	5	0.401208	34.6735
11.5394	5	0.401208	34.6729
11.6273	5	0.401208	34.6706
11.7152	5	0.401208	34.6668
11.803	5	0.401208	34.6615
11.8909	5	0.401208	34.6545
11.9788	5	0.401208	34.6459
12.0667	5	0.401208	34.6355
12.1545	5	0.401208	34.6233
12.2424	5	0.401208	34.6092
12.3303	5	0.401208	34.5933
12.4182	5	0.401208	34.5753
12.5061	5	0.401208	34.5553
12.5939	5	0.401208	34.533
12.6818	5	0.401208	34.5085
12.7697	5	0.401208	34.4817
12.8576	5	0.401208	34.4524
12.9455	5	0.401208	34.4206
13.0333	5	0.401208	34.386
13.1212	5	0.401208	34.3487
13.2091	5	0.401208	34.3084
13.297	5	0.401208	34.2651
13.3848	5	0.401208	34.2186
13.4727	5	0.401208	34.1687
13.5606	5	0.401208	34.1156
13.6485	5	0.401208	34.0585
13.7364	5	0.401208	33.9978
13.8242	5	0.401208	33.9346
13.9121	5	0.401208	33.8657
14	5	0.401208	33.7939
14.0879	5	0.401208	33.7195
14.1758	5	0.401208	33.6402
14.2636	5	0.401208	33.5571
14.3515	5	0.401208	33.4704
14.4394	5	0.401208	33.3795
14.5273	5	0.401208	33.2838
14.6152	5	0.401208	33.183
14.703	5	0.401208	33.0763
14.7909	5	0.401208	32.9624
14.8788	5	0.401208	32.8407
14.9667	5	0.401208	32.7095
15.0545	5	0.401208	32.5667
15.1424	5	0.401208	32.4125
15.2303	5	0.401208	32.2454
15.3182	5	0.401208	32.0653
15.4061	5	0.401208	31.8713
15.4939	5	0.401208	31.6632
15.5818	5	0.401208	31.4406
15.6697	5	0.401208	31.2039
15.7576	5	0.401208	30.9517
15.8455	5	0.401208	30.687
15.9333	5	0.401208	30.4105
16.0212	5	0.401208	30.1206
16.1091	5	0.401208	29.8216
16.197	5	0.401208	29.5073
16.2848	5	0.401208	29.1766
16.3727	5	0.401208	28.8235
16.4606	5	0.401208	28.4445
16.5485	5	0.401208	28.0346
16.6364	5	0.401208	27.5886
16.7242	5	0.401208	27.0981
16.8121	5	0.401208	26.5573
16.9	5	0.401208	25.9646
8.2	6	0.466417	33.6312
8.28788	6	0.466417	33.8407
8.37576	6	0.466417	33.9488
8.46364	6	0.466417	34.0238
8.55152	6	0.466417	34.0815
8.63939	6	0.466417	34.1303
8.72727	6	0.466417	34.1718
8.81515	6	0.466417	34.2086
8.90303	6	0.466417	34.2436
8.99091	6	0.466417	34.2735
9.07879	6	0.466417	34.3031
9.16667	6	0.466417	34.3303
9.25455	6	0.466417	34.3561
9.34242	6	0.466417	34.381
9.4303	6	0.466417	34.4044
9.51818	6	0.466417	34.427
9.60606	6	0.466417	34.4486
9.69394	6	0.466417	34.4693
9.78182	6	0.466417	34.4892
9.8697	6	0.466417	34.5082
9.95758	6	0.466417	34.5264
10.0455	6	0.466417	34.5437
10.1333	6	0.466417	34.5602
10.2212	6	0.466417	34.5758
10.3091	6	0.466417	34.5905
10.397	6	0.466417	34.6042
10.4848	6	0.466417	34.6169
10.5727	6	0.466417	34.6287
10.6606	6	0.466417	34.6394
10.7485	6	0.466417	34.6491
10.8364	6	0.466417	34.6576
10.9242	6	0.466417	34.6649
11.0121	6	0.466417	34.6711
11.1	6	0.466417	34.6758
11.1879	6	0.466417	34.6795
11.2758	6	0.466417	34.6815
11.3636	6	0.466417	34.6825
11.4515	6	0.466417	34.6816
11.5394	6	0.466417	34.6795
11.6273	6	0.466417	34.6758
11.7152	6	0.466417	34.6704
11.803	6	0.466417	34.6634
11.8909	6	0.466417	34.6546
11.9788	6	0.466417	34.6441
12.0667	6	0.466417	34.6317
12.1545	6	0.466417	34.6174
12.2424	6	0.466417	34.601
12.3303	6	0.466417	34.5827
12.4182	6	0.466417	34.5622
12.5061	6	0.466417	34.5395
12.5939	6	0.466417	34.5145
12.6818	6	0.466417	34.487
12.7697	6	0.466417	34.457
12.8576	6	0.466417	34.4245
12.9455	6	0.466417	34.3891
13.0333	6	0.466417	34.3509
13.1212	6	0.466417	34.3097
13.2091	6	0.466417	34.2653
13.297	6	0.466417	34.2176
13.3848	6	0.466417	34.1664
13.4727	6	0.466417	34.1116
13.5606	6	0.466417	34.0532
13.6485	6	0.466417	33.9905
13.7364	6	0.466417	33.9239
13.8242	6	0.466417	33.8542
13.9121	6	0.466417	33.7783
14	6	0.466417	33.6989
14.0879	6	0.466417	33.6164
14.1758	6	0.466417	33.5283
14.2636	6	0.466417	33.4355
14.3515	6	0.466417	33.3383
14.4394	6	0.466417	33.2359
14.5273	6	0.466417	33.1278
14.6152	6	0.466417	33.0137
14.703	6	0.466417	32.8927
14.7909	6	0.466417	32.7636
14.8788	6	0.466417	32.6259
14.9667	6	0.466417	32.478
15.0545	6	0.466417	32.3179
15.1424	6	0.466417	32.1458
15.2303	6	0.466417	31.9604
15.3182	6	0.466417	31.7614
15.4061	6	0.466417	31.5481
15.4939	6	0.466417	31.3202
15.5818	6	0.466417	31.0774
15.6697	6	0.466417	30.8197
15.7576	6	0.466417	30.5461
15.8455	6	0.466417	30.2593
15.9333	6	0.466417	29.9598
16.0212	6	0.466417	29.6464
16.1091	6	0.466417	29.3233
16.197	6	0.466417	28.9849
16.2848	6	0.466417	28.6307
16.3727	6	0.466417	28.2555
16.4606	6	0.466417	27.8562
16.5485	6	0.466417	27.4287
16.6364	6	0.466417	26.968
16.7242	6	0.466417	26.4669
16.8121	6	0.466417	25.9213
16.9	6	0.466417	25.3304
8.2	7	0.531627	33.6558
8.28788	7	0.531627	33.8658
8.37576	7	0.531627	33.9745
8.46364	7	0.531627	34.0501
8.55152	7	0.531627	34.1083
8.63939	7	0.531627	34.1576
8.72727	7	0.531627	34.1997
8.81515	7	0.531627	34.2369
8.90303	7	0.531627	34.2724
8.99091	7	0.531627	34.3027
9.07879	7	0.531627	34.3328
9.16667	7	0.531627	34.3602
9.25455	7	0.531627	34.3865
9.34242	7	0.531627	34.4116
9.4303	7	0.531627	34.4353
9.51818	7	0.531627	34.4582
9.60606	7	0.531627	34.4799
9.69394	7	0.531627	34.5008
9.78182	7	0.531627	34.5208
9.8697	7	0.531627	34.5398
9.95758	7	0.531627	34.5579
10.0455	7	0.531627	34.5752
10.1333	7	0.531627	34.5915
10.2212	7	0.531627	34.6069
10.3091	7	0.531627	34.6213
10.397	7	0.531627	34.6347
10.4848	7	0.531627	34.647
10.5727	7	0.531627	34.6583
10.6606	7	0.531627	34.6685
10.7485	7	0.531627	34.6775
10.8364	7	0.531627	34.6853
10.9242	7	0.531627	34.6918
11.0121	7	0.531627	34.6971
11.1	7	0.531627	34.7008
11.1879	7	0.531627	34.7035
11.2758	7	0.531627	34.7043
11.3636	7	0.531627	34.704
11.4515	7	0.531627	34.7018
11.5394	7	0.531627	34.6983
11.6273	7	0.531627	34.693
11.7152	7	0.531627	34.686
11.803	7	0.531627	34.6773
11.8909	7	0.531627	34.6666
11.9788	7	0.531627	34.6541
12.0667	7	0.531627	34.6397
12.1545	7	0.531627	34.6232
12.2424	7	0.531627	34.6046
12.3303	7	0.531627	34.5838
12.4182	7	0.531627	34.5608
12.5061	7	0.531627	34.5354
12.5939	7	0.531627	34.5075
12.6818	7	0.531627	34.4771
12.7697	7	0.531627	34.444
12.8576	7	0.531627	34.4081
12.9455	7	0.531627	34.3692
13.0333	7	0.531627	34.3273
13.1212	7	0.531627	34.2821
13.2091	7	0.531627	34.2335
13.297	7	0.531627	34.1814
13.3848	7	0.531627	34.1254
13.4727	7	0.531627	34.0656
13.5606	7	0.531627	34.0019
13.6485	7	0.531627	33.9334
13.7364	7	0.531627	33.8607
13.8242	7	0.531627	33.7844
13.9121	7	0.531627	33.7014
14	7	0.531627	33.6144
14.0879	7	0.531627	33.5236
14.1758	7	0.531627	33.4267
14.2636	7	0.531627	33.3241
14.3515	7	0.531627	33.2164
14.4394	7	0.531627	33.1027
14.5273	7	0.531627	32.9825
14.6152	7	0.531627	32.8553
14.703	7	0.531627	32.7204
14.7909	7	0.531627	32.5768
14.8788	7	0.531627	32.4238
14.9667	7	0.531627	32.26
15.0545	7	0.531627	32.0836
15.1424	7	0.531627	31.8948
15.2303	7	0.531627	31.6923
15.3182	7	0.531627	31.476
15.4061	7	0.531627	31.245
15.4939	7	0.531627	30.9991
15.5818	7	0.531627	30.738
15.6697	7	0.531627	30.4618
15.7576	7	0.531627	30.1694
15.8455	7	0.531627	29.8632
15.9333	7	0.531627	29.5438
16.0212	7	0.531627	29.2101
16.1091	7	0.531627	28.8659
16.197	7	0.531627	28.5065
16.2848	7	0.531627	28.1317
16.3727	7	0.531627	27.7369
16.4606	7	0.531627	27.3196
16.5485	7	0.531627	26.8761
16.6364	7	0.531627	26.4021
16.7242	7	0.531627	25.8914
16.8121	7	0.531627	25.341
16.9	7	0.531627	24.7505
8.2	8	0.596836	33.6799
8.28788	8	0.596836	33.8906
8.37576	8	0.596836	33.9998
8.46364	8	0.596836	34.076
8.55152	8	0.596836	34.1348
8.63939	8	0.596836	34.1844
8.72727	8	0.596836	34.2272
8.81515	8	0.596836	34.2648
8.90303	8	0.596836	34.3007
8.99091	8	0.596836	34.3315
9.07879	8	0.596836	34.362
9.16667	8	0.596836	34.3897
9.25455	8	0.596836	34.4164
9.34242	8	0.596836	34.4417
9.4303	8	0.596836	34.4657
9.51818	8	0.596836	34.4887
9.60606	8	0.596836	34.5106
9.69394	8	0.596836	34.5316
9.78182	8	0.596836	34.5516
9.8697	8	0.596836	34.5707
9.95758	8	0.596836	34.5887
10.0455	8	0.596836	34.6059
10.1333	8	0.596836	34.622
10.2212	8	0.596836	34.6371
10.3091	8	0.596836	34.6512
10.397	8	0.596836	34.6642
10.4848	8	0.596836	34.676
10.5727	8	0.596836	34.6868
10.6606	8	0.596836	34.6963
10.7485	8	0.596836	34.7046
10.8364	8	0.596836	34.7116
10.9242	8	0.596836	34.7172
11.0121	8	0.596836	34.7215
11.1	8	0.596836	34.7242
11.1879	8	0.596836	34.7257
11.2758	8	0.596836	34.7253
11.3636	8	0.596836	34.7237
11.4515	8	0.596836	34.72
11.5394	8	0.596836	34.7149
11.6273	8	0.596836	34.7081
11.7152	8	0.596836	34.6993
11.803	8	0.596836	34.6888
11.8909	8	0.596836	34.6762
11.9788	8	0.596836	34.6617
12.0667	8	0.596836	34.6451
12.1545	8	0.596836	34.6264
12.2424	8	0.596836	34.6054
12.3303	8	0.596836	34.5821
12.4182	8	0.596836	34.5565
12.5061	8	0.596836	34.5283
12.5939	8	0.596836	34.4975
12.6818	8	0.596836	34.4639
12.7697	8	0.596836	34.4275
12.8576	8	0.596836	34.3882
12.9455	8	0.596836	34.3457
13.0333	8	0.596836	34.2999
13.1212	8	0.596836	34.2506
13.2091	8	0.596836	34.1977
13.297	8	0.596836	34.1409
13.3848	8	0.596836	34.0801
13.4727	8	0.596836	34.0151
13.5606	8	0.596836	33.9457
13.6485	8	0.596836	33.8712
13.7364	8	0.596836	33.7923
13.8242	8	0.596836	33.7092
13.9121	8	0.596836	33.6189
14	8	0.596836	33.524
14.0879	8	0.596836	33.4247
14.1758	8	0.596836	33.3189
14.2636	8	0.596836	33.2064
14.3515	8	0.596836	33.0881
14.4394	8	0.596836	32.9631
14.5273	8	0.596836	32.8309
14.6152	8	0.596836	32.6908
14.703	8	0.596836	32.5424
14.7909	8	0.596836	32.3845
14.8788	8	0.596836	32.2167
14.9667	8	0.596836	32.0375
15.0545	8	0.596836	31.8454
15.1424	8	0.596836	31.6405
15.2303	8	0.596836	31.4216
15.3182	8	0.596836	31.1886
15.4061	8	0.596836	30.9408
15.4939	8	0.596836	30.6779
15.5818	8	0.596836	30.3996
15.6697	8	0.596836	30.106
15.7576	8	0.596836	29.796
15.8455	8	0.596836	29.4718
15.9333	8	0.596836	29.134
16.0212	8	0.596836	28.7814
16.1091	8	0.596836	28.4177
16.197	8	0.596836	28.0387
16.2848	8	0.596836	27.6444
16.3727	8	0.596836	27.2309
16.4606	8	0.596836	26.796
16.5485	8	0.596836	26.3369
16.6364	8	0.596836	25.8495
16.7242	8	0.596836	25.3286
16.8121	8	0.596836	24.7721
16.9	8	0.596836	24.1796
8.2	9	0.662045	33.709
8.28788	9	0.662045	33.9203
8.37576	9	0.662045	34.0299
8.46364	9	0.662045	34.1067
8.55152	9	0.662045	34.1661
8.63939	9	0.662045	34.2162
8.72727	9	0.662045	34.2595
8.81515	9	0.662045	34.2976
8.90303	9	0.662045	34.3339
8.99091	9	0.662045	34.3651
9.07879	9	0.662045	34.3961
9.16667	9	0.662045	34.424
9.25455	9	0.662045	34.4511
9.34242	9	0.662045	34.4766
9.4303	9	0.662045	34.5009
9.51818	9	0.662045	34.524
9.60606	9	0.662045	34.5461
9.69394	9	0.662045	34.5671
9.78182	9	0.662045	34.5871
9.8697	9	0.662045	34.6061
9.95758	9	0.662045	34.6241
10.0455	9	0.662045	34.6411
10.1333	9	0.662045	34.6569
10.2212	9	0.662045	34.6717
10.3091	9	0.662045	34.6854
10.397	9	0.662045	34.698
10.4848	9	0.662045	34.7093
10.5727	9	0.662045	34.7194
10.6606	9	0.662045	34.7282
10.7485	9	0.662045	34.7357
10.8364	9	0.662045	34.7418
10.9242	9	0.662045	34.7465
11.0121	9	0.662045	34.7497
11.1	9	0.662045	34.7513
11.1879	9	0.662045	34.7516
11.2758	9	0.662045	34.7498
11.3636	9	0.662045	34.7468
11.4515	9	0.662045	34.7416
11.5394	9	0.662045	34.7349
11.6273	9	0.662045	34.7264
11.7152	9	0.662045	34.7158
11.803	9	0.662045	34.7034
11.8909	9	0.662045	34.6888
11.9788	9	0.662045	34.6722
12.0667	9	0.662045	34.6534
12.1545	9	0.662045	34.6323
12.2424	9	0.662045	34.6088
12.3303	9	0.662045	34.5829
12.4182	9	0.662045	34.5545
12.5061	9	0.662045	34.5235
12.5939	9	0.662045	34.4897
12.6818	9	0.662045	34.4529
12.7697	9	0.662045	34.4132
12.8576	9	0.662045	34.3703
12.9455	9	0.662045	34.324
13.0333	9	0.662045	34.2742
13.1212	9	0.662045	34.2207
13.2091	9	0.662045	34.1633
13.297	9	0.662045	34.1017
13.3848	9	0.662045	34.0358
13.4727	9	0.662045	33.9654
13.5606	9	0.662045	33.8903
13.6485	9	0.662045	33.8096
13.7364	9	0.662045	33.7243
13.8242	9	0.662045	33.6341
13.9121	9	0.662045	33.5362
14	9	0.662045	33.4333
14.0879	9	0.662045	33.3254
14.1758	9	0.662045	33.2104
14.2636	9	0.662045	33.088
14.3515	9	0.662045	32.959
14.4394	9	0.662045	32.8228
14.5273	9	0.662045	32.6786
14.6152	9	0.662045	32.5258
14.703	9	0.662045	32.3641
14.7909	9	0.662045	32.1923
14.8788	9	0.662045	32.01
14.9667	9	0.662045	31.8161
15.0545	9	0.662045	31.6088
15.1424	9	0.662045	31.3885
15.2303	9	0.662045	31.154
15.3182	9	0.662045	30.9052
15.4061	9	0.662045	30.6415
15.4939	9	0.662045	30.3625
15.5818	9	0.662045	30.0682
15.6697	9	0.662045	29.7583
15.7576	9	0.662045	29.4319
15.8455	9	0.662045	29.0911
15.9333	9	0.662045	28.7362
16.0212	9	0.662045	28.3662
16.1091	9	0.662045	27.9844
16.197	9	0.662045	27.5871
16.2848	9	0.662045	27.1744
16.3727	9	0.662045	26.7432
16.4606	9	0.662045	26.2914
16.5485	9	0.662045	25.817
16.6364	9	0.662045	25.3165
16.7242	9	0.662045	24.7852
16.8121	9	0.662045	24.2218
16.9	9	0.662045	23.6258
8.2	10	0.727255	33.7426
8.28788	10	0.727255	33.9546
8.37576	10	0.727255	34.0648
8.46364	10	0.727255	34.1422
8.55152	10	0.727255	34.2022
8.63939	10	0.727255	34.2526
8.72727	10	0.727255	34.2966
8.81515	10	0.727255	34.3351
8.90303	10	0.727255	34.3718
8.99091	10	0.727255	34.4034
9.07879	10	0.727255	34.4348
9.16667	10	0.727255	34.463
9.25455	10	0.727255	34.4904
9.34242	10	0.727255	34.5161
9.4303	10	0.727255	34.5406
9.51818	10	0.727255	34.5639
9.60606	10	0.727255	34.586
9.69394	10	0.727255	34.6071
9.78182	10	0.727255	34.627
9.8697	10	0.727255	34.6459
9.95758	10	0.727255	34.6637
10.0455	10	0.727255	34.6805
10.1333	10	0.727255	34.696
10.2212	10	0.727255	34.7104
10.3091	10	0.727255	34.7237
10.397	10	0.727255	34.7357
10.4848	10	0.727255	34.7464
10.5727	10	0.727255	34.7558
10.6606	10	0.727255	34.7638
10.7485	10	0.727255	34.7704
10.8364	10	0.727255	34.7755
10.9242	10	0.727255	34.7792
11.0121	10	0.727255	34.7813
11.1	10	0.727255	34.7816
11.1879	10	0.727255	34.7806
11.2758	10	0.727255	34.7775
11.3636	10	0.727255	34.773
11.4515	10	0.727255	34.7661
11.5394	10	0.727255	34.7577
11.6273	10	0.727255	34.7475
11.7152	10	0.727255	34.7349
11.803	10	0.727255	34.7206
11.8909	10	0.727255	34.7039
11.9788	10	0.727255	34.685
12.0667	10	0.727255	34.6639
12.1545	10	0.727255	34.6403
12.2424	10	0.727255	34.6143
12.3303	10	0.727255	34.5858
12.4182	10	0.727255	34.5545
12.5061	10	0.727255	34.5205
12.5939	10	0.727255	34.4836
12.6818	10	0.727255	34.4435
12.7697	10	0.727255	34.4002
12.8576	10	0.727255	34.3537
12.9455	10	0.727255	34.3034
13.0333	10	0.727255	34.2495
13.1212	10	0.727255	34.1916
13.2091	10	0.727255	34.1295
13.297	10	0.727255	34.063
13.3848	10	0.727255	33.9919
13.4727	10	0.727255	33.9159
13.5606	10	0.727255	33.8348
13.6485	10	0.727255	33.7478
13.7364	10	0.727255	33.6558
13.8242	10	0.727255	33.5583
13.9121	10	0.727255	33.4527
14	10	0.727255	33.3416
14.0879	10	0.727255	33.2249
14.1758	10	0.727255	33.1007
14.2636	10	0.727255	32.9683
14.3515	10	0.727255	32.8287
14.4394	10	0.727255	32.6812
14.5273	10	0.727255	32.5252
14.6152	10	0.727255	32.36
14.703	10	0.727255	32.1852
14.7909	10	0.727255	31.9999
14.8788	10	0.727255	31.8036
14.9667	10	0.727255	31.5953
15.0545	10	0.727255	31.3735
15.1424	10	0.727255	31.1384
15.2303	10	0.727255	30.889
15.3182	10	0.727255	30.6251
15.4061	10	0.727255	30.3464
15.4939	10	0.727255	30.0522
15.5818	10	0.727255	29.7426
15.6697	10	0.727255	29.4174
15.7576	10	0.727255	29.0757
15.8455	10	0.727255	28.7193
15.9333	10	0.727255	28.3484
16.0212	10	0.727255	27.9622
16.1091	10	0.727255	27.5634
16.197	10	0.727255	27.149
16.2848	10	0.727255	26.7189
16.3727	10	0.727255	26.2707
16.4606	10	0.727255	25.8027
16.5485	10	0.727255	25.3134
16.6364	10	0.727255	24.7997
16.7242	10	0.727255	24.2575
16.8121	10	0.727255	23.6861
16.9	10	0.727255	23.0849
8.2	11	0.792464	33.7802
8.28788	11	0.792464	33.9927
8.37576	11	0.792464	34.1036
8.46364	11	0.792464	34.1815
8.55152	11	0.792464	34.2421
8.63939	11	0.792464	34.293
8.72727	11	0.792464	34.3376
8.81515	11	0.792464	34.3765
8.90303	11	0.792464	34.4136
8.99091	11	0.792464	34.4457
9.07879	11	0.792464	34.4774
9.16667	11	0.792464	34.5058
9.25455	11	0.792464	34.5336
9.34242	11	0.792464	34.5594
9.4303	11	0.792464	34.5841
9.51818	11	0.792464	34.6074
9.60606	11	0.792464	34.6296
9.69394	11	0.792464	34.6506
9.78182	11	0.792464	34.6705
9.8697	11	0.792464	34.6893
9.95758	11	0.792464	34.7069
10.0455	11	0.792464	34.7233
10.1333	11	0.792464	34.7385
10.2212	11	0.792464	34.7524
10.3091	11	0.792464	34.7651
10.397	11	0.792464	34.7765
10.4848	11	0.792464	34.7865
10.5727	11	0.792464	34.7951
10.6606	11	0.792464	34.8022
10.7485	11	0.792464	34.8079
10.8364	11	0.792464	34.812
10.9242	11	0.792464	34.8145
11.0121	11	0.792464	34.8154
11.1	11	0.792464	34.8144
11.1879	11	0.792464	34.812
11.2758	11	0.792464	34.8073
11.3636	11	0.792464	34.8013
11.4515	11	0.792464	34.7927
11.5394	11	0.792464	34.7825
11.6273	11	0.792464	34.7704
11.7152	11	0.792464	34.7558
11.803	11	0.792464	34.7394
11.8909	11	0.792464	34.7205
11.9788	11	0.792464	34.6993
12.0667	11	0.792464	34.6758
12.1545	11	0.792464	34.6497
12.2424	11	0.792464	34.621
12.3303	11	0.792464	34.5896
12.4182	11	0.792464	34.5554
12.5061	11	0.792464	34.5183
12.5939	11	0.792464	34.4781
12.6818	11	0.792464	34.4346
12.7697	11	0.792464	34.3877
12.8576	11	0.792464	34.3373
12.9455	11	0.792464	34.283
13.0333	11	0.792464	34.2248
13.1212	11	0.792464	34.1623
13.2091	11	0.792464	34.0954
13.297	11	0.792464	34.0238
13.3848	11	0.792464	33.9472
13.4727	11	0.792464	33.8655
13.5606	11	0.792464	33.7782
13.6485	11	0.792464	33.6847
13.7364	11	0.792464	33.5859
13.8242	11	0.792464	33.481
13.9121	11	0.792464	33.3676
14	11	0.792464	33.2482
14.0879	11	0.792464	33.1227
14.1758	11	0.792464	32.9892
14.2636	11	0.792464	32.8469
14.3515	11	0.792464	32.6968
14.4394	11	0.792464	32.5384
14.5273	11	0.792464	32.3708
14.6152	11	0.792464	32.1935
14.703	11	0.792464	32.0061
14.7909	11	0.792464	31.8077
14.8788	11	0.792464	31.5979
14.9667	11	0.792464	31.3759
15.0545	11	0.792464	31.1401
15.1424	11	0.792464	30.8909
15.2303	11	0.792464	30.6272
15.3182	11	0.792464	30.3491
15.4061	11	0.792464	30.0559
15.4939	11	0.792464	29.7473
15.5818	11	0.792464	29.4232
15.6697	11	0.792464	29.0835
15.7576	11	0.792464	28.7273
15.8455	11	0.792464	28.3562
15.9333	11	0.792464	27.9701
16.0212	11	0.792464	27.5686
16.1091	11	0.792464	27.1538
16.197	11	0.792464	26.7232
16.2848	11	0.792464	26.2766
16.3727	11	0.792464	25.8122
16.4606	11	0.792464	25.3285
16.5485	11	0.792464	24.8245
16.6364	11	0.792464	24.2975
16.7242	11	0.792464	23.7439
16.8121	11	0.792464	23.1633
16.9	11	0.792464	22.555
8.2	12	0.857673	33.8213
8.28788	12	0.857673	34.0345
8.37576	12	0.857673	34.1459
8.46364	12	0.857673	34.2244
8.55152	12	0.857673	34.2856
8.63939	12	0.857673	34.337
8.72727	12	0.857673	34.3821
8.81515	12	0.857673	34.4215
8.90303	12	0.857673	34.459
8.99091	12	0.857673	34.4914
9.07879	12	0.857673	34.5235
9.16667	12	0.857673	34.5522
9.25455	12	0.857673	34.5802
9.34242	12	0.857673	34.6061
9.4303	12	0.857673	34.631
9.51818	12	0.857673	34.6543
9.60606	12	0.857673	34.6765
9.69394	12	0.857673	34.6975
9.78182	12	0.857673	34.7172
9.8697	12	0.857673	34.7358
9.95758	12	0.857673	34.753
10.0455	12	0.857673	34.7691
10.1333	12	0.857673	34.7838
10.2212	12	0.857673	34.7973
10.3091	12	0.857673	34.8093
10.397	12	0.857673	34.82
10.4848	12	0.857673	34.8292
10.5727	12	0.857673	34.837
10.6606	12	0.857673	34.8431
10.7485	12	0.857673	34.8477
10.8364	12	0.857673	34.8507
10.9242	12	0.857673	34.8519
11.0121	12	0.857673	34.8515
11.1	12	0.857673	34.8491
11.1879	12	0.857673	34.8451
11.2758	12	0.857673	34.8389
11.3636	12	0.857673	34.8311
11.4515	12	0.857673	34.8207
11.5394	12	0.857673	34.8086
11.6273	12	0.857673	34.7946
11.7152	12	0.857673	34.7779
11.803	12	0.857673	34.7592
11.8909	12	0.857673	34.738
11.9788	12	0.857673	34.7144
12.0667	12	0.857673	34.6883
12.1545	12	0.857673	34.6596
12.2424	12	0.857673	34.6281
12.3303	12	0.857673	34.5938
12.4182	12	0.857673	34.5565
12.5061	12	0.857673	34.5162
12.5939	12	0.857673	34.4725
12.6818	12	0.857673	34.4254
12.7697	12	0.857673	34.3747
12.8576	12	0.857673	34.3203
12.9455	12	0.857673	34.2618
13.0333	12	0.857673	34.1991
13.1212	12	0.857673	34.1319
13.2091	12	0.857673	34.06
13.297	12	0.857673	33.9831
13.3848	12	0.857673	33.9009
13.4727	12	0.857673	33.8132
13.5606	12	0.857673	33.7195
13.6485	12	0.857673	33.6194
13.7364	12	0.857673	33.5135
13.8242	12	0.857673	33.4011
13.9121	12	0.857673	33.2798
14	12	0.857673	33.152
14.0879	12	0.857673	33.0177
14.1758	12	0.857673	32.8749
14.2636	12	0.857673	32.7228
14.3515	12	0.857673	32.5622
14.4394	12	0.857673	32.3929
14.5273	12	0.857673	32.214
14.6152	12	0.857673	32.0249
14.703	12	0.857673	31.8252
14.7909	12	0.857673	31.6141
14.8788	12	0.857673	31.3912
14.9667	12	0.857673	31.1559
15.0545	12	0.857673	30.9067
15.1424	12	0.857673	30.6438
15.2303	12	0.857673	30.3665
15.3182	12	0.857673	30.0746
15.4061	12	0.857673	29.7676
15.4939	12	0.857673	29.4451
15.5818	12	0.857673	29.1071
15.6697	12	0.857673	28.7535
15.7576	12	0.857673	28.3834
15.8455	12	0.857673	27.9981
15.9333	12	0.857673	27.5977
16.0212	12	0.857673	27.1816
16.1091	12	0.857673	26.7515
16.197	12	0.857673	26.3055
16.2848	12	0.857673	25.843
16.3727	12	0.857673	25.3629
16.4606	12	0.857673	24.864
16.5485	12	0.857673	24.3454
16.6364	12	0.857673	23.8049
16.7242	12	0.857673	23.2392
16.8121	12	0.857673	22.6484
16.9	12	0.857673	22.0315
8.2	13	0.922882	33.8654
8.28788	13	0.922882	34.0793
8.37576	13	0.922882	34.1914
8.46364	13	0.922882	34.2704
8.55152	13	0.922882	34.3324
8.63939	13	0.922882	34.3841
8.72727	13	0.922882	34.4298
8.81515	13	0.922882	34.4696
8.90303	13	0.922882	34.5075
8.99091	13	0.922882	34.5403
9.07879	13	0.922882	34.5727
9.16667	13	0.922882	34.6016
9.25455	13	0.922882	34.6299
9.34242	13	0.922882	34.6559
9.4303	13	0.922882	34.6808
9.51818	13	0.922882	34.7042
9.60606	13	0.922882	34.7264
9.69394	13	0.922882	34.7472
9.78182	13	0.922882	34.7667
9.8697	13	0.922882	34.7849
9.95758	13	0.922882	34.8018
10.0455	13	0.922882	34.8174
10.1333	13	0.922882	34.8316
10.2212	13	0.922882	34.8444
10.3091	13	0.922882	34.8558
10.397	13	0.922882	34.8657
10.4848	13	0.922882	34.874
10.5727	13	0.922882	34.8807
10.6606	13	0.922882	34.8858
10.7485	13	0.922882	34.8893
10.8364	13	0.922882	34.891
10.9242	13	0.922882	34.8909
11.0121	13	0.922882	34.889
11.1	13	0.922882	34.8851
11.1879	13	0.922882	34.8794
11.2758	13	0.922882	34.8714
11.3636	13	0.922882	34.8619
11.4515	13	0.922882	34.8496
11.5394	13	0.922882	34.8354
11.6273	13	0.922882	34.8193
11.7152	13	0.922882	34.8003
11.803	13	0.922882	34.7793
11.8909	13	0.922882	34.7557
11.9788	13	0.922882	34.7296
12.0667	13	0.922882	34.7008
12.1545	13	0.922882	34.6692
12.2424	13	0.922882	34.6348
12.3303	13	0.922882	34.5974
12.4182	13	0.922882	34.5569
12.5061	13	0.922882	34.5131
12.5939	13	0.922882	34.4659
12.6818	13	0.922882	34.415
12.7697	13	0.922882	34.3604
12.8576	13	0.922882	34.3017
12.9455	13	0.922882	34.2388
13.0333	13	0.922882	34.1714
13.1212	13	0.922882	34.0993
13.2091	13	0.922882	34.0221
13.297	13	0.922882	33.9397
13.3848	13	0.922882	33.8517
13.4727	13	0.922882	33.7578
13.5606	13	0.922882	33.6576
13.6485	13	0.922882	33.5505
13.7364	13	0.922882	33.4375
13.8242	13	0.922882	33.3174
13.9121	13	0.922882	33.188
14	13	0.922882	33.0518
14.0879	13	0.922882	32.9084
14.1758	13	0.922882	32.7564
14.2636	13	0.922882	32.5944
14.3515	13	0.922882	32.4235
14.4394	13	0.922882	32.2434
14.5273	13	0.922882	32.0533
14.6152	13	0.922882	31.8526
14.703	13	0.922882	31.6408
14.7909	13	0.922882	31.4173
14.8788	13	0.922882	31.1818
14.9667	13	0.922882	30.9334
15.0545	13	0.922882	30.6712
15.1424	13	0.922882	30.3951
15.2303	13	0.922882	30.1045
15.3182	13	0.922882	29.7992
15.4061	13	0.922882	29.4788
15.4939	13	0.922882	29.1429
15.5818	13	0.922882	28.7915
15.6697	13	0.922882	28.4244
15.7576	13	0.922882	28.0408
15.8455	13	0.922882	27.6418
15.9333	13	0.922882	27.2274
16.0212	13	0.922882	26.7971
16.1091	13	0.922882	26.3524
16.197	13	0.922882	25.8914
16.2848	13	0.922882	25.4136
16.3727	13	0.922882	24.9183
16.4606	13	0.922882	24.4044
16.5485	13	0.922882	23.8712
16.6364	13	0.922882	23.3169
16.7242	13	0.922882	22.7386
16.8121	13	0.922882	22.1364
16.9	13	0.922882	21.5094
8.2	14	0.988092	33.9126
8.28788	14	0.988092	34.1272
8.37576	14	0.988092	34.2399
8.46364	14	0.988092	34.3195
8.55152	14	0.988092	34.3821
8.63939	14	0.988092	34.4344
8.72727	14	0.988092	34.4806
8.81515	14	0.988092	34.5208
8.90303	14	0.988092	34.559
8.99091	14	0.988092	34.5923
9.07879	14	0.988092	34.6249
9.16667	14	0.988092	34.654
9.25455	14	0.988092	34.6825
9.34242	14	0.988092	34.7085
9.4303	14	0.988092	34.7335
9.51818	14	0.988092	34.7568
9.60606	14	0.988092	34.7789
9.69394	14	0.988092	34.7995
9.78182	14	0.988092	34.8187
9.8697	14	0.988092	34.8366
9.95758	14	0.988092	34.853
10.0455	14	0.988092	34.8681
10.1333	14	0.988092	34.8816
10.2212	14	0.988092	34.8937
10.3091	14	0.988092	34.9042
10.397	14	0.988092	34.9132
10.4848	14	0.988092	34.9205
10.5727	14	0.988092	34.9262
10.6606	14	0.988092	34.9301
10.7485	14	0.988092	34.9322
10.8364	14	0.988092	34.9325
10.9242	14	0.988092	34.931
11.0121	14	0.988092	34.9274
11.1	14	0.988092	34.9219
11.1879	14	0.988092	34.9144
11.2758	14	0.988092	34.9046
11.3636	14	0.988092	34.8931
11.4515	14	0.988092	34.8787
11.5394	14	0.988092	34.8624
11.6273	14	0.988092	34.844
11.7152	14	0.988092	34.8227
11.803	14	0.988092	34.7992
11.8909	14	0.988092	34.773
11.9788	14	0.988092	34.7441
12.0667	14	0.988092	34.7125
12.1545	14	0.988092	34.678
12.2424	14	0.988092	34.6404
12.3303	14	0.988092	34.5997
12.4182	14	0.988092	34.5558
12.5061	14	0.988092	34.5085
12.5939	14	0.988092	34.4575
12.6818	14	0.988092	34.4026
12.7697	14	0.988092	34.3438
12.8576	14	0.988092	34.2807
12.9455	14	0.988092	34.2131
13.0333	14	0.988092	34.1408
13.1212	14	0.988092	34.0635
13.2091	14	0.988092	33.9809
13.297	14	0.988092	33.8926
13.3848	14	0.988092	33.7986
13.4727	14	0.988092	33.6983
13.5606	14	0.988092	33.5913
13.6485	14	0.988092	33.4772
13.7364	14	0.988092	33.3567
13.8242	14	0.988092	33.2287
13.9121	14	0.988092	33.0912
14	14	0.988092	32.9463
14.0879	14	0.988092	32.794
14.1758	14	0.988092	32.6326
14.2636	14	0.988092	32.4607
14.3515	14	0.988092	32.2795
14.4394	14	0.988092	32.0887
14.5273	14	0.988092	31.8876
14.6152	14	0.988092	31.6754
14.703	14	0.988092	31.4518
14.7909	14	0.988092	31.2161
14.8788	14	0.988092	30.9681
14.9667	14	0.988092	30.7071
15.0545	14	0.988092	30.4321
15.1424	14	0.988092	30.1432
15.2303	14	0.988092	29.8396
15.3182	14	0.988092	29.5212
15.4061	14	0.988092	29.1877
15.4939	14	0.988092	28.8386
15.5818	14	0.988092	28.474
15.6697	14	0.988092	28.0937
15.7576	14	0.988092	27.6968
15.8455	14	0.988092	27.2843
15.9333	14	0.988092	26.8561
16.0212	14	0.988092	26.4119
16.1091	14	0.988092	25.9527
16.197	14	0.988092	25.4771
16.2848	14	0.988092	24.9842
16.3727	14	0.988092	24.4738
16.4606	14	0.988092	23.9449
16.5485	14	0.988092	23.397
16.6364	14	0.988092	22.8286
16.7242	14	0.988092	22.2368
16.8121	14	0.988092	21.6222
16.9	14	0.988092	20.9836
8.2	15	1.0533	33.9624
8.28788	15	1.0533	34.1776
8.37576	15	1.0533	34.2911
8.46364	15	1.0533	34.3712
8.55152	15	1.0533	34.4346
8.63939	15	1.0533	34.4873
8.72727	15	1.0533	34.534
8.81515	15	1.0533	34.5746
8.90303	15	1.0533	34.6132
8.99091	15	1.0533	34.6468
9.07879	15	1.0533	34.6797
9.16667	15	1.0533	34.709
9.25455	15	1.0533	34.7375
9.34242	15	1.0533	34.7636
9.4303	15	1.0533	34.7886
9.51818	15	1.0533	34.8118
9.60606	15	1.0533	34.8336
9.69394	15	1.0533	34.8539
9.78182	15	1.0533	34.8728
9.8697	15	1.0533	34.8902
9.95758	15	1.0533	34.9061
10.0455	15	1.0533	34.9205
10.1333	15	1.0533	34.9333
10.2212	15	1.0533	34.9445
10.3091	15	1.0533	34.9541
10.397	15	1.0533	34.962
10.4848	15	1.0533	34.9682
10.5727	15	1.0533	34.9726
10.6606	15	1.0533	34.9751
10.7485	15	1.0533	34.9758
10.8364	15	1.0533	34.9746
10.9242	15	1.0533	34.9714
11.0121	15	1.0533	34.9661
11.1	15	1.0533	34.9588
11.1879	15	1.0533	34.9494
11.2758	15	1.0533	34.9375
11.3636	15	1.0533	34.9239
11.4515	15	1.0533	34.9073
11.5394	15	1.0533	34.8886
11.6273	15	1.0533	34.8678
11.7152	15	1.0533	34.8439
11.803	15	1.0533	34.8177
11.8909	15	1.0533	34.7888
11.9788	15	1.0533	34.757
12.0667	15	1.0533	34.7224
12.1545	15	1.0533	34.6847
12.2424	15	1.0533	34.6438
12.3303	15	1.0533	34.5997
12.4182	15	1.0533	34.5521
12.5061	15	1.0533	34.5009
12.5939	15	1.0533	34.4459
12.6818	15	1.0533	34.3868
12.7697	15	1.0533	34.3235
12.8576	15	1.0533	34.2557
12.9455	15	1.0533	34.1832
13.0333	15	1.0533	34.1057
13.1212	15	1.0533	34.0229
13.2091	15	1.0533	33.9346
13.297	15	1.0533	33.8403
13.3848	15	1.0533	33.7399
13.4727	15	1.0533	33.6329
13.5606	15	1.0533	33.5188
13.6485	15	1.0533	33.3974
13.7364	15	1.0533	33.2693
13.8242	15	1.0533	33.1332
13.9121	15	1.0533	32.9873
14	15	1.0533	32.8336
14.0879	15	1.0533	32.6721
14.1758	15	1.0533	32.5012
14.2636	15	1.0533	32.3194
14.3515	15	1.0533	32.1278
14.4394	15	1.0533	31.9264
14.5273	15	1.0533	31.7142
14.6152	15	1.0533	31.4906
14.703	15	1.0533	31.2553
14.7909	15	1.0533	31.0076
14.8788	15	1.0533	30.7473
14.9667	15	1.0533	30.4738
15.0545	15	1.0533	30.1862
15.1424	15	1.0533	29.8845
15.2303	15	1.0533	29.5681
15.3182	15	1.0533	29.2367
15.4061	15	1.0533	28.8902
15.4939	15	1.0533	28.5281
15.5818	15	1.0533	28.1503
15.6697	15	1.0533	27.7568
15.7576	15	1.0533	27.3466
15.8455	15	1.0533	26.9207
15.9333	15	1.0533	26.4787
16.0212	15	1.0533	26.0206
16.1091	15	1.0533	25.5469
16.197	15	1.0533	25.0565
16.2848	15	1.0533	24.5486
16.3727	15	1.0533	24.023
16.4606	15	1.0533	23.4788
16.5485	15	1.0533	22.9159
16.6364	15	1.0533	22.3327
16.7242	15	1.0533	21.7266
16.8121	15	1.0533	21.0984
16.9	15	1.0533	20.4468
8.2	16	1.11851	34.0133
8.28788	16	1.11851	34.2293
8.37576	16	1.11851	34.3435
8.46364	16	1.11851	34.4243
8.55152	16	1.11851	34.4883
8.63939	16	1.11851	34.5414
8.72727	16	1.11851	34.5887
8.81515	16	1.11851	34.6297
8.90303	16	1.11851	34.6686
8.99091	16	1.11851	34.7026
9.07879	16	1.11851	34.7356
9.16667	16	1.11851	34.7651
9.25455	16	1.11851	34.7936
9.34242	16	1.11851	34.8197
9.4303	16	1.11851	34.8445
9.51818	16	1.11851	34.8675
9.60606	16	1.11851	34.889
9.69394	16	1.11851	34.9089
9.78182	16	1.11851	34.9273
9.8697	16	1.11851	34.9441
9.95758	16	1.11851	34.9593
10.0455	16	1.11851	34.9729
10.1333	16	1.11851	34.9849
10.2212	16	1.11851	34.9951
10.3091	16	1.11851	35.0036
10.397	16	1.11851	35.0103
10.4848	16	1.11851	35.0152
10.5727	16	1.11851	35.0182
10.6606	16	1.11851	35.0192
10.7485	16	1.11851	35.0183
10.8364	16	1.11851	35.0154
10.9242	16	1.11851	35.0104
11.0121	16	1.11851	35.0032
11.1	16	1.11851	34.9938
11.1879	16	1.11851	34.9823
11.2758	16	1.11851	34.9683
11.3636	16	1.11851	34.9523
11.4515	16	1.11851	34.9333
11.5394	16	1.11851	34.9121
11.6273	16	1.11851	34.8886
11.7152	16	1.11851	34.862
11.803	16	1.11851	34.8329
11.8909	16	1.11851	34.801
11.9788	16	1.11851	34.7662
12.0667	16	1.11851	34.7282
12.1545	16	1.11851	34.6871
12.2424	16	1.11851	34.6427
12.3303	16	1.11851	34.5948
12.4182	16	1.11851	34.5434
12.5061	16	1.11851	34.488
12.5939	16	1.11851	34.4288
12.6818	16	1.11851	34.3651
12.7697	16	1.11851	34.2971
12.8576	16	1.11851	34.2243
12.9455	16	1.11851	34.1466
13.0333	16	1.11851	34.0635
13.1212	16	1.11851	33.9749
13.2091	16	1.11851	33.8805
13.297	16	1.11851	33.7798
13.3848	16	1.11851	33.6727
13.4727	16	1.11851	33.5588
13.5606	16	1.11851	33.4373
13.6485	16	1.11851	33.3083
13.7364	16	1.11851	33.1723
13.8242	16	1.11851	33.0277
13.9121	16	1.11851	32.8731
14	16	1.11851	32.7105
14.0879	16	1.11851	32.5395
14.1758	16	1.11851	32.3589
14.2636	16	1.11851	32.1671
14.3515	16	1.11851	31.965
14.4394	16	1.11851	31.7527
14.5273	16	1.11851	31.5294
14.6152	16	1.11851	31.2944
14.703	16	1.11851	31.0473
14.7909	16	1.11851	30.7875
14.8788	16	1.11851	30.5148
14.9667	16	1.11851	30.2289
15.0545	16	1.11851	29.9287
15.1424	16	1.11851	29.6142
15.2303	16	1.11851	29.2849
15.3182	16	1.11851	28.9406
15.4061	16	1.11851	28.5811
15.4939	16	1.11851	28.2058
15.5818	16	1.11851	27.8147
15.6697	16	1.11851	27.4079
15.7576	16	1.11851	26.9843
15.8455	16	1.11851	26.5447
15.9333	16	1.11851	26.0887
16.0212	16	1.11851	25.6163
16.1091	16	1.11851	25.128
16.197	16	1.11851	24.6226
16.2848	16	1.11851	24.0993
16.3727	16	1.11851	23.5581
16.4606	16	1.11851	22.9983
16.5485	16	1.11851	22.4197
16.6364	16	1.11851	21.821
16.7242	16	1.11851	21.1997
16.8121	16	1.11851	20.5567
16.9	16	1.11851	19.8907
8.2	17	1.18372	34.0659
8.28788	17	1.18372	34.2826
8.37576	17	1.18372	34.3976
8.46364	17	1.18372	34.479
8.55152	17	1.18372	34.5437
8.63939	17	1.18372	34.5973
8.72727	17	1.18372	34.6451
8.81515	17	1.18372	34.6865
8.90303	17	1.18372	34.7256
8.99091	17	1.18372	34.7598
9.07879	17	1.18372	34.793
9.16667	17	1.18372	34.8225
9.25455	17	1.18372	34.851
9.34242	17	1.18372	34.877
9.4303	17	1.18372	34.9016
9.51818	17	1.18372	34.9243
9.60606	17	1.18372	34.9454
9.69394	17	1.18372	34.9648
9.78182	17	1.18372	34.9825
9.8697	17	1.18372	34.9986
9.95758	17	1.18372	35.013
10.0455	17	1.18372	35.0257
10.1333	17	1.18372	35.0366
10.2212	17	1.18372	35.0456
10.3091	17	1.18372	35.0528
10.397	17	1.18372	35.0582
10.4848	17	1.18372	35.0616
10.5727	17	1.18372	35.063
10.6606	17	1.18372	35.0624
10.7485	17	1.18372	35.0597
10.8364	17	1.18372	35.0548
10.9242	17	1.18372	35.0478
11.0121	17	1.18372	35.0385
11.1	17	1.18372	35.027
11.1879	17	1.18372	35.0131
11.2758	17	1.18372	34.9967
11.3636	17	1.18372	34.9782
11.4515	17	1.18372	34.9565
11.5394	17	1.18372	34.9326
11.6273	17	1.18372	34.9063
11.7152	17	1.18372	34.8767
11.803	17	1.18372	34.8445
11.8909	17	1.18372	34.8094
11.9788	17	1.18372	34.7712
12.0667	17	1.18372	34.7297
12.1545	17	1.18372	34.685
12.2424	17	1.18372	34.6367
12.3303	17	1.18372	34.5849
12.4182	17	1.18372	34.5292
12.5061	17	1.18372	34.4695
12.5939	17	1.18372	34.4056
12.6818	17	1.18372	34.3371
12.7697	17	1.18372	34.2641
12.8576	17	1.18372	34.186
12.9455	17	1.18372	34.1026
13.0333	17	1.18372	34.0138
13.1212	17	1.18372	33.919
13.2091	17	1.18372	33.8182
13.297	17	1.18372	33.7108
13.3848	17	1.18372	33.5967
13.4727	17	1.18372	33.4754
13.5606	17	1.18372	33.3462
13.6485	17	1.18372	33.2094
13.7364	17	1.18372	33.0651
13.8242	17	1.18372	32.9119
13.9121	17	1.18372	32.7484
14	17	1.18372	32.5765
14.0879	17	1.18372	32.396
14.1758	17	1.18372	32.2056
14.2636	17	1.18372	32.0035
14.3515	17	1.18372	31.7908
14.4394	17	1.18372	31.5676
14.5273	17	1.18372	31.3331
14.6152	17	1.18372	31.0866
14.703	17	1.18372	30.8277
14.7909	17	1.18372	30.5558
14.8788	17	1.18372	30.2709
14.9667	17	1.18372	29.9725
15.0545	17	1.18372	29.6596
15.1424	17	1.18372	29.3324
15.2303	17	1.18372	28.9903
15.3182	17	1.18372	28.6329
15.4061	17	1.18372	28.2603
15.4939	17	1.18372	27.8717
15.5818	17	1.18372	27.4672
15.6697	17	1.18372	27.0469
15.7576	17	1.18372	26.6095
15.8455	17	1.18372	26.1559
15.9333	17	1.18372	25.6857
16.0212	17	1.18372	25.1986
16.1091	17	1.18372	24.6952
16.197	17	1.18372	24.1744
16.2848	17	1.18372	23.6351
16.3727	17	1.18372	23.0779
16.4606	17	1.18372	22.5017
16.5485	17	1.18372	21.9066
16.6364	17	1.18372	21.2914
16.7242	17	1.18372	20.6536
16.8121	17	1.18372	19.9943
16.9	17	1.18372	19.3121
8.2	18	1.24893	34.125
8.28788	18	1.24893	34.3424
8.37576	18	1.24893	34.4582
8.46364	18	1.24893	34.5403
8.55152	18	1.24893	34.6056
8.63939	18	1.24893	34.6597
8.72727	18	1.24893	34.7079
8.81515	18	1.24893	34.7497
8.90303	18	1.24893	34.789
8.99091	18	1.24893	34.8234
9.07879	18	1.24893	34.8566
9.16667	18	1.24893	34.8862
9.25455	18	1.24893	34.9145
9.34242	18	1.24893	34.9403
9.4303	18	1.24893	34.9645
9.51818	18	1.24893	34.9868
9.60606	18	1.24893	35.0073
9.69394	18	1.24893	35.0261
9.78182	18	1.24893	35.043
9.8697	18	1.24893	35.0582
9.95758	18	1.24893	35.0716
10.0455	18	1.24893	35.0832
10.1333	18	1.24893	35.0928
10.2212	18	1.24893	35.1005
10.3091	18	1.24893	35.1063
10.397	18	1.24893	35.1101
10.4848	18	1.24893	35.1119
10.5727	18	1.24893	35.1115
10.6606	18	1.24893	35.1089
10.7485	18	1.24893	35.1042
10.8364	18	1.24893	35.0973
10.9242	18	1.24893	35.0881
11.0121	18	1.24893	35.0764
11.1	18	1.24893	35.0625
11.1879	18	1.24893	35.046
11.2758	18	1.24893	35.027
11.3636	18	1.24893	35.0058
11.4515	18	1.24893	34.9812
11.5394	18	1.24893	34.9544
11.6273	18	1.24893	34.925
11.7152	18	1.24893	34.8922
11.803	18	1.24893	34.8567
11.8909	18	1.24893	34.8181
11.9788	18	1.24893	34.7762
12.0667	18	1.24893	34.731
12.1545	18	1.24893	34.6823
12.2424	18	1.24893	34.63
12.3303	18	1.24893	34.5738
12.4182	18	1.24893	34.5137
12.5061	18	1.24893	34.4493
12.5939	18	1.24893	34.3805
12.6818	18	1.24893	34.3069
12.7697	18	1.24893	34.2284
12.8576	18	1.24893	34.1447
12.9455	18	1.24893	34.0555
13.0333	18	1.24893	33.9604
13.1212	18	1.24893	33.8593
13.2091	18	1.24893	33.7517
13.297	18	1.24893	33.6373
13.3848	18	1.24893	33.516
13.4727	18	1.24893	33.387
13.5606	18	1.24893	33.2499
13.6485	18	1.24893	33.1049
13.7364	18	1.24893	32.9522
13.8242	18	1.24893	32.7902
13.9121	18	1.24893	32.6176
14	18	1.24893	32.4364
14.0879	18	1.24893	32.2461
14.1758	18	1.24893	32.0457
14.2636	18	1.24893	31.8334
14.3515	18	1.24893	31.61
14.4394	18	1.24893	31.3759
14.5273	18	1.24893	31.1302
14.6152	18	1.24893	30.8723
14.703	18	1.24893	30.6017
14.7909	18	1.24893	30.3179
14.8788	18	1.24893	30.0208
14.9667	18	1.24893	29.7099
15.0545	18	1.24893	29.3846
15.1424	18	1.24893	29.0448
15.2303	18	1.24893	28.6898
15.3182	18	1.24893	28.3195
15.4061	18	1.24893	27.9337
15.4939	18	1.24893	27.5319
15.5818	18	1.24893	27.114
15.6697	18	1.24893	26.6801
15.7576	18	1.24893	26.2288
15.8455	18	1.24893	25.7612
15.9333	18	1.24893	25.2764
16.0212	18	1.24893	24.7746
16.1091	18	1.24893	24.2559
16.197	18	1.24893	23.7193
16.2848	18	1.24893	23.1639
16.3727	18	1.24893	22.5902
16.4606	18	1.24893	21.9972
16.5485	18	1.24893	21.385
16.6364	18	1.24893	20.7526
16.7242	18	1.24893	20.0973
16.8121	18	1.24893	19.4204
16.9	18	1.24893	18.7206
8.2	19	1.31414	34.1843
8.28788	19	1.31414	34.4026
8.37576	19	1.31414	34.5191
8.46364	19	1.31414	34.6019
8.55152	19	1.31414	34.6679
8.63939	19	1.31414	34.7224
8.72727	19	1.31414	34.7709
8.81515	19	1.31414	34.813
8.90303	19	1.31414	34.8525
8.99091	19	1.31414	34.8871
9.07879	19	1.31414	34.9201
9.16667	19	1.31414	34.9496
9.25455	19	1.31414	34.9776
9.34242	19	1.31414	35.0032
9.4303	19	1.31414	35.0268
9.51818	19	1.31414	35.0485
9.60606	19	1.31414	35.0683
9.69394	19	1.31414	35.0862
9.78182	19	1.31414	35.1022
9.8697	19	1.31414	35.1163
9.95758	19	1.31414	35.1285
10.0455	19	1.31414	35.1388
10.1333	19	1.31414	35.147
10.2212	19	1.31414	35.1531
10.3091	19	1.31414	35.1572
10.397	19	1.31414	35.1592
10.4848	19	1.31414	35.159
10.5727	19	1.31414	35.1566
10.6606	19	1.31414	35.1519
10.7485	19	1.31414	35.145
10.8364	19	1.31414	35.1357
10.9242	19	1.31414	35.124
11.0121	19	1.31414	35.1098
11.1	19	1.31414	35.0932
11.1879	19	1.31414	35.0739
11.2758	19	1.31414	35.0519
11.3636	19	1.31414	35.0277
11.4515	19	1.31414	35
11.5394	19	1.31414	34.9699
11.6273	19	1.31414	34.9371
11.7152	19	1.31414	34.9009
11.803	19	1.31414	34.8617
11.8909	19	1.31414	34.8193
11.9788	19	1.31414	34.7736
12.0667	19	1.31414	34.7243
12.1545	19	1.31414	34.6713
12.2424	19	1.31414	34.6145
12.3303	19	1.31414	34.5537
12.4182	19	1.31414	34.4887
12.5061	19	1.31414	34.4193
12.5939	19	1.31414	34.3452
12.6818	19	1.31414	34.266
12.7697	19	1.31414	34.1818
12.8576	19	1.31414	34.092
12.9455	19	1.31414	33.9966
13.0333	19	1.31414	33.895
13.1212	19	1.31414	33.787
13.2091	19	1.31414	33.6723
13.297	19	1.31414	33.5505
13.3848	19	1.31414	33.4215
13.4727	19	1.31414	33.2846
13.5606	19	1.31414	33.1393
13.6485	19	1.31414	32.9858
13.7364	19	1.31414	32.8244
13.8242	19	1.31414	32.6533
13.9121	19	1.31414	32.4714
14	19	1.31414	32.2805
14.0879	19	1.31414	32.0803
14.1758	19	1.31414	31.8698
14.2636	19	1.31414	31.647
14.3515	19	1.31414	31.4129
14.4394	19	1.31414	31.1677
14.5273	19	1.31414	30.9108
14.6152	19	1.31414	30.6414
14.703	19	1.31414	30.3591
14.7909	19	1.31414	30.0632
14.8788	19	1.31414	29.7539
14.9667	19	1.31414	29.4306
15.0545	19	1.31414	29.0928
15.1424	19	1.31414	28.7402
15.2303	19	1.31414	28.3724
15.3182	19	1.31414	27.9891
15.4061	19	1.31414	27.59
15.4939	19	1.31414	27.1748
15.5818	19	1.31414	26.7433
15.6697	19	1.31414	26.2955
15.7576	19	1.31414	25.8301
15.8455	19	1.31414	25.348
15.9333	19	1.31414	24.8485
16.0212	19	1.31414	24.3315
16.1091	19	1.31414	23.7971
16.197	19	1.31414	23.2445
16.2848	19	1.31414	22.6725
16.3727	19	1.31414	22.0818
16.4606	19	1.31414	21.4715
16.5485	19	1.31414	20.8415
16.6364	19	1.31414	20.1912
16.7242	19	1.31414	19.5175
16.8121	19	1.31414	18.8221
16.9	19	1.31414	18.1035
8.2	20	1.37935	34.2432
8.28788	20	1.37935	34.4623
8.37576	20	1.37935	34.5796
8.46364	20	1.37935	34.6631
8.55152	20	1.37935	34.7296
8.63939	20	1.37935	34.7846
8.72727	20	1.37935	34.8334
8.81515	20	1.37935	34.8757
8.90303	20	1.37935	34.9153
8.99091	20	1.37935	34.9498
9.07879	20	1.37935	34.9827
9.16667	20	1.37935	35.0119
9.25455	20	1.37935	35.0394
9.34242	20	1.37935	35.0645
9.4303	20	1.37935	35.0874
9.51818	20	1.37935	35.1084
9.60606	20	1.37935	35.1272
9.69394	20	1.37935	35.144
9.78182	20	1.37935	35.1589
9.8697	20	1.37935	35.1717
9.95758	20	1.37935	35.1824
10.0455	20	1.37935	35.191
10.1333	20	1.37935	35.1975
10.2212	20	1.37935	35.2018
10.3091	20	1.37935	35.204
10.397	20	1.37935	35.2039
10.4848	20	1.37935	35.2015
10.5727	20	1.37935	35.1968
10.6606	20	1.37935	35.1897
10.7485	20	1.37935	35.1802
10.8364	20	1.37935	35.1682
10.9242	20	1.37935	35.1537
11.0121	20	1.37935	35.1366
11.1	20	1.37935	35.117
11.1879	20	1.37935	35.0946
11.2758	20	1.37935	35.0695
11.3636	20	1.37935	35.0419
11.4515	20	1.37935	35.0108
11.5394	20	1.37935	34.9771
11.6273	20	1.37935	34.9405
11.7152	20	1.37935	34.9005
11.803	20	1.37935	34.8573
11.8909	20	1.37935	34.8107
11.9788	20	1.37935	34.7607
12.0667	20	1.37935	34.7069
12.1545	20	1.37935	34.6493
12.2424	20	1.37935	34.5876
12.3303	20	1.37935	34.5218
12.4182	20	1.37935	34.4516
12.5061	20	1.37935	34.3766
12.5939	20	1.37935	34.2968
12.6818	20	1.37935	34.2117
12.7697	20	1.37935	34.1213
12.8576	20	1.37935	34.025
12.9455	20	1.37935	33.9228
13.0333	20	1.37935	33.8142
13.1212	20	1.37935	33.699
13.2091	20	1.37935	33.5768
13.297	20	1.37935	33.4473
13.3848	20	1.37935	33.3102
13.4727	20	1.37935	33.1649
13.5606	20	1.37935	33.011
13.6485	20	1.37935	32.8488
13.7364	20	1.37935	32.6783
13.8242	20	1.37935	32.4977
13.9121	20	1.37935	32.3062
14	20	1.37935	32.1054
14.0879	20	1.37935	31.8951
14.1758	20	1.37935	31.6742
14.2636	20	1.37935	31.4408
14.3515	20	1.37935	31.1957
14.4394	20	1.37935	30.9394
14.5273	20	1.37935	30.6711
14.6152	20	1.37935	30.39
14.703	20	1.37935	30.0958
14.7909	20	1.37935	29.7878
14.8788	20	1.37935	29.4661
14.9667	20	1.37935	29.1303
15.0545	20	1.37935	28.7798
15.1424	20	1.37935	28.4144
15.2303	20	1.37935	28.0335
15.3182	20	1.37935	27.6369
15.4061	20	1.37935	27.2243
15.4939	20	1.37935	26.7953
15.5818	20	1.37935	26.3499
15.6697	20	1.37935	25.8879
15.7576	20	1.37935	25.408
15.8455	20	1.37935	24.9109
15.9333	20	1.37935	24.3961
16.0212	20	1.37935	23.8634
16.1091	20	1.37935	23.3128
16.197	20	1.37935	22.7436
16.2848	20	1.37935	22.1544
16.3727	20	1.37935	21.5461
16.4606	20	1.37935	20.9177
16.5485	20	1.37935	20.2692
16.6364	20	1.37935	19.5999
16.7242	20	1.37935	18.9069
16.8121	20	1.37935	18.1917
16.9	20	1.37935	17.4528
8.2	21	1.44456	34.3002
8.28788	21	1.44456	34.5201
8.37576	21	1.44456	34.6382
8.46364	21	1.44456	34.7223
8.55152	21	1.44456	34.7894
8.63939	21	1.44456	34.8447
8.72727	21	1.44456	34.8937
8.81515	21	1.44456	34.9361
8.90303	21	1.44456	34.9756
8.99091	21	1.44456	35.01
9.07879	21	1.44456	35.0424
9.16667	21	1.44456	35.0712
9.25455	21	1.44456	35.098
9.34242	21	1.44456	35.1224
9.4303	21	1.44456	35.1444
9.51818	21	1.44456	35.1642
9.60606	21	1.44456	35.1819
9.69394	21	1.44456	35.1974
9.78182	21	1.44456	35.2107
9.8697	21	1.44456	35.2219
9.95758	21	1.44456	35.2309
10.0455	21	1.44456	35.2376
10.1333	21	1.44456	35.2421
10.2212	21	1.44456	35.2442
10.3091	21	1.44456	35.2441
10.397	21	1.44456	35.2416
10.4848	21	1.44456	35.2367
10.5727	21	1.44456	35.2293
10.6606	21	1.44456	35.2194
10.7485	21	1.44456	35.2069
10.8364	21	1.44456	35.192
10.9242	21	1.44456	35.1743
11.0121	21	1.44456	35.154
11.1	21	1.44456	35.131
11.1879	21	1.44456	35.1051
11.2758	21	1.44456	35.0764
11.3636	21	1.44456	35.0451
11.4515	21	1.44456	35.0101
11.5394	21	1.44456	34.9724
11.6273	21	1.44456	34.9318
11.7152	21	1.44456	34.8875
11.803	21	1.44456	34.8399
11.8909	21	1.44456	34.7888
11.9788	21	1.44456	34.734
12.0667	21	1.44456	34.6753
12.1545	21	1.44456	34.6126
12.2424	21	1.44456	34.5456
12.3303	21	1.44456	34.4743
12.4182	21	1.44456	34.3983
12.5061	21	1.44456	34.3174
12.5939	21	1.44456	34.2314
12.6818	21	1.44456	34.1398
12.7697	21	1.44456	34.0427
12.8576	21	1.44456	33.9395
12.9455	21	1.44456	33.8301
13.0333	21	1.44456	33.7141
13.1212	21	1.44456	33.5911
13.2091	21	1.44456	33.4609
13.297	21	1.44456	33.3232
13.3848	21	1.44456	33.1777
13.4727	21	1.44456	33.0236
13.5606	21	1.44456	32.8607
13.6485	21	1.44456	32.6893
13.7364	21	1.44456	32.5094
13.8242	21	1.44456	32.319
13.9121	21	1.44456	32.1176
14	21	1.44456	31.9066
14.0879	21	1.44456	31.6859
14.1758	21	1.44456	31.4544
14.2636	21	1.44456	31.21
14.3515	21	1.44456	30.9538
14.4394	21	1.44456	30.686
14.5273	21	1.44456	30.4061
14.6152	21	1.44456	30.1132
14.703	21	1.44456	29.8069
14.7909	21	1.44456	29.4866
14.8788	21	1.44456	29.1524
14.9667	21	1.44456	28.8038
15.0545	21	1.44456	28.4404
15.1424	21	1.44456	28.0618
15.2303	21	1.44456	27.6676
15.3182	21	1.44456	27.2573
15.4061	21	1.44456	26.8309
15.4939	21	1.44456	26.3878
15.5818	21	1.44456	25.9279
15.6697	21	1.44456	25.4511
15.7576	21	1.44456	24.9561
15.8455	21	1.44456	24.4436
15.9333	21	1.44456	23.9129
16.0212	21	1.44456	23.3638
16.1091	21	1.44456	22.7963
16.197	21	1.44456	22.2096
16.2848	21	1.44456	21.6024
16.3727	21	1.44456	20.9755
16.4606	21	1.44456	20.3281
16.5485	21	1.44456	19.66
16.6364	21	1.44456	18.9706
16.7242	21	1.44456	18.2568
16.8121	21	1.44456	17.5204
16.9	21	1.44456	16.7598
8.2	22	1.50977	34.356
8.28788	22	1.50977	34.5767
8.37576	22	1.50977	34.6955
8.46364	22	1.50977	34.7803
8.55152	22	1.50977	34.8478
8.63939	22	1.50977	34.9034
8.72727	22	1.50977	34.9523
8.81515	22	1.50977	34.9946
8.90303	22	1.50977	35.0338
8.99091	22	1.50977	35.0678
9.07879	22	1.50977	35.0995
9.16667	22	1.50977	35.1278
9.25455	22	1.50977	35.1535
9.34242	22	1.50977	35.1768
9.4303	22	1.50977	35.1976
9.51818	22	1.50977	35.2161
9.60606	22	1.50977	35.2322
9.69394	22	1.50977	35.246
9.78182	22	1.50977	35.2575
9.8697	22	1.50977	35.2667
9.95758	22	1.50977	35.2735
10.0455	22	1.50977	35.278
10.1333	22	1.50977	35.2801
10.2212	22	1.50977	35.2796
10.3091	22	1.50977	35.2768
10.397	22	1.50977	35.2715
10.4848	22	1.50977	35.2636
10.5727	22	1.50977	35.2531
10.6606	22	1.50977	35.24
10.7485	22	1.50977	35.2243
10.8364	22	1.50977	35.2058
10.9242	22	1.50977	35.1847
11.0121	22	1.50977	35.1606
11.1	22	1.50977	35.1339
11.1879	22	1.50977	35.104
11.2758	22	1.50977	35.0713
11.3636	22	1.50977	35.0359
11.4515	22	1.50977	34.9966
11.5394	22	1.50977	34.9545
11.6273	22	1.50977	34.9092
11.7152	22	1.50977	34.8603
11.803	22	1.50977	34.8077
11.8909	22	1.50977	34.7516
11.9788	22	1.50977	34.6916
12.0667	22	1.50977	34.6275
12.1545	22	1.50977	34.5592
12.2424	22	1.50977	34.4864
12.3303	22	1.50977	34.409
12.4182	22	1.50977	34.3268
12.5061	22	1.50977	34.2394
12.5939	22	1.50977	34.1466
12.6818	22	1.50977	34.0481
12.7697	22	1.50977	33.9438
12.8576	22	1.50977	33.8332
12.9455	22	1.50977	33.7161
13.0333	22	1.50977	33.5921
13.1212	22	1.50977	33.4609
13.2091	22	1.50977	33.3224
13.297	22	1.50977	33.176
13.3848	22	1.50977	33.0215
13.4727	22	1.50977	32.8583
13.5606	22	1.50977	32.686
13.6485	22	1.50977	32.5051
13.7364	22	1.50977	32.3154
13.8242	22	1.50977	32.1149
13.9121	22	1.50977	31.9032
14	22	1.50977	31.6818
14.0879	22	1.50977	31.4503
14.1758	22	1.50977	31.2079
14.2636	22	1.50977	30.9524
14.3515	22	1.50977	30.6847
14.4394	22	1.50977	30.4053
14.5273	22	1.50977	30.1136
14.6152	22	1.50977	29.8087
14.703	22	1.50977	29.4901
14.7909	22	1.50977	29.1573
14.8788	22	1.50977	28.8103
14.9667	22	1.50977	28.4488
15.0545	22	1.50977	28.0721
15.1424	22	1.50977	27.6801
15.2303	22	1.50977	27.2722
15.3182	22	1.50977	26.8479
15.4061	22	1.50977	26.4072
15.4939	22	1.50977	25.9495
15.5818	22	1.50977	25.4747
15.6697	22	1.50977	24.9826
15.7576	22	1.50977	24.4719
15.8455	22	1.50977	23.9432
15.9333	22	1.50977	23.3957
16.0212	22	1.50977	22.8294
16.1091	22	1.50977	22.2442
16.197	22	1.50977	21.6391
16.2848	22	1.50977	21.0127
16.3727	22	1.50977	20.3662
16.4606	22	1.50977	19.6984
16.5485	22	1.50977	19.0093
16.6364	22	1.50977	18.2983
16.7242	22	1.50977	17.5621
16.8121	22	1.50977	16.8026
16.9	22	1.50977	16.0182
8.2	23	1.57498	34.412
8.28788	23	1.57498	34.6335
8.37576	23	1.57498	34.7529
8.46364	23	1.57498	34.8383
8.55152	23	1.57498	34.906
8.63939	23	1.57498	34.9616
8.72727	23	1.57498	35.0102
8.81515	23	1.57498	35.0523
8.90303	23	1.57498	35.0909
8.99091	23	1.57498	35.1243
9.07879	23	1.57498	35.155
9.16667	23	1.57498	35.1822
9.25455	23	1.57498	35.2066
9.34242	23	1.57498	35.2285
9.4303	23	1.57498	35.2476
9.51818	23	1.57498	35.2643
9.60606	23	1.57498	35.2784
9.69394	23	1.57498	35.2901
9.78182	23	1.57498	35.2993
9.8697	23	1.57498	35.306
9.95758	23	1.57498	35.3103
10.0455	23	1.57498	35.312
10.1333	23	1.57498	35.3112
10.2212	23	1.57498	35.3077
10.3091	23	1.57498	35.3017
10.397	23	1.57498	35.293
10.4848	23	1.57498	35.2817
10.5727	23	1.57498	35.2676
10.6606	23	1.57498	35.2508
10.7485	23	1.57498	35.2313
10.8364	23	1.57498	35.2089
10.9242	23	1.57498	35.1837
11.0121	23	1.57498	35.1555
11.1	23	1.57498	35.1245
11.1879	23	1.57498	35.0902
11.2758	23	1.57498	35.0529
11.3636	23	1.57498	35.0128
11.4515	23	1.57498	34.9687
11.5394	23	1.57498	34.9217
11.6273	23	1.57498	34.8713
11.7152	23	1.57498	34.8171
11.803	23	1.57498	34.7592
11.8909	23	1.57498	34.6974
11.9788	23	1.57498	34.6317
12.0667	23	1.57498	34.5616
12.1545	23	1.57498	34.4871
12.2424	23	1.57498	34.4079
12.3303	23	1.57498	34.324
12.4182	23	1.57498	34.2349
12.5061	23	1.57498	34.1405
12.5939	23	1.57498	34.0405
12.6818	23	1.57498	33.9345
12.7697	23	1.57498	33.8225
12.8576	23	1.57498	33.7039
12.9455	23	1.57498	33.5786
13.0333	23	1.57498	33.4461
13.1212	23	1.57498	33.3063
13.2091	23	1.57498	33.1589
13.297	23	1.57498	33.0035
13.3848	23	1.57498	32.8397
13.4727	23	1.57498	32.6669
13.5606	23	1.57498	32.485
13.6485	23	1.57498	32.2941
13.7364	23	1.57498	32.0943
13.8242	23	1.57498	31.8835
13.9121	23	1.57498	31.6613
14	23	1.57498	31.4291
14.0879	23	1.57498	31.1867
14.1758	23	1.57498	30.9332
14.2636	23	1.57498	30.6665
14.3515	23	1.57498	30.3873
14.4394	23	1.57498	30.0961
14.5273	23	1.57498	29.7924
14.6152	23	1.57498	29.4754
14.703	23	1.57498	29.1445
14.7909	23	1.57498	28.799
14.8788	23	1.57498	28.4391
14.9667	23	1.57498	28.0645
15.0545	23	1.57498	27.6745
15.1424	23	1.57498	27.2689
15.2303	23	1.57498	26.8472
15.3182	23	1.57498	26.4087
15.4061	23	1.57498	25.9536
15.4939	23	1.57498	25.4811
15.5818	23	1.57498	24.9909
15.6697	23	1.57498	24.4833
15.7576	23	1.57498	23.9565
15.8455	23	1.57498	23.4112
15.9333	23	1.57498	22.8465
16.0212	23	1.57498	22.2625
16.1091	23	1.57498	21.6589
16.197	23	1.57498	21.0348
16.2848	23	1.57498	20.3887
16.3727	23	1.57498	19.7218
16.4606	23	1.57498	19.0328
16.5485	23	1.57498	18.3217
16.6364	23	1.57498	17.588
16.7242	23	1.57498	16.8282
16.8121	23	1.57498	16.0442
16.9	23	1.57498	15.2345
8.2	24	1.64018	34.4633
8.28788	24	1.64018	34.6854
8.37576	24	1.64018	34.8052
8.46364	24	1.64018	34.891
8.55152	24	1.64018	34.9588
8.63939	24	1.64018	35.0141
8.72727	24	1.64018	35.0621
8.81515	24	1.64018	35.1035
8.90303	24	1.64018	35.1412
8.99091	24	1.64018	35.1734
9.07879	24	1.64018	35.2026
9.16667	24	1.64018	35.2283
9.25455	24	1.64018	35.2509
9.34242	24	1.64018	35.2708
9.4303	24	1.64018	35.2877
9.51818	24	1.64018	35.302
9.60606	24	1.64018	35.3136
9.69394	24	1.64018	35.3226
9.78182	24	1.64018	35.3289
9.8697	24	1.64018	35.3326
9.95758	24	1.64018	35.3336
10.0455	24	1.64018	35.3319
10.1333	24	1.64018	35.3275
10.2212	24	1.64018	35.3204
10.3091	24	1.64018	35.3106
10.397	24	1.64018	35.2979
10.4848	24	1.64018	35.2825
10.5727	24	1.64018	35.2643
10.6606	24	1.64018	35.2432
10.7485	24	1.64018	35.2192
10.8364	24	1.64018	35.1922
10.9242	24	1.64018	35.1623
11.0121	24	1.64018	35.1293
11.1	24	1.64018	35.0934
11.1879	24	1.64018	35.054
11.2758	24	1.64018	35.0116
11.3636	24	1.64018	34.9662
11.4515	24	1.64018	34.9166
11.5394	24	1.64018	34.864
11.6273	24	1.64018	34.8078
11.7152	24	1.64018	34.7478
11.803	24	1.64018	34.6837
11.8909	24	1.64018	34.6157
11.9788	24	1.64018	34.5435
12.0667	24	1.64018	34.4668
12.1545	24	1.64018	34.3855
12.2424	24	1.64018	34.2992
12.3303	24	1.64018	34.208
12.4182	24	1.64018	34.1114
12.5061	24	1.64018	34.0093
12.5939	24	1.64018	33.9014
12.6818	24	1.64018	33.7872
12.7697	24	1.64018	33.6669
12.8576	24	1.64018	33.5396
12.9455	24	1.64018	33.4056
13.0333	24	1.64018	33.2641
13.1212	24	1.64018	33.1151
13.2091	24	1.64018	32.9583
13.297	24	1.64018	32.7933
13.3848	24	1.64018	32.6197
13.4727	24	1.64018	32.4368
13.5606	24	1.64018	32.2447
13.6485	24	1.64018	32.0436
13.7364	24	1.64018	31.8332
13.8242	24	1.64018	31.6116
13.9121	24	1.64018	31.3786
14	24	1.64018	31.1353
14.0879	24	1.64018	30.8816
14.1758	24	1.64018	30.6167
14.2636	24	1.64018	30.3384
14.3515	24	1.64018	30.0472
14.4394	24	1.64018	29.744
14.5273	24	1.64018	29.4281
14.6152	24	1.64018	29.0986
14.703	24	1.64018	28.755
14.7909	24	1.64018	28.3966
14.8788	24	1.64018	28.0235
14.9667	24	1.64018	27.6354
15.0545	24	1.64018	27.2317
15.1424	24	1.64018	26.8122
15.2303	24	1.64018	26.3761
15.3182	24	1.64018	25.9231
15.4061	24	1.64018	25.4528
15.4939	24	1.64018	24.9649
15.5818	24	1.64018	24.4589
15.6697	24	1.64018	23.935
15.7576	24	1.64018	23.3912
15.8455	24	1.64018	22.8285
15.9333	24	1.64018	22.2458
16.0212	24	1.64018	21.6431
16.1091	24	1.64018	21.0202
16.197	24	1.64018	20.3759
16.2848	24	1.64018	19.7088
16.3727	24	1.64018	19.0202
16.4606	24	1.64018	18.3086
16.5485	24	1.64018	17.5741
16.6364	24	1.64018	16.816
16.7242	24	1.64018	16.0309
16.8121	24	1.64018	15.2206
16.9	24	1.64018	14.3835
8.2	25	1.70539	34.5102
8.28788	25	1.70539	34.7327
8.37576	25	1.70539	34.8527
8.46364	25	1.70539	34.9387
8.55152	25	1.70539	35.0061
8.63939	25	1.70539	35.0607
8.72727	25	1.70539	35.1075
8.81515	25	1.70539	35.1477
8.90303	25	1.70539	35.1838
8.99091	25	1.70539	35.2143
9.07879	25	1.70539	35.2414
9.16667	25	1.70539	35.2649
9.25455	25	1.70539	35.2848
9.34242	25	1.70539	35.302
9.4303	25	1.70539	35.316
9.51818	25	1.70539	35.3272
9.60606	25	1.70539	35.3354
9.69394	25	1.70539	35.3409
9.78182	25	1.70539	35.3435
9.8697	25	1.70539	35.3433
9.95758	25	1.70539	35.3403
10.0455	25	1.70539	35.3344
10.1333	25	1.70539	35.3257
10.2212	25	1.70539	35.3141
10.3091	25	1.70539	35.2997
10.397	25	1.70539	35.2823
10.4848	25	1.70539	35.262
10.5727	25	1.70539	35.2388
10.6606	25	1.70539	35.2126
10.7485	25	1.70539	35.1834
10.8364	25	1.70539	35.1511
10.9242	25	1.70539	35.1157
11.0121	25	1.70539	35.0772
11.1	25	1.70539	35.0355
11.1879	25	1.70539	34.9903
11.2758	25	1.70539	34.9419
11.3636	25	1.70539	34.8905
11.4515	25	1.70539	34.8347
11.5394	25	1.70539	34.7757
11.6273	25	1.70539	34.713
11.7152	25	1.70539	34.6463
11.803	25	1.70539	34.5754
11.8909	25	1.70539	34.5003
11.9788	25	1.70539	34.4209
12.0667	25	1.70539	34.3368
12.1545	25	1.70539	34.2479
12.2424	25	1.70539	34.1538
12.3303	25	1.70539	34.0546
12.4182	25	1.70539	33.9498
12.5061	25	1.70539	33.8392
12.5939	25	1.70539	33.7227
12.6818	25	1.70539	33.5998
12.7697	25	1.70539	33.4704
12.8576	25	1.70539	33.334
12.9455	25	1.70539	33.1905
13.0333	25	1.70539	33.0394
13.1212	25	1.70539	32.8807
13.2091	25	1.70539	32.7139
13.297	25	1.70539	32.5388
13.3848	25	1.70539	32.3549
13.4727	25	1.70539	32.1616
13.5606	25	1.70539	31.9589
13.6485	25	1.70539	31.747
13.7364	25	1.70539	31.5258
13.8242	25	1.70539	31.293
13.9121	25	1.70539	31.0487
14	25	1.70539	30.7941
14.0879	25	1.70539	30.5288
14.1758	25	1.70539	30.2522
14.2636	25	1.70539	29.962
14.3515	25	1.70539	29.6587
14.4394	25	1.70539	29.3431
14.5273	25	1.70539	29.0146
14.6152	25	1.70539	28.6724
14.703	25	1.70539	28.3159
14.7909	25	1.70539	27.9443
14.8788	25	1.70539	27.5577
14.9667	25	1.70539	27.1558
15.0545	25	1.70539	26.7381
15.1424	25	1.70539	26.3041
15.2303	25	1.70539	25.8533
15.3182	25	1.70539	25.3851
15.4061	25	1.70539	24.8993
15.4939	25	1.70539	24.3953
15.5818	25	1.70539	23.8728
15.6697	25	1.70539	23.3317
15.7576	25	1.70539	22.7702
15.8455	25	1.70539	22.1891
15.9333	25	1.70539	21.5872
16.0212	25	1.70539	20.9646
16.1091	25	1.70539	20.3209
16.197	25	1.70539	19.655
16.2848	25	1.70539	18.9653
16.3727	25	1.70539	18.2532
16.4606	25	1.70539	17.517
16.5485	25	1.70539	16.7568
16.6364	25	1.70539	15.972
16.7242	25	1.70539	15.1588
16.8121	25	1.70539	14.3191
16.9	25	1.70539	13.4516
8.2	26	1.7706	34.5543
8.28788	26	1.7706	34.7767
8.37576	26	1.7706	34.8965
8.46364	26	1.7706	34.9822
8.55152	26	1.7706	35.0488
8.63939	26	1.7706	35.1018
8.72727	26	1.7706	35.1467
8.81515	26	1.7706	35.1849
8.90303	26	1.7706	35.2186
8.99091	26	1.7706	35.2466
9.07879	26	1.7706	35.2705
9.16667	26	1.7706	35.2907
9.25455	26	1.7706	35.3071
9.34242	26	1.7706	35.3205
9.4303	26	1.7706	35.3305
9.51818	26	1.7706	35.3374
9.60606	26	1.7706	35.3413
9.69394	26	1.7706	35.3421
9.78182	26	1.7706	35.34
9.8697	26	1.7706	35.3348
9.95758	26	1.7706	35.3267
10.0455	26	1.7706	35.3156
10.1333	26	1.7706	35.3016
10.2212	26	1.7706	35.2844
10.3091	26	1.7706	35.2644
10.397	26	1.7706	35.2412
10.4848	26	1.7706	35.2151
10.5727	26	1.7706	35.1859
10.6606	26	1.7706	35.1536
10.7485	26	1.7706	35.1182
10.8364	26	1.7706	35.0796
10.9242	26	1.7706	35.0378
11.0121	26	1.7706	34.9928
11.1	26	1.7706	34.9445
11.1879	26	1.7706	34.8926
11.2758	26	1.7706	34.8374
11.3636	26	1.7706	34.7789
11.4515	26	1.7706	34.716
11.5394	26	1.7706	34.6498
11.6273	26	1.7706	34.5796
11.7152	26	1.7706	34.5054
11.803	26	1.7706	34.4268
11.8909	26	1.7706	34.3438
11.9788	26	1.7706	34.2563
12.0667	26	1.7706	34.1639
12.1545	26	1.7706	34.0666
12.2424	26	1.7706	33.9639
12.3303	26	1.7706	33.8559
12.4182	26	1.7706	33.7422
12.5061	26	1.7706	33.6225
12.5939	26	1.7706	33.4967
12.6818	26	1.7706	33.3643
12.7697	26	1.7706	33.2253
12.8576	26	1.7706	33.079
12.9455	26	1.7706	32.9256
13.0333	26	1.7706	32.7644
13.1212	26	1.7706	32.5954
13.2091	26	1.7706	32.4183
13.297	26	1.7706	32.2327
13.3848	26	1.7706	32.0381
13.4727	26	1.7706	31.834
13.5606	26	1.7706	31.6204
13.6485	26	1.7706	31.3976
13.7364	26	1.7706	31.1652
13.8242	26	1.7706	30.9211
13.9121	26	1.7706	30.6655
14	26	1.7706	30.3993
14.0879	26	1.7706	30.1224
14.1758	26	1.7706	29.8339
14.2636	26	1.7706	29.5318
14.3515	26	1.7706	29.2164
14.4394	26	1.7706	28.8884
14.5273	26	1.7706	28.5475
14.6152	26	1.7706	28.1926
14.703	26	1.7706	27.8232
14.7909	26	1.7706	27.4384
14.8788	26	1.7706	27.0384
14.9667	26	1.7706	26.6228
15.0545	26	1.7706	26.191
15.1424	26	1.7706	25.7427
15.2303	26	1.7706	25.2772
15.3182	26	1.7706	24.7939
15.4061	26	1.7706	24.2924
15.4939	26	1.7706	23.7724
15.5818	26	1.7706	23.2331
15.6697	26	1.7706	22.6748
15.7576	26	1.7706	22.0954
15.8455	26	1.7706	21.4956
15.9333	26	1.7706	20.8743
16.0212	26	1.7706	20.2314
16.1091	26	1.7706	19.5665
16.197	26	1.7706	18.8783
16.2848	26	1.7706	18.1653
16.3727	26	1.7706	17.4288
16.4606	26	1.7706	16.667
16.5485	26	1.7706	15.88
16.6364	26	1.7706	15.0671
16.7242	26	1.7706	14.2242
16.8121	26	1.7706	13.3535
16.9	26	1.7706	12.4533
8.2	27	1.83581	34.58
8.28788	27	1.83581	34.8015
8.37576	27	1.83581	34.9202
8.46364	27	1.83581	35.0049
8.55152	27	1.83581	35.0698
8.63939	27	1.83581	35.1201
8.72727	27	1.83581	35.1617
8.81515	27	1.83581	35.1966
8.90303	27	1.83581	35.2265
8.99091	27	1.83581	35.2504
9.07879	27	1.83581	35.2696
9.16667	27	1.83581	35.2849
9.25455	27	1.83581	35.2962
9.34242	27	1.83581	35.304
9.4303	27	1.83581	35.3085
9.51818	27	1.83581	35.3095
9.60606	27	1.83581	35.3072
9.69394	27	1.83581	35.3018
9.78182	27	1.83581	35.2933
9.8697	27	1.83581	35.2816
9.95758	27	1.83581	35.2668
10.0455	27	1.83581	35.2488
10.1333	27	1.83581	35.2279
10.2212	27	1.83581	35.2037
10.3091	27	1.83581	35.1765
10.397	27	1.83581	35.1461
10.4848	27	1.83581	35.1127
10.5727	27	1.83581	35.0761
10.6606	27	1.83581	35.0363
10.7485	27	1.83581	34.9933
10.8364	27	1.83581	34.9471
10.9242	27	1.83581	34.8975
11.0121	27	1.83581	34.8447
11.1	27	1.83581	34.7884
11.1879	27	1.83581	34.7285
11.2758	27	1.83581	34.6651
11.3636	27	1.83581	34.5984
11.4515	27	1.83581	34.5272
11.5394	27	1.83581	34.4524
11.6273	27	1.83581	34.3736
11.7152	27	1.83581	34.2906
11.803	27	1.83581	34.203
11.8909	27	1.83581	34.1109
11.9788	27	1.83581	34.0142
12.0667	27	1.83581	33.9125
12.1545	27	1.83581	33.8056
12.2424	27	1.83581	33.6933
12.3303	27	1.83581	33.5754
12.4182	27	1.83581	33.4517
12.5061	27	1.83581	33.3218
12.5939	27	1.83581	33.1857
12.6818	27	1.83581	33.0429
12.7697	27	1.83581	32.8933
12.8576	27	1.83581	32.7364
12.9455	27	1.83581	32.5721
13.0333	27	1.83581	32.4
13.1212	27	1.83581	32.22
13.2091	27	1.83581	32.0317
13.297	27	1.83581	31.8349
13.3848	27	1.83581	31.6289
13.4727	27	1.83581	31.4133
13.5606	27	1.83581	31.1882
13.6485	27	1.83581	30.9537
13.7364	27	1.83581	30.7096
13.8242	27	1.83581	30.4536
13.9121	27	1.83581	30.1861
14	27	1.83581	29.9078
14.0879	27	1.83581	29.6186
14.1758	27	1.83581	29.3178
14.2636	27	1.83581	29.0033
14.3515	27	1.83581	28.6752
14.4394	27	1.83581	28.3344
14.5273	27	1.83581	27.9804
14.6152	27	1.83581	27.6124
14.703	27	1.83581	27.2296
14.7909	27	1.83581	26.8311
14.8788	27	1.83581	26.417
14.9667	27	1.83581	25.9871
15.0545	27	1.83581	25.5408
15.1424	27	1.83581	25.0775
15.2303	27	1.83581	24.5966
15.3182	27	1.83581	24.0974
15.4061	27	1.83581	23.5796
15.4939	27	1.83581	23.0426
15.5818	27	1.83581	22.4858
15.6697	27	1.83581	21.9093
15.7576	27	1.83581	21.3109
15.8455	27	1.83581	20.6914
15.9333	27	1.83581	20.0494
16.0212	27	1.83581	19.385
16.1091	27	1.83581	18.6976
16.197	27	1.83581	17.9856
16.2848	27	1.83581	17.2478
16.3727	27	1.83581	16.4852
16.4606	27	1.83581	15.6959
16.5485	27	1.83581	14.88
16.6364	27	1.83581	14.0369
16.7242	27	1.83581	13.1621
16.8121	27	1.83581	12.2577
16.9	27	1.83581	11.3222
8.2	28	1.90102	34.5691
8.28788	28	1.90102	34.7883
8.37576	28	1.90102	34.9045
8.46364	28	1.90102	34.987
8.55152	28	1.90102	35.0489
8.63939	28	1.90102	35.0939
8.72727	28	1.90102	35.13
8.81515	28	1.90102	35.1592
8.90303	28	1.90102	35.1831
8.99091	28	1.90102	35.2006
9.07879	28	1.90102	35.2124
9.16667	28	1.90102	35.22
9.25455	28	1.90102	35.2234
9.34242	28	1.90102	35.223
9.4303	28	1.90102	35.2191
9.51818	28	1.90102	35.2115
9.60606	28	1.90102	35.2006
9.69394	28	1.90102	35.1863
9.78182	28	1.90102	35.1688
9.8697	28	1.90102	35.1482
9.95758	28	1.90102	35.1243
10.0455	28	1.90102	35.0973
10.1333	28	1.90102	35.0671
10.2212	28	1.90102	35.0337
10.3091	28	1.90102	34.9973
10.397	28	1.90102	34.9577
10.4848	28	1.90102	34.9149
10.5727	28	1.90102	34.8689
10.6606	28	1.90102	34.8198
10.7485	28	1.90102	34.7674
10.8364	28	1.90102	34.7117
10.9242	28	1.90102	34.6527
11.0121	28	1.90102	34.5903
11.1	28	1.90102	34.5243
11.1879	28	1.90102	34.4548
11.2758	28	1.90102	34.3816
11.3636	28	1.90102	34.305
11.4515	28	1.90102	34.2239
11.5394	28	1.90102	34.1391
11.6273	28	1.90102	34.0501
11.7152	28	1.90102	33.9569
11.803	28	1.90102	33.859
11.8909	28	1.90102	33.7564
11.9788	28	1.90102	33.6491
12.0667	28	1.90102	33.5366
12.1545	28	1.90102	33.419
12.2424	28	1.90102	33.2957
12.3303	28	1.90102	33.1668
12.4182	28	1.90102	33.0319
12.5061	28	1.90102	32.8908
12.5939	28	1.90102	32.7433
12.6818	28	1.90102	32.589
12.7697	28	1.90102	32.4279
12.8576	28	1.90102	32.2593
12.9455	28	1.90102	32.0833
13.0333	28	1.90102	31.8994
13.1212	28	1.90102	31.7075
13.2091	28	1.90102	31.5073
13.297	28	1.90102	31.2984
13.3848	28	1.90102	31.0804
13.4727	28	1.90102	30.8526
13.5606	28	1.90102	30.6153
13.6485	28	1.90102	30.3686
13.7364	28	1.90102	30.1121
13.8242	28	1.90102	29.8436
13.9121	28	1.90102	29.5635
14	28	1.90102	29.2726
14.0879	28	1.90102	28.9706
14.1758	28	1.90102	28.6569
14.2636	28	1.90102	28.3294
14.3515	28	1.90102	27.9881
14.4394	28	1.90102	27.6339
14.5273	28	1.90102	27.2663
14.6152	28	1.90102	26.8845
14.703	28	1.90102	26.4877
14.7909	28	1.90102	26.075
14.8788	28	1.90102	25.6463
14.9667	28	1.90102	25.2015
15.0545	28	1.90102	24.7398
15.1424	28	1.90102	24.2608
15.2303	28	1.90102	23.7637
15.3182	28	1.90102	23.2478
15.4061	28	1.90102	22.7127
15.4939	28	1.90102	22.1577
15.5818	28	1.90102	21.5823
15.6697	28	1.90102	20.9864
15.7576	28	1.90102	20.3676
15.8455	28	1.90102	19.7269
15.9333	28	1.90102	19.0627
16.0212	28	1.90102	18.375
16.1091	28	1.90102	17.6631
16.197	28	1.90102	16.9254
16.2848	28	1.90102	16.1604
16.3727	28	1.90102	15.3692
16.4606	28	1.90102	14.5499
16.5485	28	1.90102	13.7022
16.6364	28	1.90102	12.8257
16.7242	28	1.90102	11.9155
16.8121	28	1.90102	10.9738
16.9	28	1.90102	9.99901
8.2	29	1.96623	34.4597
8.28788	29	1.96623	34.6733
8.37576	29	1.96623	34.7842
8.46364	29	1.96623	34.8633
8.55152	29	1.96623	34.92
8.63939	29	1.96623	34.9548
8.72727	29	1.96623	34.9807
8.81515	29	1.96623	34.9999
8.90303	29	1.96623	35.0136
8.99091	29	1.96623	35.0205
9.07879	29	1.96623	35.0197
9.16667	29	1.96623	35.0144
9.25455	29	1.96623	35.0049
9.34242	29	1.96623	34.9914
9.4303	29	1.96623	34.9744
9.51818	29	1.96623	34.9534
9.60606	29	1.96623	34.9292
9.69394	29	1.96623	34.9018
9.78182	29	1.96623	34.8714
9.8697	29	1.96623	34.8378
9.95758	29	1.96623	34.8012
10.0455	29	1.96623	34.7615
10.1333	29	1.96623	34.7189
10.2212	29	1.96623	34.6731
10.3091	29	1.96623	34.6244
10.397	29	1.96623	34.5726
10.4848	29	1.96623	34.5177
10.5727	29	1.96623	34.4598
10.6606	29	1.96623	34.3988
10.7485	29	1.96623	34.3345
10.8364	29	1.96623	34.267
10.9242	29	1.96623	34.1962
11.0121	29	1.96623	34.1221
11.1	29	1.96623	34.0444
11.1879	29	1.96623	33.9631
11.2758	29	1.96623	33.8783
11.3636	29	1.96623	33.7899
11.4515	29	1.96623	33.6971
11.5394	29	1.96623	33.6005
11.6273	29	1.96623	33.4997
11.7152	29	1.96623	33.3946
11.803	29	1.96623	33.2848
11.8909	29	1.96623	33.1703
11.9788	29	1.96623	33.0509
12.0667	29	1.96623	32.9264
12.1545	29	1.96623	32.7966
12.2424	29	1.96623	32.6612
12.3303	29	1.96623	32.52
12.4182	29	1.96623	32.3729
12.5061	29	1.96623	32.2195
12.5939	29	1.96623	32.0597
12.6818	29	1.96623	31.893
12.7697	29	1.96623	31.7195
12.8576	29	1.96623	31.5385
12.9455	29	1.96623	31.3501
13.0333	29	1.96623	31.1538
13.1212	29	1.96623	30.9494
13.2091	29	1.96623	30.7367
13.297	29	1.96623	30.5153
13.3848	29	1.96623	30.2846
13.4727	29	1.96623	30.0443
13.5606	29	1.96623	29.7944
13.6485	29	1.96623	29.5351
13.7364	29	1.96623	29.2659
13.8242	29	1.96623	28.9846
13.9121	29	1.96623	28.6918
14	29	1.96623	28.388
14.0879	29	1.96623	28.0731
14.1758	29	1.96623	27.7464
14.2636	29	1.96623	27.4057
14.3515	29	1.96623	27.0511
14.4394	29	1.96623	26.6835
14.5273	29	1.96623	26.3022
14.6152	29	1.96623	25.9066
14.703	29	1.96623	25.4957
14.7909	29	1.96623	25.0686
14.8788	29	1.96623	24.6252
14.9667	29	1.96623	24.1652
15.0545	29	1.96623	23.6881
15.1424	29	1.96623	23.1932
15.2303	29	1.96623	22.6797
15.3182	29	1.96623	22.1467
15.4061	29	1.96623	21.5939
15.4939	29	1.96623	21.0206
15.5818	29	1.96623	20.4259
15.6697	29	1.96623	19.81
15.7576	29	1.96623	19.1702
15.8455	29	1.96623	18.5074
15.9333	29	1.96623	17.82
16.0212	29	1.96623	17.1077
16.1091	29	1.96623	16.37
16.197	29	1.96623	15.6049
16.2848	29	1.96623	14.8108
16.3727	29	1.96623	13.9889
16.4606	29	1.96623	13.1369
16.5485	29	1.96623	12.2548
16.6364	29	1.96623	11.3417
16.7242	29	1.96623	10.3925
16.8121	29	1.96623	9.40945
16.9	29	1.96623	8.39089
