8.1	0	0.0751617	41.5326
8.18788	0	0.0751617	41.5524
8.27576	0	0.0751617	41.5559
8.36364	0	0.0751617	41.5338
8.45152	0	0.0751617	41.495
8.53939	0	0.0751617	41.4464
8.62727	0	0.0751617	41.3921
8.71515	0	0.0751617	41.334
8.80303	0	0.0751617	41.2718
8.89091	0	0.0751617	41.2076
8.97879	0	0.0751617	41.1417
9.06667	0	0.0751617	41.074
9.15455	0	0.0751617	41.0052
9.24242	0	0.0751617	40.9352
9.3303	0	0.0751617	40.8644
9.41818	0	0.0751617	40.7927
9.50606	0	0.0751617	40.7202
9.59394	0	0.0751617	40.6471
9.68182	0	0.0751617	40.5734
9.7697	0	0.0751617	40.499
9.85758	0	0.0751617	40.424
9.94545	0	0.0751617	40.3485
10.0333	0	0.0751617	40.2724
10.1212	0	0.0751617	40.1957
10.2091	0	0.0751617	40.1184
10.297	0	0.0751617	40.0405
10.3848	0	0.0751617	39.9621
10.4727	0	0.0751617	39.883
10.5606	0	0.0751617	39.8032
10.6485	0	0.0751617	39.7228
10.7364	0	0.0751617	39.6416
10.8242	0	0.0751617	39.5598
10.9121	0	0.0751617	39.5899
11	0	0.0751617	39.5067
11.0879	0	0.0751617	39.4226
11.1758	0	0.0751617	39.3378
11.2636	0	0.0751617	39.252
11.3515	0	0.0751617	39.1654
11.4394	0	0.0751617	39.0779
11.5273	0	0.0751617	38.9892
11.6152	0	0.0751617	38.8997
11.703	0	0.0751617	38.809
11.7909	0	0.0751617	38.7173
11.8788	0	0.0751617	38.6244
11.9667	0	0.0751617	38.5303
12.0545	0	0.0751617	38.435
12.1424	0	0.0751617	38.3385
12.2303	0	0.0751617	38.2406
12.3182	0	0.0751617	38.1414
12.4061	0	0.0751617	38.0407
12.4939	0	0.0751617	37.9386
12.5818	0	0.0751617	37.835
12.6697	0	0.0751617	37.7298
12.7576	0	0.0751617	37.623
12.8455	0	0.0751617	37.5145
12.9333	0	0.0751617	37.5433
13.0212	0	0.0751617	37.4316
13.1091	0	0.0751617	37.3181
13.197	0	0.0751617	37.2027
13.2848	0	0.0751617	37.0854
13.3727	0	0.0751617	36.9663
13.4606	0	0.0751617	36.8453
13.5485	0	0.0751617	36.7227
13.6364	0	0.0751617	36.5987
13.7242	0	0.0751617	36.4735
13.8121	0	0.0751617	36.3475
13.9	0	0.0751617	36.2708
13.9879	0	0.0751617	36.1461
14.0758	0	0.0751617	36.0225
14.1636	0	0.0751617	35.9002
14.2515	0	0.0751617	35.7793
14.3394	0	0.0751617	35.6596
14.4273	0	0.0751617	35.5407
14.5152	0	0.0751617	35.5034
14.603	0	0.0751617	35.3845
14.6909	0	0.0751617	35.2639
14.7788	0	0.0751617	35.1413
14.8667	0	0.0751617	35.017
14.9545	0	0.0751617	34.9259
15.0424	0	0.0751617	34.804
15.1303	0	0.0751617	34.6866
15.2182	0	0.0751617	34.6363
15.3061	0	0.0751617	34.5279
15.3939	0	0.0751617	34.4191
15.4818	0	0.0751617	34.3305
15.5697	0	0.0751617	34.2475
15.6576	0	0.0751617	34.1056
15.7455	0	0.0751617	33.9632
15.8333	0	0.0751617	33.8099
15.9212	0	0.0751617	33.6142
16.0091	0	0.0751617	33.3967
16.097	0	0.0751617	33.1356
16.1848	0	0.0751617	32.8518
16.2727	0	0.0751617	32.5302
16.3606	0	0.0751617	32.1527
16.4485	0	0.0751617	31.7205
16.5364	0	0.0751617	31.2224
16.6242	0	0.0751617	30.6447
16.7121	0	0.0751617	29.9689
16.8	0	0.0751617	29.1548
8.1	1	0.140371	41.4857
8.18788	1	0.140371	41.4906
8.27576	1	0.140371	41.4931
8.36364	1	0.140371	41.4717
8.45152	1	0.140371	41.4339
8.53939	1	0.140371	41.3861
8.62727	1	0.140371	41.3325
8.71515	1	0.140371	41.2752
8.80303	1	0.140371	41.2137
8.89091	1	0.140371	41.1504
8.97879	1	0.140371	41.0851
9.06667	1	0.140371	41.0181
9.15455	1	0.140371	40.9499
9.24242	1	0.140371	40.8806
9.3303	1	0.140371	40.8103
9.41818	1	0.140371	40.7392
9.50606	1	0.140371	40.6673
9.59394	1	0.140371	40.5946
9.68182	1	0.140371	40.5213
9.7697	1	0.140371	40.4473
9.85758	1	0.140371	40.3727
9.94545	1	0.140371	40.2974
10.0333	1	0.140371	40.2215
10.1212	1	0.140371	40.145
10.2091	1	0.140371	40.0678
10.297	1	0.140371	39.9899
10.3848	1	0.140371	39.9113
10.4727	1	0.140371	39.8321
10.5606	1	0.140371	39.7521
10.6485	1	0.140371	39.6713
10.7364	1	0.140371	39.5898
10.8242	1	0.140371	39.5074
10.9121	1	0.140371	39.5366
11	1	0.140371	39.4527
11.0879	1	0.140371	39.3678
11.1758	1	0.140371	39.2819
11.2636	1	0.140371	39.1951
11.3515	1	0.140371	39.1072
11.4394	1	0.140371	39.0184
11.5273	1	0.140371	38.9283
11.6152	1	0.140371	38.8372
11.703	1	0.140371	38.7448
11.7909	1	0.140371	38.6512
11.8788	1	0.140371	38.5563
11.9667	1	0.140371	38.46
12.0545	1	0.140371	38.3624
12.1424	1	0.140371	38.2633
12.2303	1	0.140371	38.1628
12.3182	1	0.140371	38.0607
12.4061	1	0.140371	37.957
12.4939	1	0.140371	37.8516
12.5818	1	0.140371	37.7446
12.6697	1	0.140371	37.6357
12.7576	1	0.140371	37.5251
12.8455	1	0.140371	37.4125
12.9333	1	0.140371	37.4347
13.0212	1	0.140371	37.3184
13.1091	1	0.140371	37.1999
13.197	1	0.140371	37.0792
13.2848	1	0.140371	36.9562
13.3727	1	0.140371	36.831
13.4606	1	0.140371	36.7034
13.5485	1	0.140371	36.5734
13.6364	1	0.140371	36.4413
13.7242	1	0.140371	36.3069
13.8121	1	0.140371	36.1704
13.9	1	0.140371	36.0791
13.9879	1	0.140371	35.9404
14.0758	1	0.140371	35.8009
14.1636	1	0.140371	35.6606
14.2515	1	0.140371	35.5204
14.3394	1	0.140371	35.38
14.4273	1	0.140371	35.2395
14.5152	1	0.140371	35.1738
14.603	1	0.140371	35.0324
14.6909	1	0.140371	34.8884
14.7788	1	0.140371	34.7407
14.8667	1	0.140371	34.5877
14.9545	1	0.140371	34.4571
15.0424	1	0.140371	34.2902
15.1303	1	0.140371	34.1155
15.2182	1	0.140371	33.9779
15.3061	1	0.140371	33.7871
15.3939	1	0.140371	33.5883
15.4818	1	0.140371	33.4002
15.5697	1	0.140371	33.2169
15.6576	1	0.140371	32.9952
15.7455	1	0.140371	32.7784
15.8333	1	0.140371	32.5627
15.9212	1	0.140371	32.3221
16.0091	1	0.140371	32.0736
16.097	1	0.140371	31.7961
16.1848	1	0.140371	31.5054
16.2727	1	0.140371	31.1878
16.3606	1	0.140371	30.8254
16.4485	1	0.140371	30.4219
16.5364	1	0.140371	29.9689
16.6242	1	0.140371	29.4506
16.7121	1	0.140371	28.8476
16.8	1	0.140371	28.114
8.1	2	0.20558	41.4664
8.18788	2	0.20558	41.4721
8.27576	2	0.20558	41.4752
8.36364	2	0.20558	41.4544
8.45152	2	0.20558	41.4173
8.53939	2	0.20558	41.3702
8.62727	2	0.20558	41.3172
8.71515	2	0.20558	41.2606
8.80303	2	0.20558	41.1997
8.89091	2	0.20558	41.137
8.97879	2	0.20558	41.0722
9.06667	2	0.20558	41.0057
9.15455	2	0.20558	40.9381
9.24242	2	0.20558	40.8693
9.3303	2	0.20558	40.7994
9.41818	2	0.20558	40.7287
9.50606	2	0.20558	40.6572
9.59394	2	0.20558	40.5849
9.68182	2	0.20558	40.5119
9.7697	2	0.20558	40.4382
9.85758	2	0.20558	40.3637
9.94545	2	0.20558	40.2886
10.0333	2	0.20558	40.2128
10.1212	2	0.20558	40.1363
10.2091	2	0.20558	40.0591
10.297	2	0.20558	39.9812
10.3848	2	0.20558	39.9025
10.4727	2	0.20558	39.823
10.5606	2	0.20558	39.7427
10.6485	2	0.20558	39.6616
10.7364	2	0.20558	39.5796
10.8242	2	0.20558	39.4968
10.9121	2	0.20558	39.525
11	2	0.20558	39.4404
11.0879	2	0.20558	39.3546
11.1758	2	0.20558	39.2678
11.2636	2	0.20558	39.18
11.3515	2	0.20558	39.091
11.4394	2	0.20558	39.0009
11.5273	2	0.20558	38.9095
11.6152	2	0.20558	38.8168
11.703	2	0.20558	38.7228
11.7909	2	0.20558	38.6275
11.8788	2	0.20558	38.5308
11.9667	2	0.20558	38.4325
12.0545	2	0.20558	38.3328
12.1424	2	0.20558	38.2315
12.2303	2	0.20558	38.1286
12.3182	2	0.20558	38.0239
12.4061	2	0.20558	37.9175
12.4939	2	0.20558	37.8093
12.5818	2	0.20558	37.6993
12.6697	2	0.20558	37.5873
12.7576	2	0.20558	37.4733
12.8455	2	0.20558	37.3571
12.9333	2	0.20558	37.3736
13.0212	2	0.20558	37.2532
13.1091	2	0.20558	37.1304
13.197	2	0.20558	37.0052
13.2848	2	0.20558	36.8775
13.3727	2	0.20558	36.7472
13.4606	2	0.20558	36.6142
13.5485	2	0.20558	36.4786
13.6364	2	0.20558	36.3405
13.7242	2	0.20558	36.1996
13.8121	2	0.20558	36.0563
13.9	2	0.20558	35.9561
13.9879	2	0.20558	35.8092
14.0758	2	0.20558	35.6606
14.1636	2	0.20558	35.5104
14.2515	2	0.20558	35.3591
14.3394	2	0.20558	35.2064
14.4273	2	0.20558	35.0523
14.5152	2	0.20558	34.967
14.603	2	0.20558	34.8089
14.6909	2	0.20558	34.6469
14.7788	2	0.20558	34.4796
14.8667	2	0.20558	34.3058
14.9545	2	0.20558	34.1502
15.0424	2	0.20558	33.959
15.1303	2	0.20558	33.7579
15.2182	2	0.20558	33.5862
15.3061	2	0.20558	33.3637
15.3939	2	0.20558	33.1301
15.4818	2	0.20558	32.9014
15.5697	2	0.20558	32.6718
15.6576	2	0.20558	32.4062
15.7455	2	0.20558	32.1414
15.8333	2	0.20558	31.8753
15.9212	2	0.20558	31.588
16.0091	2	0.20558	31.2943
16.097	2	0.20558	30.9771
16.1848	2	0.20558	30.6488
16.2727	2	0.20558	30.2971
16.3606	2	0.20558	29.9048
16.4485	2	0.20558	29.4754
16.5364	2	0.20558	29.0021
16.6242	2	0.20558	28.4709
16.7121	2	0.20558	27.8638
16.8	2	0.20558	27.1348
8.1	3	0.27079	41.4575
8.18788	3	0.27079	41.4638
8.27576	3	0.27079	41.4676
8.36364	3	0.27079	41.4472
8.45152	3	0.27079	41.4108
8.53939	3	0.27079	41.3642
8.62727	3	0.27079	41.3118
8.71515	3	0.27079	41.2557
8.80303	3	0.27079	41.1954
8.89091	3	0.27079	41.1332
8.97879	3	0.27079	41.0689
9.06667	3	0.27079	41.0029
9.15455	3	0.27079	40.9357
9.24242	3	0.27079	40.8673
9.3303	3	0.27079	40.7979
9.41818	3	0.27079	40.7275
9.50606	3	0.27079	40.6563
9.59394	3	0.27079	40.5843
9.68182	3	0.27079	40.5115
9.7697	3	0.27079	40.4379
9.85758	3	0.27079	40.3636
9.94545	3	0.27079	40.2886
10.0333	3	0.27079	40.2129
10.1212	3	0.27079	40.1364
10.2091	3	0.27079	40.0591
10.297	3	0.27079	39.981
10.3848	3	0.27079	39.9021
10.4727	3	0.27079	39.8224
10.5606	3	0.27079	39.7418
10.6485	3	0.27079	39.6603
10.7364	3	0.27079	39.5778
10.8242	3	0.27079	39.4944
10.9121	3	0.27079	39.5218
11	3	0.27079	39.4363
11.0879	3	0.27079	39.3497
11.1758	3	0.27079	39.262
11.2636	3	0.27079	39.1731
11.3515	3	0.27079	39.083
11.4394	3	0.27079	38.9917
11.5273	3	0.27079	38.8989
11.6152	3	0.27079	38.8048
11.703	3	0.27079	38.7093
11.7909	3	0.27079	38.6123
11.8788	3	0.27079	38.5138
11.9667	3	0.27079	38.4137
12.0545	3	0.27079	38.3119
12.1424	3	0.27079	38.2085
12.2303	3	0.27079	38.1033
12.3182	3	0.27079	37.9963
12.4061	3	0.27079	37.8874
12.4939	3	0.27079	37.7765
12.5818	3	0.27079	37.6636
12.6697	3	0.27079	37.5486
12.7576	3	0.27079	37.4314
12.8455	3	0.27079	37.3119
12.9333	3	0.27079	37.3231
13.0212	3	0.27079	37.1988
13.1091	3	0.27079	37.0721
13.197	3	0.27079	36.9426
13.2848	3	0.27079	36.8105
13.3727	3	0.27079	36.6754
13.4606	3	0.27079	36.5375
13.5485	3	0.27079	36.3966
13.6364	3	0.27079	36.2528
13.7242	3	0.27079	36.1059
13.8121	3	0.27079	35.9561
13.9	3	0.27079	35.8476
13.9879	3	0.27079	35.693
14.0758	3	0.27079	35.536
14.1636	3	0.27079	35.3764
14.2515	3	0.27079	35.2147
14.3394	3	0.27079	35.0507
14.4273	3	0.27079	34.8839
14.5152	3	0.27079	34.7806
14.603	3	0.27079	34.6071
14.6909	3	0.27079	34.4286
14.7788	3	0.27079	34.2437
14.8667	3	0.27079	34.0512
14.9545	3	0.27079	33.8739
15.0424	3	0.27079	33.662
15.1303	3	0.27079	33.4392
15.2182	3	0.27079	33.2411
15.3061	3	0.27079	32.9946
15.3939	3	0.27079	32.7356
15.4818	3	0.27079	32.4782
15.5697	3	0.27079	32.2168
15.6576	3	0.27079	31.9209
15.7455	3	0.27079	31.6227
15.8333	3	0.27079	31.3209
15.9212	3	0.27079	30.9992
16.0091	3	0.27079	30.6709
16.097	3	0.27079	30.3218
16.1848	3	0.27079	29.9627
16.2727	3	0.27079	29.583
16.3606	3	0.27079	29.1669
16.4485	3	0.27079	28.7173
16.5364	3	0.27079	28.2289
16.6242	3	0.27079	27.6896
16.7121	3	0.27079	27.0829
16.8	3	0.27079	26.3623
8.1	4	0.335999	41.4514
8.18788	4	0.335999	41.4583
8.27576	4	0.335999	41.4626
8.36364	4	0.335999	41.4428
8.45152	4	0.335999	41.4069
8.53939	4	0.335999	41.3609
8.62727	4	0.335999	41.309
8.71515	4	0.335999	41.2535
8.80303	4	0.335999	41.1936
8.89091	4	0.335999	41.132
8.97879	4	0.335999	41.0681
9.06667	4	0.335999	41.0025
9.15455	4	0.335999	40.9358
9.24242	4	0.335999	40.8677
9.3303	4	0.335999	40.7986
9.41818	4	0.335999	40.7285
9.50606	4	0.335999	40.6576
9.59394	4	0.335999	40.5858
9.68182	4	0.335999	40.5133
9.7697	4	0.335999	40.4399
9.85758	4	0.335999	40.3657
9.94545	4	0.335999	40.2907
10.0333	4	0.335999	40.215
10.1212	4	0.335999	40.1384
10.2091	4	0.335999	40.061
10.297	4	0.335999	39.9828
10.3848	4	0.335999	39.9036
10.4727	4	0.335999	39.8236
10.5606	4	0.335999	39.7426
10.6485	4	0.335999	39.6606
10.7364	4	0.335999	39.5776
10.8242	4	0.335999	39.4936
10.9121	4	0.335999	39.5199
11	4	0.335999	39.4336
11.0879	4	0.335999	39.3462
11.1758	4	0.335999	39.2574
11.2636	4	0.335999	39.1675
11.3515	4	0.335999	39.0762
11.4394	4	0.335999	38.9835
11.5273	4	0.335999	38.8894
11.6152	4	0.335999	38.7939
11.703	4	0.335999	38.6968
11.7909	4	0.335999	38.5981
11.8788	4	0.335999	38.4978
11.9667	4	0.335999	38.3958
12.0545	4	0.335999	38.292
12.1424	4	0.335999	38.1864
12.2303	4	0.335999	38.0789
12.3182	4	0.335999	37.9695
12.4061	4	0.335999	37.858
12.4939	4	0.335999	37.7444
12.5818	4	0.335999	37.6287
12.6697	4	0.335999	37.5107
12.7576	4	0.335999	37.3903
12.8455	4	0.335999	37.2675
12.9333	4	0.335999	37.2733
13.0212	4	0.335999	37.1453
13.1091	4	0.335999	37.0145
13.197	4	0.335999	36.8808
13.2848	4	0.335999	36.7441
13.3727	4	0.335999	36.6043
13.4606	4	0.335999	36.4613
13.5485	4	0.335999	36.315
13.6364	4	0.335999	36.1654
13.7242	4	0.335999	36.0124
13.8121	4	0.335999	35.8559
13.9	4	0.335999	35.7388
13.9879	4	0.335999	35.5763
14.0758	4	0.335999	35.4105
14.1636	4	0.335999	35.2413
14.2515	4	0.335999	35.0689
14.3394	4	0.335999	34.8931
14.4273	4	0.335999	34.7135
14.5152	4	0.335999	34.5923
14.603	4	0.335999	34.4035
14.6909	4	0.335999	34.2086
14.7788	4	0.335999	34.0065
14.8667	4	0.335999	33.7958
14.9545	4	0.335999	33.5977
15.0424	4	0.335999	33.3661
15.1303	4	0.335999	33.1228
15.2182	4	0.335999	32.9004
15.3061	4	0.335999	32.632
15.3939	4	0.335999	32.3503
15.4818	4	0.335999	32.0679
15.5697	4	0.335999	31.7795
15.6576	4	0.335999	31.4577
15.7455	4	0.335999	31.1314
15.8333	4	0.335999	30.7996
15.9212	4	0.335999	30.4482
16.0091	4	0.335999	30.0895
16.097	4	0.335999	29.7114
16.1848	4	0.335999	29.3236
16.2727	4	0.335999	28.9171
16.3606	4	0.335999	28.4779
16.4485	4	0.335999	28.0086
16.5364	4	0.335999	27.5047
16.6242	4	0.335999	26.9555
16.7121	4	0.335999	26.3459
16.8	4	0.335999	25.6299
8.1	5	0.401208	41.4536
8.18788	5	0.401208	41.461
8.27576	5	0.401208	41.466
8.36364	5	0.401208	41.4466
8.45152	5	0.401208	41.4112
8.53939	5	0.401208	41.3658
8.62727	5	0.401208	41.3144
8.71515	5	0.401208	41.2593
8.80303	5	0.401208	41.1999
8.89091	5	0.401208	41.1388
8.97879	5	0.401208	41.0753
9.06667	5	0.401208	41.0101
9.15455	5	0.401208	40.9438
9.24242	5	0.401208	40.876
9.3303	5	0.401208	40.8073
9.41818	5	0.401208	40.7375
9.50606	5	0.401208	40.6668
9.59394	5	0.401208	40.5952
9.68182	5	0.401208	40.5228
9.7697	5	0.401208	40.4495
9.85758	5	0.401208	40.3754
9.94545	5	0.401208	40.3004
10.0333	5	0.401208	40.2246
10.1212	5	0.401208	40.148
10.2091	5	0.401208	40.0704
10.297	5	0.401208	39.9919
10.3848	5	0.401208	39.9125
10.4727	5	0.401208	39.8321
10.5606	5	0.401208	39.7506
10.6485	5	0.401208	39.6681
10.7364	5	0.401208	39.5846
10.8242	5	0.401208	39.4998
10.9121	5	0.401208	39.5251
11	5	0.401208	39.438
11.0879	5	0.401208	39.3496
11.1758	5	0.401208	39.2598
11.2636	5	0.401208	39.1687
11.3515	5	0.401208	39.0761
11.4394	5	0.401208	38.9822
11.5273	5	0.401208	38.8867
11.6152	5	0.401208	38.7896
11.703	5	0.401208	38.6909
11.7909	5	0.401208	38.5905
11.8788	5	0.401208	38.4884
11.9667	5	0.401208	38.3844
12.0545	5	0.401208	38.2786
12.1424	5	0.401208	38.1708
12.2303	5	0.401208	38.061
12.3182	5	0.401208	37.9492
12.4061	5	0.401208	37.8352
12.4939	5	0.401208	37.7189
12.5818	5	0.401208	37.6003
12.6697	5	0.401208	37.4793
12.7576	5	0.401208	37.3558
12.8455	5	0.401208	37.2297
12.9333	5	0.401208	37.2301
13.0212	5	0.401208	37.0983
13.1091	5	0.401208	36.9636
13.197	5	0.401208	36.8256
13.2848	5	0.401208	36.6845
13.3727	5	0.401208	36.5399
13.4606	5	0.401208	36.3919
13.5485	5	0.401208	36.2402
13.6364	5	0.401208	36.0849
13.7242	5	0.401208	35.9258
13.8121	5	0.401208	35.7626
13.9	5	0.401208	35.6372
13.9879	5	0.401208	35.4668
14.0758	5	0.401208	35.2926
14.1636	5	0.401208	35.1141
14.2515	5	0.401208	34.9316
14.3394	5	0.401208	34.7447
14.4273	5	0.401208	34.553
14.5152	5	0.401208	34.4154
14.603	5	0.401208	34.2125
14.6909	5	0.401208	34.0026
14.7788	5	0.401208	33.7846
14.8667	5	0.401208	33.5573
14.9545	5	0.401208	33.3404
15.0424	5	0.401208	33.0909
15.1303	5	0.401208	32.8291
15.2182	5	0.401208	32.5851
15.3061	5	0.401208	32.2971
15.3939	5	0.401208	31.9952
15.4818	5	0.401208	31.6909
15.5697	5	0.401208	31.379
15.6576	5	0.401208	31.0349
15.7455	5	0.401208	30.6846
15.8333	5	0.401208	30.3273
15.9212	5	0.401208	29.9505
16.0091	5	0.401208	29.5657
16.097	5	0.401208	29.1624
16.1848	5	0.401208	28.7495
16.2727	5	0.401208	28.3193
16.3606	5	0.401208	27.8591
16.4485	5	0.401208	27.3716
16.5364	5	0.401208	26.8529
16.6242	5	0.401208	26.2932
16.7121	5	0.401208	25.6786
16.8	5	0.401208	24.9633
8.1	6	0.466417	41.4651
8.18788	6	0.466417	41.4729
8.27576	6	0.466417	41.4784
8.36364	6	0.466417	41.4596
8.45152	6	0.466417	41.4247
8.53939	6	0.466417	41.3799
8.62727	6	0.466417	41.3289
8.71515	6	0.466417	41.2743
8.80303	6	0.466417	41.2154
8.89091	6	0.466417	41.1547
8.97879	6	0.466417	41.0915
9.06667	6	0.466417	41.0268
9.15455	6	0.466417	40.9608
9.24242	6	0.466417	40.8934
9.3303	6	0.466417	40.8249
9.41818	6	0.466417	40.7554
9.50606	6	0.466417	40.6849
9.59394	6	0.466417	40.6135
9.68182	6	0.466417	40.5412
9.7697	6	0.466417	40.4679
9.85758	6	0.466417	40.3938
9.94545	6	0.466417	40.3188
10.0333	6	0.466417	40.243
10.1212	6	0.466417	40.1661
10.2091	6	0.466417	40.0884
10.297	6	0.466417	40.0096
10.3848	6	0.466417	39.9298
10.4727	6	0.466417	39.849
10.5606	6	0.466417	39.767
10.6485	6	0.466417	39.684
10.7364	6	0.466417	39.5997
10.8242	6	0.466417	39.5143
10.9121	6	0.466417	39.5384
11	6	0.466417	39.4503
11.0879	6	0.466417	39.3609
11.1758	6	0.466417	39.27
11.2636	6	0.466417	39.1778
11.3515	6	0.466417	39.0839
11.4394	6	0.466417	38.9886
11.5273	6	0.466417	38.8916
11.6152	6	0.466417	38.793
11.703	6	0.466417	38.6926
11.7909	6	0.466417	38.5905
11.8788	6	0.466417	38.4865
11.9667	6	0.466417	38.3805
12.0545	6	0.466417	38.2726
12.1424	6	0.466417	38.1626
12.2303	6	0.466417	38.0505
12.3182	6	0.466417	37.9362
12.4061	6	0.466417	37.8196
12.4939	6	0.466417	37.7006
12.5818	6	0.466417	37.5791
12.6697	6	0.466417	37.4551
12.7576	6	0.466417	37.3284
12.8455	6	0.466417	37.1989
12.9333	6	0.466417	37.194
13.0212	6	0.466417	37.0583
13.1091	6	0.466417	36.9195
13.197	6	0.466417	36.7773
13.2848	6	0.466417	36.6316
13.3727	6	0.466417	36.4822
13.4606	6	0.466417	36.329
13.5485	6	0.466417	36.1718
13.6364	6	0.466417	36.0107
13.7242	6	0.466417	35.8453
13.8121	6	0.466417	35.6754
13.9	6	0.466417	35.5414
13.9879	6	0.466417	35.3631
14.0758	6	0.466417	35.1803
14.1636	6	0.466417	34.9925
14.2515	6	0.466417	34.7998
14.3394	6	0.466417	34.602
14.4273	6	0.466417	34.3985
14.5152	6	0.466417	34.245
14.603	6	0.466417	34.0284
14.6909	6	0.466417	33.804
14.7788	6	0.466417	33.5708
14.8667	6	0.466417	33.3277
14.9545	6	0.466417	33.093
15.0424	6	0.466417	32.8265
15.1303	6	0.466417	32.5473
15.2182	6	0.466417	32.2832
15.3061	6	0.466417	31.9769
15.3939	6	0.466417	31.6562
15.4818	6	0.466417	31.3318
15.5697	6	0.466417	30.9987
15.6576	6	0.466417	30.6343
15.7455	6	0.466417	30.2625
15.8333	6	0.466417	29.8823
15.9212	6	0.466417	29.4829
16.0091	6	0.466417	29.0744
16.097	6	0.466417	28.648
16.1848	6	0.466417	28.2118
16.2727	6	0.466417	27.7593
16.3606	6	0.466417	27.2789
16.4485	6	0.466417	26.7733
16.5364	6	0.466417	26.2392
16.6242	6	0.466417	25.6677
16.7121	6	0.466417	25.0457
16.8	6	0.466417	24.3279
8.1	7	0.531627	41.49
8.18788	7	0.531627	41.4983
8.27576	7	0.531627	41.5044
8.36364	7	0.531627	41.4861
8.45152	7	0.531627	41.4516
8.53939	7	0.531627	41.4074
8.62727	7	0.531627	41.3569
8.71515	7	0.531627	41.3028
8.80303	7	0.531627	41.2443
8.89091	7	0.531627	41.184
8.97879	7	0.531627	41.1212
9.06667	7	0.531627	41.0569
9.15455	7	0.531627	40.9912
9.24242	7	0.531627	40.924
9.3303	7	0.531627	40.8558
9.41818	7	0.531627	40.7865
9.50606	7	0.531627	40.7162
9.59394	7	0.531627	40.6449
9.68182	7	0.531627	40.5727
9.7697	7	0.531627	40.4995
9.85758	7	0.531627	40.4254
9.94545	7	0.531627	40.3503
10.0333	7	0.531627	40.2743
10.1212	7	0.531627	40.1972
10.2091	7	0.531627	40.1192
10.297	7	0.531627	40.0401
10.3848	7	0.531627	39.9599
10.4727	7	0.531627	39.8786
10.5606	7	0.531627	39.7961
10.6485	7	0.531627	39.7124
10.7364	7	0.531627	39.6275
10.8242	7	0.531627	39.5412
10.9121	7	0.531627	39.5641
11	7	0.531627	39.475
11.0879	7	0.531627	39.3846
11.1758	7	0.531627	39.2925
11.2636	7	0.531627	39.199
11.3515	7	0.531627	39.1038
11.4394	7	0.531627	39.0071
11.5273	7	0.531627	38.9086
11.6152	7	0.531627	38.8084
11.703	7	0.531627	38.7063
11.7909	7	0.531627	38.6023
11.8788	7	0.531627	38.4964
11.9667	7	0.531627	38.3884
12.0545	7	0.531627	38.2784
12.1424	7	0.531627	38.1661
12.2303	7	0.531627	38.0517
12.3182	7	0.531627	37.9349
12.4061	7	0.531627	37.8157
12.4939	7	0.531627	37.694
12.5818	7	0.531627	37.5696
12.6697	7	0.531627	37.4425
12.7576	7	0.531627	37.3125
12.8455	7	0.531627	37.1796
12.9333	7	0.531627	37.1693
13.0212	7	0.531627	37.0298
13.1091	7	0.531627	36.8868
13.197	7	0.531627	36.7402
13.2848	7	0.531627	36.5899
13.3727	7	0.531627	36.4356
13.4606	7	0.531627	36.2772
13.5485	7	0.531627	36.1144
13.6364	7	0.531627	35.9473
13.7242	7	0.531627	35.7756
13.8121	7	0.531627	35.5988
13.9	7	0.531627	35.4562
13.9879	7	0.531627	35.2699
14.0758	7	0.531627	35.0785
14.1636	7	0.531627	34.8813
14.2515	7	0.531627	34.6785
14.3394	7	0.531627	34.4698
14.4273	7	0.531627	34.2547
14.5152	7	0.531627	34.0859
14.603	7	0.531627	33.8561
14.6909	7	0.531627	33.6178
14.7788	7	0.531627	33.37
14.8667	7	0.531627	33.1118
14.9545	7	0.531627	32.8604
15.0424	7	0.531627	32.5781
15.1303	7	0.531627	32.2827
15.2182	7	0.531627	32
15.3061	7	0.531627	31.677
15.3939	7	0.531627	31.3393
15.4818	7	0.531627	30.9968
15.5697	7	0.531627	30.6448
15.6576	7	0.531627	30.2625
15.7455	7	0.531627	29.8717
15.8333	7	0.531627	29.4718
15.9212	7	0.531627	29.0526
16.0091	7	0.531627	28.6237
16.097	7	0.531627	28.1771
16.1848	7	0.531627	27.7204
16.2727	7	0.531627	27.2481
16.3606	7	0.531627	26.7497
16.4485	7	0.531627	26.2278
16.5364	7	0.531627	25.6798
16.6242	7	0.531627	25.0973
16.7121	7	0.531627	24.4685
16.8	7	0.531627	23.7479
8.1	8	0.596836	41.5145
8.18788	8	0.596836	41.5233
8.27576	8	0.596836	41.53
8.36364	8	0.596836	41.5121
8.45152	8	0.596836	41.4781
8.53939	8	0.596836	41.4345
8.62727	8	0.596836	41.3844
8.71515	8	0.596836	41.3308
8.80303	8	0.596836	41.2727
8.89091	8	0.596836	41.2129
8.97879	8	0.596836	41.1504
9.06667	8	0.596836	41.0865
9.15455	8	0.596836	41.021
9.24242	8	0.596836	40.9542
9.3303	8	0.596836	40.8862
9.41818	8	0.596836	40.8171
9.50606	8	0.596836	40.7469
9.59394	8	0.596836	40.6757
9.68182	8	0.596836	40.6035
9.7697	8	0.596836	40.5303
9.85758	8	0.596836	40.4561
9.94545	8	0.596836	40.3809
10.0333	8	0.596836	40.3047
10.1212	8	0.596836	40.2274
10.2091	8	0.596836	40.1491
10.297	8	0.596836	40.0695
10.3848	8	0.596836	39.9889
10.4727	8	0.596836	39.907
10.5606	8	0.596836	39.8239
10.6485	8	0.596836	39.7395
10.7364	8	0.596836	39.6538
10.8242	8	0.596836	39.5667
10.9121	8	0.596836	39.5882
11	8	0.596836	39.4981
11.0879	8	0.596836	39.4065
11.1758	8	0.596836	39.3132
11.2636	8	0.596836	39.2184
11.3515	8	0.596836	39.1218
11.4394	8	0.596836	39.0235
11.5273	8	0.596836	38.9235
11.6152	8	0.596836	38.8215
11.703	8	0.596836	38.7177
11.7909	8	0.596836	38.6118
11.8788	8	0.596836	38.5039
11.9667	8	0.596836	38.3938
12.0545	8	0.596836	38.2815
12.1424	8	0.596836	38.167
12.2303	8	0.596836	38.0501
12.3182	8	0.596836	37.9307
12.4061	8	0.596836	37.8088
12.4939	8	0.596836	37.6842
12.5818	8	0.596836	37.5567
12.6697	8	0.596836	37.4265
12.7576	8	0.596836	37.2932
12.8455	8	0.596836	37.1567
12.9333	8	0.596836	37.1408
13.0212	8	0.596836	36.9973
13.1091	8	0.596836	36.85
13.197	8	0.596836	36.699
13.2848	8	0.596836	36.5438
13.3727	8	0.596836	36.3844
13.4606	8	0.596836	36.2206
13.5485	8	0.596836	36.052
13.6364	8	0.596836	35.8788
13.7242	8	0.596836	35.7004
13.8121	8	0.596836	35.5166
13.9	8	0.596836	35.3652
13.9879	8	0.596836	35.1707
14.0758	8	0.596836	34.9705
14.1636	8	0.596836	34.7639
14.2515	8	0.596836	34.551
14.3394	8	0.596836	34.3315
14.4273	8	0.596836	34.1048
14.5152	8	0.596836	33.9211
14.603	8	0.596836	33.6783
14.6909	8	0.596836	33.4264
14.7788	8	0.596836	33.1645
14.8667	8	0.596836	32.8917
14.9545	8	0.596836	32.6242
15.0424	8	0.596836	32.3266
15.1303	8	0.596836	32.0155
15.2182	8	0.596836	31.7153
15.3061	8	0.596836	31.3762
15.3939	8	0.596836	31.0223
15.4818	8	0.596836	30.6628
15.5697	8	0.596836	30.293
15.6576	8	0.596836	29.894
15.7455	8	0.596836	29.4856
15.8333	8	0.596836	29.0674
15.9212	8	0.596836	28.6299
16.0091	8	0.596836	28.182
16.097	8	0.596836	27.7165
16.1848	8	0.596836	27.2406
16.2727	8	0.596836	26.7494
16.3606	8	0.596836	26.2336
16.4485	8	0.596836	25.6958
16.5364	8	0.596836	25.1336
16.6242	8	0.596836	24.5399
16.7121	8	0.596836	23.9032
16.8	8	0.596836	23.1784
8.1	9	0.662045	41.544
8.18788	9	0.662045	41.5533
8.27576	9	0.662045	41.5604
8.36364	9	0.662045	41.5432
8.45152	9	0.662045	41.5096
8.53939	9	0.662045	41.4665
8.62727	9	0.662045	41.4169
8.71515	9	0.662045	41.3637
8.80303	9	0.662045	41.306
8.89091	9	0.662045	41.2467
8.97879	9	0.662045	41.1845
9.06667	9	0.662045	41.1209
9.15455	9	0.662045	41.0557
9.24242	9	0.662045	40.9892
9.3303	9	0.662045	40.9214
9.41818	9	0.662045	40.8524
9.50606	9	0.662045	40.7824
9.59394	9	0.662045	40.7112
9.68182	9	0.662045	40.639
9.7697	9	0.662045	40.5658
9.85758	9	0.662045	40.4915
9.94545	9	0.662045	40.4161
10.0333	9	0.662045	40.3396
10.1212	9	0.662045	40.262
10.2091	9	0.662045	40.1832
10.297	9	0.662045	40.1033
10.3848	9	0.662045	40.0221
10.4727	9	0.662045	39.9396
10.5606	9	0.662045	39.8558
10.6485	9	0.662045	39.7706
10.7364	9	0.662045	39.6841
10.8242	9	0.662045	39.596
10.9121	9	0.662045	39.6161
11	9	0.662045	39.5248
11.0879	9	0.662045	39.432
11.1758	9	0.662045	39.3374
11.2636	9	0.662045	39.2412
11.3515	9	0.662045	39.1431
11.4394	9	0.662045	39.0432
11.5273	9	0.662045	38.9415
11.6152	9	0.662045	38.8378
11.703	9	0.662045	38.7321
11.7909	9	0.662045	38.6242
11.8788	9	0.662045	38.5142
11.9667	9	0.662045	38.402
12.0545	9	0.662045	38.2874
12.1424	9	0.662045	38.1704
12.2303	9	0.662045	38.0509
12.3182	9	0.662045	37.9289
12.4061	9	0.662045	37.8042
12.4939	9	0.662045	37.6766
12.5818	9	0.662045	37.5461
12.6697	9	0.662045	37.4125
12.7576	9	0.662045	37.2758
12.8455	9	0.662045	37.1356
12.9333	9	0.662045	37.114
13.0212	9	0.662045	36.9663
13.1091	9	0.662045	36.8147
13.197	9	0.662045	36.6589
13.2848	9	0.662045	36.4988
13.3727	9	0.662045	36.3342
13.4606	9	0.662045	36.1647
13.5485	9	0.662045	35.9902
13.6364	9	0.662045	35.8106
13.7242	9	0.662045	35.6255
13.8121	9	0.662045	35.4344
13.9	9	0.662045	35.2739
13.9879	9	0.662045	35.0712
14.0758	9	0.662045	34.8621
14.1636	9	0.662045	34.646
14.2515	9	0.662045	34.4228
14.3394	9	0.662045	34.1925
14.4273	9	0.662045	33.9544
14.5152	9	0.662045	33.756
14.603	9	0.662045	33.5005
14.6909	9	0.662045	33.2353
14.7788	9	0.662045	32.9597
14.8667	9	0.662045	32.6728
14.9545	9	0.662045	32.3898
15.0424	9	0.662045	32.0775
15.1303	9	0.662045	31.7516
15.2182	9	0.662045	31.4347
15.3061	9	0.662045	31.0805
15.3939	9	0.662045	30.7113
15.4818	9	0.662045	30.3357
15.5697	9	0.662045	29.9495
15.6576	9	0.662045	29.5348
15.7455	9	0.662045	29.1101
15.8333	9	0.662045	28.6749
15.9212	9	0.662045	28.2205
16.0091	9	0.662045	27.755
16.097	9	0.662045	27.2719
16.1848	9	0.662045	26.778
16.2727	9	0.662045	26.2689
16.3606	9	0.662045	25.7364
16.4485	9	0.662045	25.183
16.5364	9	0.662045	24.6071
16.6242	9	0.662045	24.002
16.7121	9	0.662045	23.357
16.8	9	0.662045	22.6272
8.1	10	0.727255	41.5781
8.18788	10	0.727255	41.5879
8.27576	10	0.727255	41.5956
8.36364	10	0.727255	41.5788
8.45152	10	0.727255	41.5458
8.53939	10	0.727255	41.5032
8.62727	10	0.727255	41.454
8.71515	10	0.727255	41.4013
8.80303	10	0.727255	41.3441
8.89091	10	0.727255	41.2851
8.97879	10	0.727255	41.2232
9.06667	10	0.727255	41.16
9.15455	10	0.727255	41.095
9.24242	10	0.727255	41.0287
9.3303	10	0.727255	40.9611
9.41818	10	0.727255	40.8922
9.50606	10	0.727255	40.8223
9.59394	10	0.727255	40.7511
9.68182	10	0.727255	40.6789
9.7697	10	0.727255	40.6055
9.85758	10	0.727255	40.5311
9.94545	10	0.727255	40.4554
10.0333	10	0.727255	40.3786
10.1212	10	0.727255	40.3007
10.2091	10	0.727255	40.2215
10.297	10	0.727255	40.141
10.3848	10	0.727255	40.0592
10.4727	10	0.727255	39.976
10.5606	10	0.727255	39.8914
10.6485	10	0.727255	39.8054
10.7364	10	0.727255	39.7179
10.8242	10	0.727255	39.6288
10.9121	10	0.727255	39.6473
11	10	0.727255	39.5548
11.0879	10	0.727255	39.4607
11.1758	10	0.727255	39.3647
11.2636	10	0.727255	39.267
11.3515	10	0.727255	39.1673
11.4394	10	0.727255	39.0658
11.5273	10	0.727255	38.9623
11.6152	10	0.727255	38.8567
11.703	10	0.727255	38.749
11.7909	10	0.727255	38.6391
11.8788	10	0.727255	38.527
11.9667	10	0.727255	38.4124
12.0545	10	0.727255	38.2955
12.1424	10	0.727255	38.176
12.2303	10	0.727255	38.0539
12.3182	10	0.727255	37.9291
12.4061	10	0.727255	37.8014
12.4939	10	0.727255	37.6708
12.5818	10	0.727255	37.5371
12.6697	10	0.727255	37.4001
12.7576	10	0.727255	37.2598
12.8455	10	0.727255	37.1158
12.9333	10	0.727255	37.0883
13.0212	10	0.727255	36.9363
13.1091	10	0.727255	36.7801
13.197	10	0.727255	36.6195
13.2848	10	0.727255	36.4543
13.3727	10	0.727255	36.2841
13.4606	10	0.727255	36.1089
13.5485	10	0.727255	35.9282
13.6364	10	0.727255	35.7421
13.7242	10	0.727255	35.55
13.8121	10	0.727255	35.3515
13.9	10	0.727255	35.1819
13.9879	10	0.727255	34.9707
14.0758	10	0.727255	34.7526
14.1636	10	0.727255	34.5269
14.2515	10	0.727255	34.2936
14.3394	10	0.727255	34.0525
14.4273	10	0.727255	33.803
14.5152	10	0.727255	33.5904
14.603	10	0.727255	33.3224
14.6909	10	0.727255	33.0443
14.7788	10	0.727255	32.7554
14.8667	10	0.727255	32.4548
14.9545	10	0.727255	32.1569
15.0424	10	0.727255	31.8305
15.1303	10	0.727255	31.4903
15.2182	10	0.727255	31.1577
15.3061	10	0.727255	30.789
15.3939	10	0.727255	30.4053
15.4818	10	0.727255	30.0146
15.5697	10	0.727255	29.6128
15.6576	10	0.727255	29.1834
15.7455	10	0.727255	28.7435
15.8333	10	0.727255	28.2925
15.9212	10	0.727255	27.8222
16.0091	10	0.727255	27.3403
16.097	10	0.727255	26.8406
16.1848	10	0.727255	26.3296
16.2727	10	0.727255	25.8036
16.3606	10	0.727255	25.2549
16.4485	10	0.727255	24.6864
16.5364	10	0.727255	24.0968
16.6242	10	0.727255	23.4801
16.7121	10	0.727255	22.826
16.8	10	0.727255	22.0902
8.1	11	0.792464	41.616
8.18788	11	0.792464	41.6264
8.27576	11	0.792464	41.6346
8.36364	11	0.792464	41.6184
8.45152	11	0.792464	41.5858
8.53939	11	0.792464	41.5438
8.62727	11	0.792464	41.4951
8.71515	11	0.792464	41.4428
8.80303	11	0.792464	41.386
8.89091	11	0.792464	41.3273
8.97879	11	0.792464	41.2658
9.06667	11	0.792464	41.2029
9.15455	11	0.792464	41.1382
9.24242	11	0.792464	41.0721
9.3303	11	0.792464	41.0046
9.41818	11	0.792464	40.9358
9.50606	11	0.792464	40.8658
9.59394	11	0.792464	40.7947
9.68182	11	0.792464	40.7223
9.7697	11	0.792464	40.6488
9.85758	11	0.792464	40.5741
9.94545	11	0.792464	40.4982
10.0333	11	0.792464	40.421
10.1212	11	0.792464	40.3426
10.2091	11	0.792464	40.2629
10.297	11	0.792464	40.1818
10.3848	11	0.792464	40.0993
10.4727	11	0.792464	40.0153
10.5606	11	0.792464	39.9299
10.6485	11	0.792464	39.843
10.7364	11	0.792464	39.7544
10.8242	11	0.792464	39.6642
10.9121	11	0.792464	39.681
11	11	0.792464	39.5872
11.0879	11	0.792464	39.4917
11.1758	11	0.792464	39.3942
11.2636	11	0.792464	39.295
11.3515	11	0.792464	39.1936
11.4394	11	0.792464	39.0903
11.5273	11	0.792464	38.9849
11.6152	11	0.792464	38.8774
11.703	11	0.792464	38.7676
11.7909	11	0.792464	38.6556
11.8788	11	0.792464	38.5411
11.9667	11	0.792464	38.4242
12.0545	11	0.792464	38.3048
12.1424	11	0.792464	38.1827
12.2303	11	0.792464	38.0578
12.3182	11	0.792464	37.9302
12.4061	11	0.792464	37.7995
12.4939	11	0.792464	37.6657
12.5818	11	0.792464	37.5286
12.6697	11	0.792464	37.3881
12.7576	11	0.792464	37.244
12.8455	11	0.792464	37.0961
12.9333	11	0.792464	37.0624
13.0212	11	0.792464	36.906
13.1091	11	0.792464	36.7451
13.197	11	0.792464	36.5795
13.2848	11	0.792464	36.409
13.3727	11	0.792464	36.2332
13.4606	11	0.792464	36.052
13.5485	11	0.792464	35.865
13.6364	11	0.792464	35.6722
13.7242	11	0.792464	35.4731
13.8121	11	0.792464	35.267
13.9	11	0.792464	35.0882
13.9879	11	0.792464	34.8686
14.0758	11	0.792464	34.6415
14.1636	11	0.792464	34.4063
14.2515	11	0.792464	34.1629
14.3394	11	0.792464	33.9113
14.4273	11	0.792464	33.6508
14.5152	11	0.792464	33.4243
14.603	11	0.792464	33.1443
14.6909	11	0.792464	32.8537
14.7788	11	0.792464	32.5519
14.8667	11	0.792464	32.2382
14.9545	11	0.792464	31.9261
15.0424	11	0.792464	31.5862
15.1303	11	0.792464	31.2324
15.2182	11	0.792464	30.8847
15.3061	11	0.792464	30.5023
15.3939	11	0.792464	30.1047
15.4818	11	0.792464	29.6996
15.5697	11	0.792464	29.2832
15.6576	11	0.792464	28.8398
15.7455	11	0.792464	28.3855
15.8333	11	0.792464	27.9195
15.9212	11	0.792464	27.4343
16.0091	11	0.792464	26.9369
16.097	11	0.792464	26.4215
16.1848	11	0.792464	25.8944
16.2727	11	0.792464	25.3521
16.3606	11	0.792464	24.7879
16.4485	11	0.792464	24.2046
16.5364	11	0.792464	23.6013
16.6242	11	0.792464	22.9725
16.7121	11	0.792464	22.3086
16.8	11	0.792464	21.5655
8.1	12	0.857673	41.6575
8.18788	12	0.857673	41.6684
8.27576	12	0.857673	41.6771
8.36364	12	0.857673	41.6616
8.45152	12	0.857673	41.6294
8.53939	12	0.857673	41.588
8.62727	12	0.857673	41.5397
8.71515	12	0.857673	41.4878
8.80303	12	0.857673	41.4314
8.89091	12	0.857673	41.3732
8.97879	12	0.857673	41.312
9.06667	12	0.857673	41.2493
9.15455	12	0.857673	41.1848
9.24242	12	0.857673	41.1188
9.3303	12	0.857673	41.0514
9.41818	12	0.857673	40.9827
9.50606	12	0.857673	40.9127
9.59394	12	0.857673	40.8415
9.68182	12	0.857673	40.769
9.7697	12	0.857673	40.6953
9.85758	12	0.857673	40.6203
9.94545	12	0.857673	40.544
10.0333	12	0.857673	40.4664
10.1212	12	0.857673	40.3874
10.2091	12	0.857673	40.307
10.297	12	0.857673	40.2253
10.3848	12	0.857673	40.142
10.4727	12	0.857673	40.0572
10.5606	12	0.857673	39.9708
10.6485	12	0.857673	39.8828
10.7364	12	0.857673	39.7932
10.8242	12	0.857673	39.7018
10.9121	12	0.857673	39.7167
11	12	0.857673	39.6215
11.0879	12	0.857673	39.5245
11.1758	12	0.857673	39.4254
11.2636	12	0.857673	39.3244
11.3515	12	0.857673	39.2213
11.4394	12	0.857673	39.1161
11.5273	12	0.857673	39.0088
11.6152	12	0.857673	38.8992
11.703	12	0.857673	38.7873
11.7909	12	0.857673	38.6729
11.8788	12	0.857673	38.5561
11.9667	12	0.857673	38.4367
12.0545	12	0.857673	38.3147
12.1424	12	0.857673	38.1898
12.2303	12	0.857673	38.0621
12.3182	12	0.857673	37.9314
12.4061	12	0.857673	37.7976
12.4939	12	0.857673	37.6605
12.5818	12	0.857673	37.5199
12.6697	12	0.857673	37.3757
12.7576	12	0.857673	37.2277
12.8455	12	0.857673	37.0757
12.9333	12	0.857673	37.0357
13.0212	12	0.857673	36.8746
13.1091	12	0.857673	36.7088
13.197	12	0.857673	36.538
13.2848	12	0.857673	36.362
13.3727	12	0.857673	36.1805
13.4606	12	0.857673	35.9931
13.5485	12	0.857673	35.7996
13.6364	12	0.857673	35.6
13.7242	12	0.857673	35.3936
13.8121	12	0.857673	35.1799
13.9	12	0.857673	34.9919
13.9879	12	0.857673	34.7637
14.0758	12	0.857673	34.5277
14.1636	12	0.857673	34.2831
14.2515	12	0.857673	34.0297
14.3394	12	0.857673	33.7676
14.4273	12	0.857673	33.4962
14.5152	12	0.857673	33.2563
14.603	12	0.857673	32.9646
14.6909	12	0.857673	32.6619
14.7788	12	0.857673	32.3476
14.8667	12	0.857673	32.0212
14.9545	12	0.857673	31.6954
15.0424	12	0.857673	31.3425
15.1303	12	0.857673	30.9755
15.2182	12	0.857673	30.6135
15.3061	12	0.857673	30.2178
15.3939	12	0.857673	29.8069
15.4818	12	0.857673	29.388
15.5697	12	0.857673	28.9575
15.6576	12	0.857673	28.5007
15.7455	12	0.857673	28.0325
15.8333	12	0.857673	27.5523
15.9212	12	0.857673	27.0528
16.0091	12	0.857673	26.5406
16.097	12	0.857673	26.0103
16.1848	12	0.857673	25.4678
16.2727	12	0.857673	24.9098
16.3606	12	0.857673	24.3306
16.4485	12	0.857673	23.7327
16.5364	12	0.857673	23.1156
16.6242	12	0.857673	22.4743
16.7121	12	0.857673	21.7996
16.8	12	0.857673	21.0483
8.1	13	0.922882	41.7021
8.18788	13	0.922882	41.7136
8.27576	13	0.922882	41.7229
8.36364	13	0.922882	41.7079
8.45152	13	0.922882	41.6763
8.53939	13	0.922882	41.6353
8.62727	13	0.922882	41.5875
8.71515	13	0.922882	41.536
8.80303	13	0.922882	41.48
8.89091	13	0.922882	41.4221
8.97879	13	0.922882	41.3612
9.06667	13	0.922882	41.2988
9.15455	13	0.922882	41.2344
9.24242	13	0.922882	41.1686
9.3303	13	0.922882	41.1013
9.41818	13	0.922882	41.0326
9.50606	13	0.922882	40.9625
9.59394	13	0.922882	40.8911
9.68182	13	0.922882	40.8184
9.7697	13	0.922882	40.7444
9.85758	13	0.922882	40.669
9.94545	13	0.922882	40.5923
10.0333	13	0.922882	40.5141
10.1212	13	0.922882	40.4345
10.2091	13	0.922882	40.3535
10.297	13	0.922882	40.2709
10.3848	13	0.922882	40.1868
10.4727	13	0.922882	40.101
10.5606	13	0.922882	40.0136
10.6485	13	0.922882	39.9244
10.7364	13	0.922882	39.8335
10.8242	13	0.922882	39.7408
10.9121	13	0.922882	39.7537
11	13	0.922882	39.657
11.0879	13	0.922882	39.5584
11.1758	13	0.922882	39.4576
11.2636	13	0.922882	39.3548
11.3515	13	0.922882	39.2498
11.4394	13	0.922882	39.1426
11.5273	13	0.922882	39.0332
11.6152	13	0.922882	38.9214
11.703	13	0.922882	38.8072
11.7909	13	0.922882	38.6905
11.8788	13	0.922882	38.5712
11.9667	13	0.922882	38.4491
12.0545	13	0.922882	38.3243
12.1424	13	0.922882	38.1966
12.2303	13	0.922882	38.0659
12.3182	13	0.922882	37.932
12.4061	13	0.922882	37.7949
12.4939	13	0.922882	37.6543
12.5818	13	0.922882	37.51
12.6697	13	0.922882	37.3619
12.7576	13	0.922882	37.2099
12.8455	13	0.922882	37.0536
12.9333	13	0.922882	37.0069
13.0212	13	0.922882	36.841
13.1091	13	0.922882	36.67
13.197	13	0.922882	36.4939
13.2848	13	0.922882	36.3122
13.3727	13	0.922882	36.1247
13.4606	13	0.922882	35.9309
13.5485	13	0.922882	35.7308
13.6364	13	0.922882	35.5242
13.7242	13	0.922882	35.3105
13.8121	13	0.922882	35.0889
13.9	13	0.922882	34.8916
13.9879	13	0.922882	34.6548
14.0758	13	0.922882	34.4098
14.1636	13	0.922882	34.1557
14.2515	13	0.922882	33.8925
14.3394	13	0.922882	33.62
14.4273	13	0.922882	33.3379
14.5152	13	0.922882	33.0849
14.603	13	0.922882	32.7817
14.6909	13	0.922882	32.4671
14.7788	13	0.922882	32.1407
14.8667	13	0.922882	31.8018
14.9545	13	0.922882	31.4628
15.0424	13	0.922882	31.0972
15.1303	13	0.922882	30.7175
15.2182	13	0.922882	30.3415
15.3061	13	0.922882	29.9329
15.3939	13	0.922882	29.5091
15.4818	13	0.922882	29.0769
15.5697	13	0.922882	28.6328
15.6576	13	0.922882	28.1629
15.7455	13	0.922882	27.6813
15.8333	13	0.922882	27.1873
15.9212	13	0.922882	26.674
16.0091	13	0.922882	26.1475
16.097	13	0.922882	25.6028
16.1848	13	0.922882	25.0453
16.2727	13	0.922882	24.4722
16.3606	13	0.922882	23.8781
16.4485	13	0.922882	23.2657
16.5364	13	0.922882	22.6347
16.6242	13	0.922882	21.9804
16.7121	13	0.922882	21.2943
16.8	13	0.922882	20.5337
8.1	14	0.988092	41.7497
8.18788	14	0.988092	41.7618
8.27576	14	0.988092	41.7716
8.36364	14	0.988092	41.7573
8.45152	14	0.988092	41.7261
8.53939	14	0.988092	41.6858
8.62727	14	0.988092	41.6384
8.71515	14	0.988092	41.5873
8.80303	14	0.988092	41.5317
8.89091	14	0.988092	41.4741
8.97879	14	0.988092	41.4134
9.06667	14	0.988092	41.3513
9.15455	14	0.988092	41.287
9.24242	14	0.988092	41.2213
9.3303	14	0.988092	41.1539
9.41818	14	0.988092	41.0852
9.50606	14	0.988092	41.0149
9.59394	14	0.988092	40.9434
9.68182	14	0.988092	40.8704
9.7697	14	0.988092	40.796
9.85758	14	0.988092	40.7201
9.94545	14	0.988092	40.6428
10.0333	14	0.988092	40.5641
10.1212	14	0.988092	40.4837
10.2091	14	0.988092	40.4019
10.297	14	0.988092	40.3184
10.3848	14	0.988092	40.2333
10.4727	14	0.988092	40.1464
10.5606	14	0.988092	40.0578
10.6485	14	0.988092	39.9674
10.7364	14	0.988092	39.8752
10.8242	14	0.988092	39.781
10.9121	14	0.988092	39.7918
11	14	0.988092	39.6934
11.0879	14	0.988092	39.593
11.1758	14	0.988092	39.4904
11.2636	14	0.988092	39.3857
11.3515	14	0.988092	39.2786
11.4394	14	0.988092	39.1692
11.5273	14	0.988092	39.0577
11.6152	14	0.988092	38.9435
11.703	14	0.988092	38.8268
11.7909	14	0.988092	38.7076
11.8788	14	0.988092	38.5856
11.9667	14	0.988092	38.4608
12.0545	14	0.988092	38.3331
12.1424	14	0.988092	38.2023
12.2303	14	0.988092	38.0684
12.3182	14	0.988092	37.9312
12.4061	14	0.988092	37.7905
12.4939	14	0.988092	37.6462
12.5818	14	0.988092	37.4981
12.6697	14	0.988092	37.346
12.7576	14	0.988092	37.1896
12.8455	14	0.988092	37.0288
12.9333	14	0.988092	36.9752
13.0212	14	0.988092	36.8042
13.1091	14	0.988092	36.628
13.197	14	0.988092	36.4462
13.2848	14	0.988092	36.2586
13.3727	14	0.988092	36.0648
13.4606	14	0.988092	35.8645
13.5485	14	0.988092	35.6576
13.6364	14	0.988092	35.4438
13.7242	14	0.988092	35.2225
13.8121	14	0.988092	34.993
13.9	14	0.988092	34.7863
13.9879	14	0.988092	34.5408
14.0758	14	0.988092	34.2868
14.1636	14	0.988092	34.0232
14.2515	14	0.988092	33.7501
14.3394	14	0.988092	33.4674
14.4273	14	0.988092	33.1747
14.5152	14	0.988092	32.9088
14.603	14	0.988092	32.5943
14.6909	14	0.988092	32.268
14.7788	14	0.988092	31.9297
14.8667	14	0.988092	31.5787
14.9545	14	0.988092	31.2267
15.0424	14	0.988092	30.8488
15.1303	14	0.988092	30.4565
15.2182	14	0.988092	30.067
15.3061	14	0.988092	29.6458
15.3939	14	0.988092	29.2093
15.4818	14	0.988092	28.764
15.5697	14	0.988092	28.3065
15.6576	14	0.988092	27.8238
15.7455	14	0.988092	27.3291
15.8333	14	0.988092	26.8214
15.9212	14	0.988092	26.2945
16.0091	14	0.988092	25.754
16.097	14	0.988092	25.1951
16.1848	14	0.988092	24.6229
16.2727	14	0.988092	24.0348
16.3606	14	0.988092	23.426
16.4485	14	0.988092	22.799
16.5364	14	0.988092	22.1537
16.6242	14	0.988092	21.4859
16.7121	14	0.988092	20.7874
16.8	14	0.988092	20.0164
8.1	15	1.0533	41.7999
8.18788	15	1.0533	41.8127
8.27576	15	1.0533	41.823
8.36364	15	1.0533	41.8094
8.45152	15	1.0533	41.7787
8.53939	15	1.0533	41.7389
8.62727	15	1.0533	41.6919
8.71515	15	1.0533	41.6412
8.80303	15	1.0533	41.586
8.89091	15	1.0533	41.5287
8.97879	15	1.0533	41.4682
9.06667	15	1.0533	41.4062
9.15455	15	1.0533	41.342
9.24242	15	1.0533	41.2763
9.3303	15	1.0533	41.2089
9.41818	15	1.0533	41.14
9.50606	15	1.0533	41.0696
9.59394	15	1.0533	40.9977
9.68182	15	1.0533	40.9243
9.7697	15	1.0533	40.8495
9.85758	15	1.0533	40.7731
9.94545	15	1.0533	40.6951
10.0333	15	1.0533	40.6156
10.1212	15	1.0533	40.5345
10.2091	15	1.0533	40.4517
10.297	15	1.0533	40.3672
10.3848	15	1.0533	40.2809
10.4727	15	1.0533	40.1928
10.5606	15	1.0533	40.1029
10.6485	15	1.0533	40.0111
10.7364	15	1.0533	39.9174
10.8242	15	1.0533	39.8216
10.9121	15	1.0533	39.83
11	15	1.0533	39.7298
11.0879	15	1.0533	39.6274
11.1758	15	1.0533	39.5228
11.2636	15	1.0533	39.416
11.3515	15	1.0533	39.3067
11.4394	15	1.0533	39.1951
11.5273	15	1.0533	39.0812
11.6152	15	1.0533	38.9645
11.703	15	1.0533	38.8452
11.7909	15	1.0533	38.7232
11.8788	15	1.0533	38.5984
11.9667	15	1.0533	38.4706
12.0545	15	1.0533	38.3398
12.1424	15	1.0533	38.2058
12.2303	15	1.0533	38.0685
12.3182	15	1.0533	37.9277
12.4061	15	1.0533	37.7834
12.4939	15	1.0533	37.6351
12.5818	15	1.0533	37.4829
12.6697	15	1.0533	37.3264
12.7576	15	1.0533	37.1655
12.8455	15	1.0533	36.9999
12.9333	15	1.0533	36.9391
13.0212	15	1.0533	36.7627
13.1091	15	1.0533	36.5809
13.197	15	1.0533	36.3932
13.2848	15	1.0533	36.1994
13.3727	15	1.0533	35.9992
13.4606	15	1.0533	35.7921
13.5485	15	1.0533	35.578
13.6364	15	1.0533	35.3568
13.7242	15	1.0533	35.1277
13.8121	15	1.0533	34.8901
13.9	15	1.0533	34.6739
13.9879	15	1.0533	34.4196
14.0758	15	1.0533	34.1564
14.1636	15	1.0533	33.8833
14.2515	15	1.0533	33.6002
14.3394	15	1.0533	33.3073
14.4273	15	1.0533	33.0039
14.5152	15	1.0533	32.7254
14.603	15	1.0533	32.3996
14.6909	15	1.0533	32.0618
14.7788	15	1.0533	31.7116
14.8667	15	1.0533	31.3487
14.9545	15	1.0533	30.9839
15.0424	15	1.0533	30.5937
15.1303	15	1.0533	30.1891
15.2182	15	1.0533	29.7862
15.3061	15	1.0533	29.3525
15.3939	15	1.0533	28.9034
15.4818	15	1.0533	28.445
15.5697	15	1.0533	27.9742
15.6576	15	1.0533	27.4788
15.7455	15	1.0533	26.9708
15.8333	15	1.0533	26.4496
15.9212	15	1.0533	25.9091
16.0091	15	1.0533	25.3545
16.097	15	1.0533	24.7813
16.1848	15	1.0533	24.1944
16.2727	15	1.0533	23.5912
16.3606	15	1.0533	22.9675
16.4485	15	1.0533	22.3256
16.5364	15	1.0533	21.6656
16.6242	15	1.0533	20.9835
16.7121	15	1.0533	20.2717
16.8	15	1.0533	19.4892
8.1	16	1.11851	41.8513
8.18788	16	1.11851	41.8648
8.27576	16	1.11851	41.8757
8.36364	16	1.11851	41.8627
8.45152	16	1.11851	41.8325
8.53939	16	1.11851	41.7932
8.62727	16	1.11851	41.7467
8.71515	16	1.11851	41.6964
8.80303	16	1.11851	41.6415
8.89091	16	1.11851	41.5844
8.97879	16	1.11851	41.5242
9.06667	16	1.11851	41.4623
9.15455	16	1.11851	41.3981
9.24242	16	1.11851	41.3324
9.3303	16	1.11851	41.2648
9.41818	16	1.11851	41.1957
9.50606	16	1.11851	41.125
9.59394	16	1.11851	41.0527
9.68182	16	1.11851	40.9788
9.7697	16	1.11851	40.9033
9.85758	16	1.11851	40.8263
9.94545	16	1.11851	40.7475
10.0333	16	1.11851	40.6671
10.1212	16	1.11851	40.585
10.2091	16	1.11851	40.5011
10.297	16	1.11851	40.4155
10.3848	16	1.11851	40.3279
10.4727	16	1.11851	40.2385
10.5606	16	1.11851	40.1471
10.6485	16	1.11851	40.0537
10.7364	16	1.11851	39.9583
10.8242	16	1.11851	39.8607
10.9121	16	1.11851	39.8665
11	16	1.11851	39.7643
11.0879	16	1.11851	39.6599
11.1758	16	1.11851	39.5531
11.2636	16	1.11851	39.444
11.3515	16	1.11851	39.3323
11.4394	16	1.11851	39.2182
11.5273	16	1.11851	39.1017
11.6152	16	1.11851	38.9823
11.703	16	1.11851	38.8602
11.7909	16	1.11851	38.7353
11.8788	16	1.11851	38.6074
11.9667	16	1.11851	38.4765
12.0545	16	1.11851	38.3423
12.1424	16	1.11851	38.2048
12.2303	16	1.11851	38.0639
12.3182	16	1.11851	37.9193
12.4061	16	1.11851	37.7709
12.4939	16	1.11851	37.6185
12.5818	16	1.11851	37.4618
12.6697	16	1.11851	37.3008
12.7576	16	1.11851	37.135
12.8455	16	1.11851	36.9643
12.9333	16	1.11851	36.8958
13.0212	16	1.11851	36.7138
13.1091	16	1.11851	36.526
13.197	16	1.11851	36.3321
13.2848	16	1.11851	36.1319
13.3727	16	1.11851	35.9248
13.4606	16	1.11851	35.7106
13.5485	16	1.11851	35.4892
13.6364	16	1.11851	35.2603
13.7242	16	1.11851	35.0231
13.8121	16	1.11851	34.7772
13.9	16	1.11851	34.5511
13.9879	16	1.11851	34.2878
14.0758	16	1.11851	34.0152
14.1636	16	1.11851	33.7324
14.2515	16	1.11851	33.4393
14.3394	16	1.11851	33.1359
14.4273	16	1.11851	32.8219
14.5152	16	1.11851	32.5306
14.603	16	1.11851	32.1935
14.6909	16	1.11851	31.8442
14.7788	16	1.11851	31.4822
14.8667	16	1.11851	31.1072
14.9545	16	1.11851	30.7297
15.0424	16	1.11851	30.3272
15.1303	16	1.11851	29.9103
15.2182	16	1.11851	29.4939
15.3061	16	1.11851	29.0476
15.3939	16	1.11851	28.5859
15.4818	16	1.11851	28.1144
15.5697	16	1.11851	27.6302
15.6576	16	1.11851	27.1218
15.7455	16	1.11851	26.6004
15.8333	16	1.11851	26.0654
15.9212	16	1.11851	25.5111
16.0091	16	1.11851	24.9422
16.097	16	1.11851	24.3545
16.1848	16	1.11851	23.7526
16.2727	16	1.11851	23.134
16.3606	16	1.11851	22.4949
16.4485	16	1.11851	21.8377
16.5364	16	1.11851	21.1622
16.6242	16	1.11851	20.4651
16.7121	16	1.11851	19.7388
16.8	16	1.11851	18.9438
8.1	17	1.18372	41.9044
8.18788	17	1.18372	41.9185
8.27576	17	1.18372	41.9301
8.36364	17	1.18372	41.9177
8.45152	17	1.18372	41.8881
8.53939	17	1.18372	41.8493
8.62727	17	1.18372	41.8032
8.71515	17	1.18372	41.7532
8.80303	17	1.18372	41.6986
8.89091	17	1.18372	41.6417
8.97879	17	1.18372	41.5816
9.06667	17	1.18372	41.5197
9.15455	17	1.18372	41.4555
9.24242	17	1.18372	41.3896
9.3303	17	1.18372	41.3218
9.41818	17	1.18372	41.2524
9.50606	17	1.18372	41.1812
9.59394	17	1.18372	41.1084
9.68182	17	1.18372	41.0339
9.7697	17	1.18372	40.9577
9.85758	17	1.18372	40.8798
9.94545	17	1.18372	40.8002
10.0333	17	1.18372	40.7187
10.1212	17	1.18372	40.6355
10.2091	17	1.18372	40.5503
10.297	17	1.18372	40.4633
10.3848	17	1.18372	40.3744
10.4727	17	1.18372	40.2833
10.5606	17	1.18372	40.1903
10.6485	17	1.18372	40.0951
10.7364	17	1.18372	39.9979
10.8242	17	1.18372	39.8984
10.9121	17	1.18372	39.9012
11	17	1.18372	39.7969
11.0879	17	1.18372	39.6902
11.1758	17	1.18372	39.581
11.2636	17	1.18372	39.4694
11.3515	17	1.18372	39.3552
11.4394	17	1.18372	39.2384
11.5273	17	1.18372	39.119
11.6152	17	1.18372	38.9967
11.703	17	1.18372	38.8716
11.7909	17	1.18372	38.7435
11.8788	17	1.18372	38.6124
11.9667	17	1.18372	38.478
12.0545	17	1.18372	38.3402
12.1424	17	1.18372	38.199
12.2303	17	1.18372	38.0542
12.3182	17	1.18372	37.9055
12.4061	17	1.18372	37.7528
12.4939	17	1.18372	37.5959
12.5818	17	1.18372	37.4346
12.6697	17	1.18372	37.2686
12.7576	17	1.18372	37.0977
12.8455	17	1.18372	36.9216
12.9333	17	1.18372	36.845
13.0212	17	1.18372	36.657
13.1091	17	1.18372	36.463
13.197	17	1.18372	36.2626
13.2848	17	1.18372	36.0555
13.3727	17	1.18372	35.8413
13.4606	17	1.18372	35.6198
13.5485	17	1.18372	35.3907
13.6364	17	1.18372	35.1538
13.7242	17	1.18372	34.9084
13.8121	17	1.18372	34.6538
13.9	17	1.18372	34.4178
13.9879	17	1.18372	34.1452
14.0758	17	1.18372	33.8631
14.1636	17	1.18372	33.5705
14.2515	17	1.18372	33.2672
14.3394	17	1.18372	32.9533
14.4273	17	1.18372	32.6285
14.5152	17	1.18372	32.3245
14.603	17	1.18372	31.9761
14.6909	17	1.18372	31.6152
14.7788	17	1.18372	31.2414
14.8667	17	1.18372	30.8544
14.9545	17	1.18372	30.4642
15.0424	17	1.18372	30.0494
15.1303	17	1.18372	29.62
15.2182	17	1.18372	29.1903
15.3061	17	1.18372	28.7313
15.3939	17	1.18372	28.2568
15.4818	17	1.18372	27.7721
15.5697	17	1.18372	27.2743
15.6576	17	1.18372	26.7526
15.7455	17	1.18372	26.2176
15.8333	17	1.18372	25.6685
15.9212	17	1.18372	25.0999
16.0091	17	1.18372	24.5163
16.097	17	1.18372	23.9137
16.1848	17	1.18372	23.2963
16.2727	17	1.18372	22.6618
16.3606	17	1.18372	22.0068
16.4485	17	1.18372	21.3334
16.5364	17	1.18372	20.6416
16.6242	17	1.18372	19.9283
16.7121	17	1.18372	19.1863
16.8	17	1.18372	18.3773
8.1	18	1.24893	41.964
8.18788	18	1.24893	41.9788
8.27576	18	1.24893	41.9909
8.36364	18	1.24893	41.9792
8.45152	18	1.24893	41.9501
8.53939	18	1.24893	41.9118
8.62727	18	1.24893	41.8661
8.71515	18	1.24893	41.8164
8.80303	18	1.24893	41.762
8.89091	18	1.24893	41.7052
8.97879	18	1.24893	41.6452
9.06667	18	1.24893	41.5832
9.15455	18	1.24893	41.5189
9.24242	18	1.24893	41.4527
9.3303	18	1.24893	41.3846
9.41818	18	1.24893	41.3147
9.50606	18	1.24893	41.243
9.59394	18	1.24893	41.1695
9.68182	18	1.24893	41.0943
9.7697	18	1.24893	41.0172
9.85758	18	1.24893	40.9383
9.94545	18	1.24893	40.8576
10.0333	18	1.24893	40.7749
10.1212	18	1.24893	40.6903
10.2091	18	1.24893	40.6038
10.297	18	1.24893	40.5152
10.3848	18	1.24893	40.4246
10.4727	18	1.24893	40.3318
10.5606	18	1.24893	40.2369
10.6485	18	1.24893	40.1398
10.7364	18	1.24893	40.0405
10.8242	18	1.24893	39.9388
10.9121	18	1.24893	39.9385
11	18	1.24893	39.8318
11.0879	18	1.24893	39.7226
11.1758	18	1.24893	39.6108
11.2636	18	1.24893	39.4966
11.3515	18	1.24893	39.3795
11.4394	18	1.24893	39.2598
11.5273	18	1.24893	39.1374
11.6152	18	1.24893	39.0119
11.703	18	1.24893	38.8835
11.7909	18	1.24893	38.7521
11.8788	18	1.24893	38.6174
11.9667	18	1.24893	38.4793
12.0545	18	1.24893	38.3377
12.1424	18	1.24893	38.1925
12.2303	18	1.24893	38.0434
12.3182	18	1.24893	37.8904
12.4061	18	1.24893	37.7331
12.4939	18	1.24893	37.5715
12.5818	18	1.24893	37.4051
12.6697	18	1.24893	37.2339
12.7576	18	1.24893	37.0575
12.8455	18	1.24893	36.8757
12.9333	18	1.24893	36.7907
13.0212	18	1.24893	36.5964
13.1091	18	1.24893	36.3958
13.197	18	1.24893	36.1886
13.2848	18	1.24893	35.9745
13.3727	18	1.24893	35.753
13.4606	18	1.24893	35.5238
13.5485	18	1.24893	35.2867
13.6364	18	1.24893	35.0417
13.7242	18	1.24893	34.7878
13.8121	18	1.24893	34.5244
13.9	18	1.24893	34.2783
13.9879	18	1.24893	33.9964
14.0758	18	1.24893	33.7047
14.1636	18	1.24893	33.4022
14.2515	18	1.24893	33.0886
14.3394	18	1.24893	32.7642
14.4273	18	1.24893	32.4286
14.5152	18	1.24893	32.1122
14.603	18	1.24893	31.7525
14.6909	18	1.24893	31.3801
14.7788	18	1.24893	30.9946
14.8667	18	1.24893	30.5957
14.9545	18	1.24893	30.1928
15.0424	18	1.24893	29.7658
15.1303	18	1.24893	29.3241
15.2182	18	1.24893	28.8811
15.3061	18	1.24893	28.4095
15.3939	18	1.24893	27.9222
15.4818	18	1.24893	27.4242
15.5697	18	1.24893	26.9128
15.6576	18	1.24893	26.3778
15.7455	18	1.24893	25.829
15.8333	18	1.24893	25.2656
15.9212	18	1.24893	24.6827
16.0091	18	1.24893	24.0842
16.097	18	1.24893	23.4665
16.1848	18	1.24893	22.8333
16.2727	18	1.24893	22.1826
16.3606	18	1.24893	21.5112
16.4485	18	1.24893	20.8211
16.5364	18	1.24893	20.1124
16.6242	18	1.24893	19.3819
16.7121	18	1.24893	18.6232
16.8	18	1.24893	17.7989
8.1	19	1.31414	42.0238
8.18788	19	1.31414	42.0394
8.27576	19	1.31414	42.0522
8.36364	19	1.31414	42.0411
8.45152	19	1.31414	42.0125
8.53939	19	1.31414	41.9746
8.62727	19	1.31414	41.9292
8.71515	19	1.31414	41.8798
8.80303	19	1.31414	41.8256
8.89091	19	1.31414	41.7688
8.97879	19	1.31414	41.7087
9.06667	19	1.31414	41.6466
9.15455	19	1.31414	41.582
9.24242	19	1.31414	41.5154
9.3303	19	1.31414	41.4468
9.41818	19	1.31414	41.3763
9.50606	19	1.31414	41.3039
9.59394	19	1.31414	41.2296
9.68182	19	1.31414	41.1533
9.7697	19	1.31414	41.0752
9.85758	19	1.31414	40.9951
9.94545	19	1.31414	40.9131
10.0333	19	1.31414	40.829
10.1212	19	1.31414	40.7428
10.2091	19	1.31414	40.6546
10.297	19	1.31414	40.5643
10.3848	19	1.31414	40.4718
10.4727	19	1.31414	40.3771
10.5606	19	1.31414	40.28
10.6485	19	1.31414	40.1807
10.7364	19	1.31414	40.0791
10.8242	19	1.31414	39.975
10.9121	19	1.31414	39.9712
11	19	1.31414	39.8618
11.0879	19	1.31414	39.7498
11.1758	19	1.31414	39.6352
11.2636	19	1.31414	39.518
11.3515	19	1.31414	39.3978
11.4394	19	1.31414	39.2749
11.5273	19	1.31414	39.1492
11.6152	19	1.31414	39.0203
11.703	19	1.31414	38.8883
11.7909	19	1.31414	38.7532
11.8788	19	1.31414	38.6146
11.9667	19	1.31414	38.4725
12.0545	19	1.31414	38.3268
12.1424	19	1.31414	38.1772
12.2303	19	1.31414	38.0236
12.3182	19	1.31414	37.8659
12.4061	19	1.31414	37.7037
12.4939	19	1.31414	37.5369
12.5818	19	1.31414	37.3651
12.6697	19	1.31414	37.1883
12.7576	19	1.31414	37.0061
12.8455	19	1.31414	36.8182
12.9333	19	1.31414	36.7242
13.0212	19	1.31414	36.5233
13.1091	19	1.31414	36.3158
13.197	19	1.31414	36.1015
13.2848	19	1.31414	35.8799
13.3727	19	1.31414	35.6507
13.4606	19	1.31414	35.4135
13.5485	19	1.31414	35.1683
13.6364	19	1.31414	34.9147
13.7242	19	1.31414	34.6521
13.8121	19	1.31414	34.3797
13.9	19	1.31414	34.1233
13.9879	19	1.31414	33.8318
14.0758	19	1.31414	33.5303
14.1636	19	1.31414	33.2178
14.2515	19	1.31414	32.8939
14.3394	19	1.31414	32.5588
14.4273	19	1.31414	32.2124
14.5152	19	1.31414	31.8833
14.603	19	1.31414	31.5124
14.6909	19	1.31414	31.1284
14.7788	19	1.31414	30.7311
14.8667	19	1.31414	30.3203
14.9545	19	1.31414	29.9048
15.0424	19	1.31414	29.4656
15.1303	19	1.31414	29.0115
15.2182	19	1.31414	28.5551
15.3061	19	1.31414	28.0707
15.3939	19	1.31414	27.5704
15.4818	19	1.31414	27.059
15.5697	19	1.31414	26.5338
15.6576	19	1.31414	25.9852
15.7455	19	1.31414	25.4223
15.8333	19	1.31414	24.8444
15.9212	19	1.31414	24.2467
16.0091	19	1.31414	23.633
16.097	19	1.31414	22.9998
16.1848	19	1.31414	22.3505
16.2727	19	1.31414	21.6831
16.3606	19	1.31414	20.9949
16.4485	19	1.31414	20.2875
16.5364	19	1.31414	19.5611
16.6242	19	1.31414	18.8129
16.7121	19	1.31414	18.0365
16.8	19	1.31414	17.196
8.1	20	1.37935	42.0833
8.18788	20	1.37935	42.0996
8.27576	20	1.37935	42.113
8.36364	20	1.37935	42.1025
8.45152	20	1.37935	42.0744
8.53939	20	1.37935	42.0368
8.62727	20	1.37935	41.9918
8.71515	20	1.37935	41.9424
8.80303	20	1.37935	41.8883
8.89091	20	1.37935	41.8314
8.97879	20	1.37935	41.7712
9.06667	20	1.37935	41.7087
9.15455	20	1.37935	41.6437
9.24242	20	1.37935	41.5766
9.3303	20	1.37935	41.5073
9.41818	20	1.37935	41.436
9.50606	20	1.37935	41.3626
9.59394	20	1.37935	41.2872
9.68182	20	1.37935	41.2098
9.7697	20	1.37935	41.1303
9.85758	20	1.37935	41.0488
9.94545	20	1.37935	40.9652
10.0333	20	1.37935	40.8794
10.1212	20	1.37935	40.7915
10.2091	20	1.37935	40.7014
10.297	20	1.37935	40.609
10.3848	20	1.37935	40.5143
10.4727	20	1.37935	40.4173
10.5606	20	1.37935	40.3179
10.6485	20	1.37935	40.2161
10.7364	20	1.37935	40.1118
10.8242	20	1.37935	40.005
10.9121	20	1.37935	39.9973
11	20	1.37935	39.8849
11.0879	20	1.37935	39.7699
11.1758	20	1.37935	39.6521
11.2636	20	1.37935	39.5316
11.3515	20	1.37935	39.408
11.4394	20	1.37935	39.2816
11.5273	20	1.37935	39.1522
11.6152	20	1.37935	39.0196
11.703	20	1.37935	38.8837
11.7909	20	1.37935	38.7445
11.8788	20	1.37935	38.6017
11.9667	20	1.37935	38.4553
12.0545	20	1.37935	38.3049
12.1424	20	1.37935	38.1506
12.2303	20	1.37935	37.9921
12.3182	20	1.37935	37.8292
12.4061	20	1.37935	37.6617
12.4939	20	1.37935	37.4893
12.5818	20	1.37935	37.3118
12.6697	20	1.37935	37.1289
12.7576	20	1.37935	36.9404
12.8455	20	1.37935	36.746
12.9333	20	1.37935	36.6425
13.0212	20	1.37935	36.4346
13.1091	20	1.37935	36.2198
13.197	20	1.37935	35.9979
13.2848	20	1.37935	35.7685
13.3727	20	1.37935	35.5313
13.4606	20	1.37935	35.2858
13.5485	20	1.37935	35.032
13.6364	20	1.37935	34.7697
13.7242	20	1.37935	34.498
13.8121	20	1.37935	34.2163
13.9	20	1.37935	33.9493
13.9879	20	1.37935	33.648
14.0758	20	1.37935	33.3365
14.1636	20	1.37935	33.0137
14.2515	20	1.37935	32.6793
14.3394	20	1.37935	32.3334
14.4273	20	1.37935	31.976
14.5152	20	1.37935	31.6343
14.603	20	1.37935	31.2519
14.6909	20	1.37935	30.8562
14.7788	20	1.37935	30.447
14.8667	20	1.37935	30.0241
14.9545	20	1.37935	29.5958
15.0424	20	1.37935	29.1442
15.1303	20	1.37935	28.6775
15.2182	20	1.37935	28.2075
15.3061	20	1.37935	27.7101
15.3939	20	1.37935	27.1966
15.4818	20	1.37935	26.6714
15.5697	20	1.37935	26.132
15.6576	20	1.37935	25.5695
15.7455	20	1.37935	24.9921
15.8333	20	1.37935	24.3992
15.9212	20	1.37935	23.7863
16.0091	20	1.37935	23.1568
16.097	20	1.37935	22.5076
16.1848	20	1.37935	21.8416
16.2727	20	1.37935	21.1568
16.3606	20	1.37935	20.4511
16.4485	20	1.37935	19.7257
16.5364	20	1.37935	18.9808
16.6242	20	1.37935	18.2137
16.7121	20	1.37935	17.4185
16.8	20	1.37935	16.5606
8.1	21	1.44456	42.1408
8.18788	21	1.44456	42.1578
8.27576	21	1.44456	42.1719
8.36364	21	1.44456	42.1619
8.45152	21	1.44456	42.1342
8.53939	21	1.44456	42.0969
8.62727	21	1.44456	42.0521
8.71515	21	1.44456	42.0027
8.80303	21	1.44456	41.9485
8.89091	21	1.44456	41.8914
8.97879	21	1.44456	41.8308
9.06667	21	1.44456	41.7677
9.15455	21	1.44456	41.7021
9.24242	21	1.44456	41.6342
9.3303	21	1.44456	41.564
9.41818	21	1.44456	41.4916
9.50606	21	1.44456	41.4171
9.59394	21	1.44456	41.3403
9.68182	21	1.44456	41.2615
9.7697	21	1.44456	41.1804
9.85758	21	1.44456	41.0971
9.94545	21	1.44456	41.0117
10.0333	21	1.44456	40.9239
10.1212	21	1.44456	40.8338
10.2091	21	1.44456	40.7414
10.297	21	1.44456	40.6467
10.3848	21	1.44456	40.5495
10.4727	21	1.44456	40.4499
10.5606	21	1.44456	40.3477
10.6485	21	1.44456	40.2431
10.7364	21	1.44456	40.1358
10.8242	21	1.44456	40.0259
10.9121	21	1.44456	40.0138
11	21	1.44456	39.8982
11.0879	21	1.44456	39.7797
11.1758	21	1.44456	39.6584
11.2636	21	1.44456	39.5342
11.3515	21	1.44456	39.4069
11.4394	21	1.44456	39.2765
11.5273	21	1.44456	39.1431
11.6152	21	1.44456	39.0063
11.703	21	1.44456	38.8661
11.7909	21	1.44456	38.7224
11.8788	21	1.44456	38.575
11.9667	21	1.44456	38.4237
12.0545	21	1.44456	38.2684
12.1424	21	1.44456	38.1089
12.2303	21	1.44456	37.945
12.3182	21	1.44456	37.7765
12.4061	21	1.44456	37.6032
12.4939	21	1.44456	37.4248
12.5818	21	1.44456	37.241
12.6697	21	1.44456	37.0516
12.7576	21	1.44456	36.8564
12.8455	21	1.44456	36.6549
12.9333	21	1.44456	36.5414
13.0212	21	1.44456	36.326
13.1091	21	1.44456	36.1035
13.197	21	1.44456	35.8737
13.2848	21	1.44456	35.6361
13.3727	21	1.44456	35.3903
13.4606	21	1.44456	35.1361
13.5485	21	1.44456	34.8735
13.6364	21	1.44456	34.602
13.7242	21	1.44456	34.3209
13.8121	21	1.44456	34.0296
13.9	21	1.44456	33.7517
13.9879	21	1.44456	33.4404
14.0758	21	1.44456	33.1186
14.1636	21	1.44456	32.7853
14.2515	21	1.44456	32.4401
14.3394	21	1.44456	32.0832
14.4273	21	1.44456	31.7146
14.5152	21	1.44456	31.36
14.603	21	1.44456	30.966
14.6909	21	1.44456	30.5585
14.7788	21	1.44456	30.1372
14.8667	21	1.44456	29.7019
14.9545	21	1.44456	29.2607
15.0424	21	1.44456	28.7964
15.1303	21	1.44456	28.3167
15.2182	21	1.44456	27.833
15.3061	21	1.44456	27.3222
15.3939	21	1.44456	26.7951
15.4818	21	1.44456	26.2557
15.5697	21	1.44456	25.7016
15.6576	21	1.44456	25.1245
15.7455	21	1.44456	24.5321
15.8333	21	1.44456	23.9235
15.9212	21	1.44456	23.2948
16.0091	21	1.44456	22.6489
16.097	21	1.44456	21.9828
16.1848	21	1.44456	21.2993
16.2727	21	1.44456	20.5965
16.3606	21	1.44456	19.8723
16.4485	21	1.44456	19.1279
16.5364	21	1.44456	18.3633
16.6242	21	1.44456	17.5762
16.7121	21	1.44456	16.7608
16.8	21	1.44456	15.8841
8.1	22	1.50977	42.1971
8.18788	22	1.50977	42.2148
8.27576	22	1.50977	42.2295
8.36364	22	1.50977	42.22
8.45152	22	1.50977	42.1926
8.53939	22	1.50977	42.1555
8.62727	22	1.50977	42.1106
8.71515	22	1.50977	42.0611
8.80303	22	1.50977	42.0066
8.89091	22	1.50977	41.949
8.97879	22	1.50977	41.8878
9.06667	22	1.50977	41.8239
9.15455	22	1.50977	41.7574
9.24242	22	1.50977	41.6884
9.3303	22	1.50977	41.617
9.41818	22	1.50977	41.5432
9.50606	22	1.50977	41.4671
9.59394	22	1.50977	41.3887
9.68182	22	1.50977	41.308
9.7697	22	1.50977	41.225
9.85758	22	1.50977	41.1396
9.94545	22	1.50977	41.0519
10.0333	22	1.50977	40.9617
10.1212	22	1.50977	40.8691
10.2091	22	1.50977	40.7741
10.297	22	1.50977	40.6766
10.3848	22	1.50977	40.5765
10.4727	22	1.50977	40.4738
10.5606	22	1.50977	40.3686
10.6485	22	1.50977	40.2606
10.7364	22	1.50977	40.15
10.8242	22	1.50977	40.0366
10.9121	22	1.50977	40.0196
11	22	1.50977	39.9002
11.0879	22	1.50977	39.7779
11.1758	22	1.50977	39.6526
11.2636	22	1.50977	39.5243
11.3515	22	1.50977	39.3928
11.4394	22	1.50977	39.2581
11.5273	22	1.50977	39.1202
11.6152	22	1.50977	38.9788
11.703	22	1.50977	38.8338
11.7909	22	1.50977	38.6851
11.8788	22	1.50977	38.5326
11.9667	22	1.50977	38.3761
12.0545	22	1.50977	38.2153
12.1424	22	1.50977	38.0501
12.2303	22	1.50977	37.8803
12.3182	22	1.50977	37.7057
12.4061	22	1.50977	37.5261
12.4939	22	1.50977	37.3411
12.5818	22	1.50977	37.1505
12.6697	22	1.50977	36.9542
12.7576	22	1.50977	36.7517
12.8455	22	1.50977	36.5428
12.9333	22	1.50977	36.4187
13.0212	22	1.50977	36.1953
13.1091	22	1.50977	35.9646
13.197	22	1.50977	35.7264
13.2848	22	1.50977	35.4801
13.3727	22	1.50977	35.2255
13.4606	22	1.50977	34.9623
13.5485	22	1.50977	34.6903
13.6364	22	1.50977	34.4094
13.7242	22	1.50977	34.1186
13.8121	22	1.50977	33.8173
13.9	22	1.50977	33.5282
13.9879	22	1.50977	33.2066
14.0758	22	1.50977	32.8743
14.1636	22	1.50977	32.5302
14.2515	22	1.50977	32.174
14.3394	22	1.50977	31.8059
14.4273	22	1.50977	31.4258
14.5152	22	1.50977	31.0582
14.603	22	1.50977	30.6524
14.6909	22	1.50977	30.2328
14.7788	22	1.50977	29.7992
14.8667	22	1.50977	29.3514
14.9545	22	1.50977	28.8969
15.0424	22	1.50977	28.4196
15.1303	22	1.50977	27.9268
15.2182	22	1.50977	27.4289
15.3061	22	1.50977	26.9043
15.3939	22	1.50977	26.3631
15.4818	22	1.50977	25.8091
15.5697	22	1.50977	25.2399
15.6576	22	1.50977	24.6477
15.7455	22	1.50977	24.0395
15.8333	22	1.50977	23.4146
15.9212	22	1.50977	22.7692
16.0091	22	1.50977	22.1061
16.097	22	1.50977	21.4223
16.1848	22	1.50977	20.7203
16.2727	22	1.50977	19.9982
16.3606	22	1.50977	19.2544
16.4485	22	1.50977	18.4896
16.5364	22	1.50977	17.7041
16.6242	22	1.50977	16.8953
16.7121	22	1.50977	16.058
16.8	22	1.50977	15.1606
8.1	23	1.57498	42.2536
8.18788	23	1.57498	42.2718
8.27576	23	1.57498	42.2871
8.36364	23	1.57498	42.278
8.45152	23	1.57498	42.2508
8.53939	23	1.57498	42.2135
8.62727	23	1.57498	42.1685
8.71515	23	1.57498	42.1185
8.80303	23	1.57498	42.0635
8.89091	23	1.57498	42.0051
8.97879	23	1.57498	41.943
9.06667	23	1.57498	41.878
9.15455	23	1.57498	41.8102
9.24242	23	1.57498	41.7397
9.3303	23	1.57498	41.6666
9.41818	23	1.57498	41.5911
9.50606	23	1.57498	41.513
9.59394	23	1.57498	41.4325
9.68182	23	1.57498	41.3495
9.7697	23	1.57498	41.2641
9.85758	23	1.57498	41.1761
9.94545	23	1.57498	41.0857
10.0333	23	1.57498	40.9927
10.1212	23	1.57498	40.8971
10.2091	23	1.57498	40.7989
10.297	23	1.57498	40.6981
10.3848	23	1.57498	40.5947
10.4727	23	1.57498	40.4885
10.5606	23	1.57498	40.3796
10.6485	23	1.57498	40.2679
10.7364	23	1.57498	40.1535
10.8242	23	1.57498	40.0361
10.9121	23	1.57498	40.0135
11	23	1.57498	39.8898
11.0879	23	1.57498	39.7632
11.1758	23	1.57498	39.6334
11.2636	23	1.57498	39.5006
11.3515	23	1.57498	39.3643
11.4394	23	1.57498	39.2248
11.5273	23	1.57498	39.0819
11.6152	23	1.57498	38.9354
11.703	23	1.57498	38.785
11.7909	23	1.57498	38.6309
11.8788	23	1.57498	38.4728
11.9667	23	1.57498	38.3104
12.0545	23	1.57498	38.1436
12.1424	23	1.57498	37.9721
12.2303	23	1.57498	37.7959
12.3182	23	1.57498	37.6147
12.4061	23	1.57498	37.4282
12.4939	23	1.57498	37.2361
12.5818	23	1.57498	37.0383
12.6697	23	1.57498	36.8344
12.7576	23	1.57498	36.6242
12.8455	23	1.57498	36.4073
12.9333	23	1.57498	36.272
13.0212	23	1.57498	36.0402
13.1091	23	1.57498	35.801
13.197	23	1.57498	35.5539
13.2848	23	1.57498	35.2987
13.3727	23	1.57498	35.0348
13.4606	23	1.57498	34.7622
13.5485	23	1.57498	34.4807
13.6364	23	1.57498	34.1899
13.7242	23	1.57498	33.8892
13.8121	23	1.57498	33.5777
13.9	23	1.57498	33.2772
13.9879	23	1.57498	32.9451
14.0758	23	1.57498	32.602
14.1636	23	1.57498	32.247
14.2515	23	1.57498	31.8797
14.3394	23	1.57498	31.5002
14.4273	23	1.57498	31.1085
14.5152	23	1.57498	30.7279
14.603	23	1.57498	30.3101
14.6909	23	1.57498	29.8784
14.7788	23	1.57498	29.4323
14.8667	23	1.57498	28.9719
14.9545	23	1.57498	28.5041
15.0424	23	1.57498	28.0137
15.1303	23	1.57498	27.5076
15.2182	23	1.57498	26.9953
15.3061	23	1.57498	26.4567
15.3939	23	1.57498	25.9013
15.4818	23	1.57498	25.3323
15.5697	23	1.57498	24.7476
15.6576	23	1.57498	24.14
15.7455	23	1.57498	23.5157
15.8333	23	1.57498	22.8741
15.9212	23	1.57498	22.2115
16.0091	23	1.57498	21.5306
16.097	23	1.57498	20.8285
16.1848	23	1.57498	20.1074
16.2727	23	1.57498	19.3655
16.3606	23	1.57498	18.6012
16.4485	23	1.57498	17.8153
16.5364	23	1.57498	17.0077
16.6242	23	1.57498	16.1762
16.7121	23	1.57498	15.3158
16.8	23	1.57498	14.3964
8.1	24	1.64018	42.3053
8.18788	24	1.64018	42.3239
8.27576	24	1.64018	42.3397
8.36364	24	1.64018	42.3306
8.45152	24	1.64018	42.3034
8.53939	24	1.64018	42.2657
8.62727	24	1.64018	42.2201
8.71515	24	1.64018	42.1694
8.80303	24	1.64018	42.1134
8.89091	24	1.64018	42.0537
8.97879	24	1.64018	41.9903
9.06667	24	1.64018	41.9236
9.15455	24	1.64018	41.854
9.24242	24	1.64018	41.7815
9.3303	24	1.64018	41.7063
9.41818	24	1.64018	41.6284
9.50606	24	1.64018	41.5478
9.59394	24	1.64018	41.4646
9.68182	24	1.64018	41.3788
9.7697	24	1.64018	41.2903
9.85758	24	1.64018	41.1992
9.94545	24	1.64018	41.1054
10.0333	24	1.64018	41.0089
10.1212	24	1.64018	40.9097
10.2091	24	1.64018	40.8078
10.297	24	1.64018	40.7031
10.3848	24	1.64018	40.5957
10.4727	24	1.64018	40.4854
10.5606	24	1.64018	40.3722
10.6485	24	1.64018	40.2562
10.7364	24	1.64018	40.1372
10.8242	24	1.64018	40.0153
10.9121	24	1.64018	39.9862
11	24	1.64018	39.8578
11.0879	24	1.64018	39.7261
11.1758	24	1.64018	39.5913
11.2636	24	1.64018	39.4533
11.3515	24	1.64018	39.3116
11.4394	24	1.64018	39.1666
11.5273	24	1.64018	39.0181
11.6152	24	1.64018	38.8657
11.703	24	1.64018	38.7095
11.7909	24	1.64018	38.5492
11.8788	24	1.64018	38.3847
11.9667	24	1.64018	38.2158
12.0545	24	1.64018	38.0423
12.1424	24	1.64018	37.864
12.2303	24	1.64018	37.6807
12.3182	24	1.64018	37.4922
12.4061	24	1.64018	37.2981
12.4939	24	1.64018	37.0984
12.5818	24	1.64018	36.8926
12.6697	24	1.64018	36.6806
12.7576	24	1.64018	36.462
12.8455	24	1.64018	36.2365
12.9333	24	1.64018	36.0894
13.0212	24	1.64018	35.8487
13.1091	24	1.64018	35.6003
13.197	24	1.64018	35.3439
13.2848	24	1.64018	35.0792
13.3727	24	1.64018	34.8056
13.4606	24	1.64018	34.5231
13.5485	24	1.64018	34.2316
13.6364	24	1.64018	33.9306
13.7242	24	1.64018	33.6195
13.8121	24	1.64018	33.2974
13.9	24	1.64018	32.9853
13.9879	24	1.64018	32.6422
14.0758	24	1.64018	32.288
14.1636	24	1.64018	31.9218
14.2515	24	1.64018	31.543
14.3394	24	1.64018	31.1519
14.4273	24	1.64018	30.7483
14.5152	24	1.64018	30.3544
14.603	24	1.64018	29.9243
14.6909	24	1.64018	29.4801
14.7788	24	1.64018	29.0213
14.8667	24	1.64018	28.5479
14.9545	24	1.64018	28.0664
15.0424	24	1.64018	27.5625
15.1303	24	1.64018	27.0426
15.2182	24	1.64018	26.5155
15.3061	24	1.64018	25.9625
15.3939	24	1.64018	25.3922
15.4818	24	1.64018	24.8077
15.5697	24	1.64018	24.2069
15.6576	24	1.64018	23.5831
15.7455	24	1.64018	22.9419
15.8333	24	1.64018	22.2827
15.9212	24	1.64018	21.6022
16.0091	24	1.64018	20.9025
16.097	24	1.64018	20.1811
16.1848	24	1.64018	19.4397
16.2727	24	1.64018	18.6767
16.3606	24	1.64018	17.8906
16.4485	24	1.64018	17.0821
16.5364	24	1.64018	16.251
16.6242	24	1.64018	15.3952
16.7121	24	1.64018	14.5098
16.8	24	1.64018	13.5665
8.1	25	1.70539	42.3524
8.18788	25	1.70539	42.3713
8.27576	25	1.70539	42.3872
8.36364	25	1.70539	42.378
8.45152	25	1.70539	42.3503
8.53939	25	1.70539	42.3118
8.62727	25	1.70539	42.2651
8.71515	25	1.70539	42.213
8.80303	25	1.70539	42.1555
8.89091	25	1.70539	42.094
8.97879	25	1.70539	42.0285
9.06667	25	1.70539	41.9595
9.15455	25	1.70539	41.8874
9.24242	25	1.70539	41.8122
9.3303	25	1.70539	41.734
9.41818	25	1.70539	41.653
9.50606	25	1.70539	41.5691
9.59394	25	1.70539	41.4824
9.68182	25	1.70539	41.393
9.7697	25	1.70539	41.3007
9.85758	25	1.70539	41.2056
9.94545	25	1.70539	41.1077
10.0333	25	1.70539	41.007
10.1212	25	1.70539	40.9034
10.2091	25	1.70539	40.7969
10.297	25	1.70539	40.6876
10.3848	25	1.70539	40.5754
10.4727	25	1.70539	40.4602
10.5606	25	1.70539	40.342
10.6485	25	1.70539	40.2208
10.7364	25	1.70539	40.0966
10.8242	25	1.70539	39.9693
10.9121	25	1.70539	39.9329
11	25	1.70539	39.7988
11.0879	25	1.70539	39.6615
11.1758	25	1.70539	39.5208
11.2636	25	1.70539	39.3768
11.3515	25	1.70539	39.2291
11.4394	25	1.70539	39.0778
11.5273	25	1.70539	38.9229
11.6152	25	1.70539	38.764
11.703	25	1.70539	38.601
11.7909	25	1.70539	38.4339
11.8788	25	1.70539	38.2624
11.9667	25	1.70539	38.0862
12.0545	25	1.70539	37.9053
12.1424	25	1.70539	37.7194
12.2303	25	1.70539	37.5282
12.3182	25	1.70539	37.3317
12.4061	25	1.70539	37.1294
12.4939	25	1.70539	36.9213
12.5818	25	1.70539	36.7069
12.6697	25	1.70539	36.4861
12.7576	25	1.70539	36.2585
12.8455	25	1.70539	36.0239
12.9333	25	1.70539	35.8642
13.0212	25	1.70539	35.6141
13.1091	25	1.70539	35.3561
13.197	25	1.70539	35.0899
13.2848	25	1.70539	34.8151
13.3727	25	1.70539	34.5315
13.4606	25	1.70539	34.2387
13.5485	25	1.70539	33.9367
13.6364	25	1.70539	33.6252
13.7242	25	1.70539	33.3033
13.8121	25	1.70539	32.9703
13.9	25	1.70539	32.6461
13.9879	25	1.70539	32.2918
14.0758	25	1.70539	31.9263
14.1636	25	1.70539	31.5486
14.2515	25	1.70539	31.1581
14.3394	25	1.70539	30.755
14.4273	25	1.70539	30.3393
14.5152	25	1.70539	29.9318
14.603	25	1.70539	29.4892
14.6909	25	1.70539	29.0322
14.7788	25	1.70539	28.5604
14.8667	25	1.70539	28.0737
14.9545	25	1.70539	27.5782
15.0424	25	1.70539	27.0604
15.1303	25	1.70539	26.5262
15.2182	25	1.70539	25.9839
15.3061	25	1.70539	25.4159
15.3939	25	1.70539	24.8302
15.4818	25	1.70539	24.2295
15.5697	25	1.70539	23.6119
15.6576	25	1.70539	22.971
15.7455	25	1.70539	22.312
15.8333	25	1.70539	21.6343
15.9212	25	1.70539	20.9345
16.0091	25	1.70539	20.2148
16.097	25	1.70539	19.4727
16.1848	25	1.70539	18.7096
16.2727	25	1.70539	17.9238
16.3606	25	1.70539	17.1142
16.4485	25	1.70539	16.2809
16.5364	25	1.70539	15.424
16.6242	25	1.70539	14.5414
16.7121	25	1.70539	13.6283
16.8	25	1.70539	12.6583
8.1	26	1.7706	42.3964
8.18788	26	1.7706	42.4152
8.27576	26	1.7706	42.4308
8.36364	26	1.7706	42.4211
8.45152	26	1.7706	42.3922
8.53939	26	1.7706	42.3521
8.62727	26	1.7706	42.3037
8.71515	26	1.7706	42.2494
8.80303	26	1.7706	42.1896
8.89091	26	1.7706	42.1253
8.97879	26	1.7706	42.0568
9.06667	26	1.7706	41.9845
9.15455	26	1.7706	41.9089
9.24242	26	1.7706	41.8299
9.3303	26	1.7706	41.7478
9.41818	26	1.7706	41.6626
9.50606	26	1.7706	41.5744
9.59394	26	1.7706	41.4832
9.68182	26	1.7706	41.389
9.7697	26	1.7706	41.2918
9.85758	26	1.7706	41.1918
9.94545	26	1.7706	41.0887
10.0333	26	1.7706	40.9827
10.1212	26	1.7706	40.8737
10.2091	26	1.7706	40.7617
10.297	26	1.7706	40.6467
10.3848	26	1.7706	40.5287
10.4727	26	1.7706	40.4076
10.5606	26	1.7706	40.2835
10.6485	26	1.7706	40.1563
10.7364	26	1.7706	40.0259
10.8242	26	1.7706	39.8923
10.9121	26	1.7706	39.8472
11	26	1.7706	39.7066
11.0879	26	1.7706	39.5627
11.1758	26	1.7706	39.4153
11.2636	26	1.7706	39.2645
11.3515	26	1.7706	39.1098
11.4394	26	1.7706	38.9514
11.5273	26	1.7706	38.7892
11.6152	26	1.7706	38.6229
11.703	26	1.7706	38.4524
11.7909	26	1.7706	38.2775
11.8788	26	1.7706	38.0981
11.9667	26	1.7706	37.9139
12.0545	26	1.7706	37.7247
12.1424	26	1.7706	37.5304
12.2303	26	1.7706	37.3307
12.3182	26	1.7706	37.1254
12.4061	26	1.7706	36.9142
12.4939	26	1.7706	36.697
12.5818	26	1.7706	36.4734
12.6697	26	1.7706	36.2432
12.7576	26	1.7706	36.0061
12.8455	26	1.7706	35.7618
12.9333	26	1.7706	35.589
13.0212	26	1.7706	35.3289
13.1091	26	1.7706	35.0608
13.197	26	1.7706	34.7844
13.2848	26	1.7706	34.4993
13.3727	26	1.7706	34.2052
13.4606	26	1.7706	33.9018
13.5485	26	1.7706	33.5892
13.6364	26	1.7706	33.2669
13.7242	26	1.7706	32.934
13.8121	26	1.7706	32.59
13.9	26	1.7706	32.2536
13.9879	26	1.7706	31.888
14.0758	26	1.7706	31.5111
14.1636	26	1.7706	31.1218
14.2515	26	1.7706	30.7195
14.3394	26	1.7706	30.3044
14.4273	26	1.7706	29.8766
14.5152	26	1.7706	29.4556
14.603	26	1.7706	29.0006
14.6909	26	1.7706	28.5309
14.7788	26	1.7706	28.0461
14.8667	26	1.7706	27.5461
14.9545	26	1.7706	27.0367
15.0424	26	1.7706	26.5051
15.1303	26	1.7706	25.9567
15.2182	26	1.7706	25.3993
15.3061	26	1.7706	24.8162
15.3939	26	1.7706	24.215
15.4818	26	1.7706	23.5981
15.5697	26	1.7706	22.9636
15.6576	26	1.7706	22.3055
15.7455	26	1.7706	21.6285
15.8333	26	1.7706	20.9319
15.9212	26	1.7706	20.2127
16.0091	26	1.7706	19.4725
16.097	26	1.7706	18.7092
16.1848	26	1.7706	17.9237
16.2727	26	1.7706	17.1144
16.3606	26	1.7706	16.2803
16.4485	26	1.7706	15.4213
16.5364	26	1.7706	14.5375
16.6242	26	1.7706	13.6266
16.7121	26	1.7706	12.6842
16.8	26	1.7706	11.6856
8.1	27	1.83581	42.4214
8.18788	27	1.83581	42.4393
8.27576	27	1.83581	42.4541
8.36364	27	1.83581	42.443
8.45152	27	1.83581	42.412
8.53939	27	1.83581	42.3691
8.62727	27	1.83581	42.3176
8.71515	27	1.83581	42.2599
8.80303	27	1.83581	42.1963
8.89091	27	1.83581	42.1278
8.97879	27	1.83581	42.0548
9.06667	27	1.83581	41.9777
9.15455	27	1.83581	41.8969
9.24242	27	1.83581	41.8125
9.3303	27	1.83581	41.7248
9.41818	27	1.83581	41.6338
9.50606	27	1.83581	41.5396
9.59394	27	1.83581	41.4422
9.68182	27	1.83581	41.3417
9.7697	27	1.83581	41.2381
9.85758	27	1.83581	41.1315
9.94545	27	1.83581	41.0217
10.0333	27	1.83581	40.9089
10.1212	27	1.83581	40.793
10.2091	27	1.83581	40.674
10.297	27	1.83581	40.5519
10.3848	27	1.83581	40.4267
10.4727	27	1.83581	40.2983
10.5606	27	1.83581	40.1668
10.6485	27	1.83581	40.0322
10.7364	27	1.83581	39.8942
10.8242	27	1.83581	39.753
10.9121	27	1.83581	39.6977
11	27	1.83581	39.5493
11.0879	27	1.83581	39.3975
11.1758	27	1.83581	39.2421
11.2636	27	1.83581	39.0832
11.3515	27	1.83581	38.9203
11.4394	27	1.83581	38.7536
11.5273	27	1.83581	38.5829
11.6152	27	1.83581	38.408
11.703	27	1.83581	38.2287
11.7909	27	1.83581	38.045
11.8788	27	1.83581	37.8565
11.9667	27	1.83581	37.6631
12.0545	27	1.83581	37.4647
12.1424	27	1.83581	37.2609
12.2303	27	1.83581	37.0515
12.3182	27	1.83581	36.8365
12.4061	27	1.83581	36.6154
12.4939	27	1.83581	36.3881
12.5818	27	1.83581	36.1543
12.6697	27	1.83581	35.9138
12.7576	27	1.83581	35.6662
12.8455	27	1.83581	35.4113
12.9333	27	1.83581	35.2245
13.0212	27	1.83581	34.9537
13.1091	27	1.83581	34.6748
13.197	27	1.83581	34.3875
13.2848	27	1.83581	34.0914
13.3727	27	1.83581	33.7861
13.4606	27	1.83581	33.4715
13.5485	27	1.83581	33.1475
13.6364	27	1.83581	32.8138
13.7242	27	1.83581	32.4694
13.8121	27	1.83581	32.1137
13.9	27	1.83581	31.7647
13.9879	27	1.83581	31.3872
14.0758	27	1.83581	30.9983
14.1636	27	1.83581	30.5969
14.2515	27	1.83581	30.1824
14.3394	27	1.83581	29.7549
14.4273	27	1.83581	29.3144
14.5152	27	1.83581	28.8795
14.603	27	1.83581	28.4114
14.6909	27	1.83581	27.9285
14.7788	27	1.83581	27.4302
14.8667	27	1.83581	26.9164
14.9545	27	1.83581	26.3924
15.0424	27	1.83581	25.8464
15.1303	27	1.83581	25.2832
15.2182	27	1.83581	24.7099
15.3061	27	1.83581	24.1111
15.3939	27	1.83581	23.4936
15.4818	27	1.83581	22.8597
15.5697	27	1.83581	22.2073
15.6576	27	1.83581	21.5312
15.7455	27	1.83581	20.8351
15.8333	27	1.83581	20.1186
15.9212	27	1.83581	19.3787
16.0091	27	1.83581	18.6168
16.097	27	1.83581	17.8309
16.1848	27	1.83581	17.0215
16.2727	27	1.83581	16.1871
16.3606	27	1.83581	15.3268
16.4485	27	1.83581	14.4403
16.5364	27	1.83581	13.5274
16.6242	27	1.83581	12.5862
16.7121	27	1.83581	11.6121
16.8	27	1.83581	10.5824
8.1	28	1.90102	42.4088
8.18788	28	1.90102	42.4247
8.27576	28	1.90102	42.4375
8.36364	28	1.90102	42.4236
8.45152	28	1.90102	42.3886
8.53939	28	1.90102	42.341
8.62727	28	1.90102	42.2842
8.71515	28	1.90102	42.2208
8.80303	28	1.90102	42.1512
8.89091	28	1.90102	42.076
8.97879	28	1.90102	41.9958
9.06667	28	1.90102	41.9112
9.15455	28	1.90102	41.8226
9.24242	28	1.90102	41.7302
9.3303	28	1.90102	41.6342
9.41818	28	1.90102	41.5348
9.50606	28	1.90102	41.432
9.59394	28	1.90102	41.326
9.68182	28	1.90102	41.2167
9.7697	28	1.90102	41.1043
9.85758	28	1.90102	40.9887
9.94545	28	1.90102	40.87
10.0333	28	1.90102	40.7482
10.1212	28	1.90102	40.6232
10.2091	28	1.90102	40.4951
10.297	28	1.90102	40.3639
10.3848	28	1.90102	40.2295
10.4727	28	1.90102	40.092
10.5606	28	1.90102	39.9512
10.6485	28	1.90102	39.8073
10.7364	28	1.90102	39.6601
10.8242	28	1.90102	39.5095
10.9121	28	1.90102	39.4417
11	28	1.90102	39.2839
11.0879	28	1.90102	39.1226
11.1758	28	1.90102	38.9577
11.2636	28	1.90102	38.7891
11.3515	28	1.90102	38.6164
11.4394	28	1.90102	38.4399
11.5273	28	1.90102	38.2592
11.6152	28	1.90102	38.0744
11.703	28	1.90102	37.885
11.7909	28	1.90102	37.6909
11.8788	28	1.90102	37.4921
11.9667	28	1.90102	37.2883
12.0545	28	1.90102	37.0792
12.1424	28	1.90102	36.8647
12.2303	28	1.90102	36.6446
12.3182	28	1.90102	36.4186
12.4061	28	1.90102	36.1865
12.4939	28	1.90102	35.948
12.5818	28	1.90102	35.7031
12.6697	28	1.90102	35.4512
12.7576	28	1.90102	35.1923
12.8455	28	1.90102	34.9259
12.9333	28	1.90102	34.7241
13.0212	28	1.90102	34.4417
13.1091	28	1.90102	34.1512
13.197	28	1.90102	33.8522
13.2848	28	1.90102	33.5443
13.3727	28	1.90102	33.2272
13.4606	28	1.90102	32.9008
13.5485	28	1.90102	32.5648
13.6364	28	1.90102	32.2191
13.7242	28	1.90102	31.8626
13.8121	28	1.90102	31.4947
13.9	28	1.90102	31.1324
13.9879	28	1.90102	30.7425
14.0758	28	1.90102	30.341
14.1636	28	1.90102	29.927
14.2515	28	1.90102	29.4997
14.3394	28	1.90102	29.0592
14.4273	28	1.90102	28.6056
14.5152	28	1.90102	28.1561
14.603	28	1.90102	27.6745
14.6909	28	1.90102	27.1778
14.7788	28	1.90102	26.6653
14.8667	28	1.90102	26.1371
14.9545	28	1.90102	25.5979
15.0424	28	1.90102	25.0367
15.1303	28	1.90102	24.4579
15.2182	28	1.90102	23.868
15.3061	28	1.90102	23.2526
15.3939	28	1.90102	22.6179
15.4818	28	1.90102	21.9658
15.5697	28	1.90102	21.2945
15.6576	28	1.90102	20.599
15.7455	28	1.90102	19.8825
15.8333	28	1.90102	19.1446
15.9212	28	1.90102	18.3824
16.0091	28	1.90102	17.5971
16.097	28	1.90102	16.7867
16.1848	28	1.90102	15.9513
16.2727	28	1.90102	15.0895
16.3606	28	1.90102	14.2005
16.4485	28	1.90102	13.2837
16.5364	28	1.90102	12.339
16.6242	28	1.90102	11.3642
16.7121	28	1.90102	10.355
16.8	28	1.90102	9.29042
8.1	29	1.96623	42.2954
8.18788	29	1.96623	42.3067
8.27576	29	1.96623	42.316
8.36364	29	1.96623	42.2975
8.45152	29	1.96623	42.2547
8.53939	29	1.96623	42.1986
8.62727	29	1.96623	42.132
8.71515	29	1.96623	42.0587
8.80303	29	1.96623	41.979
8.89091	29	1.96623	41.8925
8.97879	29	1.96623	41.8004
9.06667	29	1.96623	41.7033
9.15455	29	1.96623	41.6019
9.24242	29	1.96623	41.4967
9.3303	29	1.96623	41.3878
9.41818	29	1.96623	41.2753
9.50606	29	1.96623	41.1596
9.59394	29	1.96623	41.0406
9.68182	29	1.96623	40.9186
9.7697	29	1.96623	40.7935
9.85758	29	1.96623	40.6654
9.94545	29	1.96623	40.5343
10.0333	29	1.96623	40.4001
10.1212	29	1.96623	40.263
10.2091	29	1.96623	40.1228
10.297	29	1.96623	39.9796
10.3848	29	1.96623	39.8333
10.4727	29	1.96623	39.684
10.5606	29	1.96623	39.5315
10.6485	29	1.96623	39.3759
10.7364	29	1.96623	39.217
10.8242	29	1.96623	39.0549
10.9121	29	1.96623	38.9718
11	29	1.96623	38.8026
11.0879	29	1.96623	38.6298
11.1758	29	1.96623	38.4534
11.2636	29	1.96623	38.2733
11.3515	29	1.96623	38.0891
11.4394	29	1.96623	37.901
11.5273	29	1.96623	37.7088
11.6152	29	1.96623	37.5123
11.703	29	1.96623	37.3113
11.7909	29	1.96623	37.1055
11.8788	29	1.96623	36.8949
11.9667	29	1.96623	36.6793
12.0545	29	1.96623	36.4583
12.1424	29	1.96623	36.2319
12.2303	29	1.96623	35.9998
12.3182	29	1.96623	35.7618
12.4061	29	1.96623	35.5177
12.4939	29	1.96623	35.2672
12.5818	29	1.96623	35.0101
12.6697	29	1.96623	34.7462
12.7576	29	1.96623	34.475
12.8455	29	1.96623	34.1965
12.9333	29	1.96623	33.9789
13.0212	29	1.96623	33.6844
13.1091	29	1.96623	33.3817
13.197	29	1.96623	33.0705
13.2848	29	1.96623	32.7504
13.3727	29	1.96623	32.4211
13.4606	29	1.96623	32.0823
13.5485	29	1.96623	31.7341
13.6364	29	1.96623	31.376
13.7242	29	1.96623	31.0071
13.8121	29	1.96623	30.6267
13.9	29	1.96623	30.251
13.9879	29	1.96623	29.8485
14.0758	29	1.96623	29.4344
14.1636	29	1.96623	29.0076
14.2515	29	1.96623	28.5674
14.3394	29	1.96623	28.1138
14.4273	29	1.96623	27.6469
14.5152	29	1.96623	27.1828
14.603	29	1.96623	26.6876
14.6909	29	1.96623	26.1769
14.7788	29	1.96623	25.6503
14.8667	29	1.96623	25.1074
14.9545	29	1.96623	24.553
15.0424	29	1.96623	23.9764
15.1303	29	1.96623	23.3818
15.2182	29	1.96623	22.775
15.3061	29	1.96623	22.1426
15.3939	29	1.96623	21.4903
15.4818	29	1.96623	20.8197
15.5697	29	1.96623	20.1289
15.6576	29	1.96623	19.4133
15.7455	29	1.96623	18.6756
15.8333	29	1.96623	17.9154
15.9212	29	1.96623	17.1298
16.0091	29	1.96623	16.3199
16.097	29	1.96623	15.4835
16.1848	29	1.96623	14.6205
16.2727	29	1.96623	13.7294
16.3606	29	1.96623	12.8095
16.4485	29	1.96623	11.8599
16.5364	29	1.96623	10.8804
16.6242	29	1.96623	9.86893
16.7121	29	1.96623	8.82088
16.8	29	1.96623	7.71746
