r [M]	Log(gamma)	Adv	Diff	Decay	Sy	IC/pp	pg/Bremss
	1	0.0551675	2.90546	6.97973	9.20068	-7.52986	inf	80.2476	11.3715
	1	0.143046	2.90546	6.92102	9.1128	-7.44198	inf	67.8403	11.1469
	1	0.230925	2.90546	6.86232	9.02492	-7.3541	inf	58.5117	10.936
	1	0.318804	2.90546	6.80362	8.93704	-7.26622	inf	50.4672	10.7426
	1	0.406683	2.90546	6.74491	8.84916	-7.17834	inf	43.6102	10.556
	1	0.494561	2.90546	6.68621	8.76128	-7.09047	inf	38.4568	10.3922
	1	0.58244	2.90546	6.62751	8.6734	-7.00259	inf	33.9091	10.2406
	1	0.670319	2.90546	6.5688	8.58552	-6.91471	inf	30.1331	10.0976
	1	0.758198	2.90546	6.5101	8.49765	-6.82683	inf	24.9505	9.96719
	1	0.846077	2.90546	6.4514	8.40977	-6.73895	inf	20.6459	9.84599
	1	0.933955	2.90546	6.3927	8.32189	-6.65107	inf	18.4939	9.73282
	1	1.02183	2.90546	6.33399	8.23401	-6.56319	5.40733	16.7485	9.63072
	1	1.10971	2.90546	6.27529	8.14613	-6.47531	5.11677	15.2648	9.53743
	1	1.19759	2.90546	6.21659	8.05825	-6.38743	5.03161	14.1039	9.44631
	1	1.28547	2.90546	6.15788	7.97037	-6.29956	4.9971	13.1464	9.35975
	1	1.37335	2.90546	6.09918	7.88249	-6.21168	4.98067	12.3376	9.28177
	1	1.46123	2.90546	6.04048	7.79462	-6.1238	4.97196	11.6586	9.202
	1	1.54911	2.90546	5.98177	7.70674	-6.03592	4.9669	11.0735	9.13021
	1	1.63699	2.90546	5.92307	7.61886	-5.94804	4.96365	10.5568	9.0611
	1	1.72486	2.90546	5.86437	7.53098	-5.86016	4.96132	10.1234	8.99361
	1	1.81274	2.90546	5.80567	7.4431	-5.77228	4.95943	9.74698	8.92668
	1	1.90062	2.90546	5.74696	7.35522	-5.6844	4.95772	9.41113	8.86492
	1	1.9885	2.90546	5.68826	7.26734	-5.59653	4.95604	9.13238	8.80292
	1	2.07638	2.90546	5.62956	7.17946	-5.50865	4.9543	8.88325	8.74519
	1	2.16426	2.90546	5.57085	7.09158	-5.42077	4.95245	8.66501	8.68609
	1	2.25214	2.90546	5.51215	7.00371	-5.33289	4.95046	8.47111	8.63084
	1	2.34002	2.90546	5.45345	6.91583	-5.24501	4.94831	8.2975	8.57427
	1	2.42789	2.90546	5.39474	6.82795	-5.15713	4.94599	8.14164	8.51933
	1	2.51577	2.90546	5.33604	6.74007	-5.06925	4.94349	8.00007	8.46721
	1	2.60365	2.90546	5.27734	6.65219	-4.98137	4.94081	7.87129	8.41503
	1	2.69153	2.90546	5.21863	6.56431	-4.8935	4.93795	7.7525	8.36289
	1	2.77941	2.90546	5.15993	6.47643	-4.80562	4.93491	7.6431	8.31384
	1	2.86729	2.90546	5.10123	6.38855	-4.71774	4.9317	7.54122	8.2625
	1	2.95517	2.90546	5.04253	6.30068	-4.62986	4.92831	7.44684	8.21312
	1	3.04305	2.90546	4.98382	6.2128	-4.54198	4.92475	7.35807	8.16476
	1	3.13093	2.90546	4.92512	6.12492	-4.4541	4.92102	7.2742	8.11695
	1	3.2188	2.90546	4.86642	6.03704	-4.36622	4.91713	7.1949	8.06763
	1	3.30668	2.90546	4.80771	5.94916	-4.27834	4.91308	7.11938	8.01861
	1	3.39456	2.90546	4.74901	5.86128	-4.19047	4.90887	7.04718	7.97175
	1	3.48244	2.90546	4.69031	5.7734	-4.10259	4.90451	6.97767	7.92315
	1	3.57032	2.90546	4.6316	5.68552	-4.01471	4.90001	6.91103	7.87463
	1	3.6582	2.90546	4.5729	5.59765	-3.92683	4.89537	6.84623	7.8279
	1	3.74608	2.90546	4.5142	5.50977	-3.83895	4.89059	6.78331	7.78147
	1	3.83396	2.90546	4.4555	5.42189	-3.75107	4.88568	6.72268	7.7332
	1	3.92183	2.90546	4.39679	5.33401	-3.66319	4.88064	6.66281	7.68605
	1	4.00971	2.90546	4.33809	5.24613	-3.57531	4.87548	6.60493	7.63769
	1	4.09759	2.90546	4.27939	5.15825	-3.48743	4.87021	6.54789	7.58923
	1	4.18547	2.90546	4.22068	5.07037	-3.39956	4.86482	6.49197	7.54331
	1	4.27335	2.90546	4.16198	4.98249	-3.31168	4.85933	6.43673	7.49501
	1	4.36123	2.90546	4.10328	4.89462	-3.2238	4.85373	6.38281	7.44673
	1	4.44911	2.90546	4.04457	4.80674	-3.13592	4.84804	6.32929	7.39857
	1	4.53699	2.90546	3.98587	4.71886	-3.04804	4.84226	6.27677	7.35166
	1	4.62486	2.90546	3.92717	4.63098	-2.96016	4.83638	6.22479	7.30399
	1	4.71274	2.90546	3.86847	4.5431	-2.87228	4.83043	6.17362	7.25781
	1	4.80062	2.90546	3.80976	4.45522	-2.7844	4.82439	6.12242	7.21071
	1	4.8885	2.90546	3.75106	4.36734	-2.69653	4.81828	6.0723	7.16543
	1	4.97638	2.90546	3.69236	4.27946	-2.60865	4.8121	6.02236	7.11892
	1	5.06426	2.90546	3.63365	4.19158	-2.52077	4.80585	5.97306	7.07274
	1	5.15214	2.90546	3.57495	4.10371	-2.43289	4.79954	5.92407	7.02674
	1	5.24002	2.90546	3.51625	4.01583	-2.34501	4.79317	5.87502	6.98185
	1	5.32789	2.90546	3.45754	3.92795	-2.25713	4.78675	5.8265	6.93541
	1	5.41577	2.90546	3.39884	3.84007	-2.16925	4.78028	5.77823	6.88853
	1	5.50365	2.90546	3.34014	3.75219	-2.08137	4.77376	5.72991	6.84161
	1	5.59153	2.90546	3.28143	3.66431	-1.9935	4.7672	5.68181	6.79437
	1	5.67941	2.90546	3.22273	3.57643	-1.90562	4.76059	5.63378	6.74795
	1	5.76729	2.90546	3.16403	3.48855	-1.81774	4.75395	5.58547	6.69966
	1	5.85517	2.90546	3.10533	3.40068	-1.72986	4.74728	5.53748	6.65046
	1	5.94305	2.90546	3.04662	3.3128	-1.64198	4.74057	5.48953	6.60271
	1	6.03093	2.90546	2.98792	3.22492	-1.5541	4.73384	5.44137	6.55417
	1	6.1188	2.90546	2.92922	3.13704	-1.46622	4.72708	5.39352	6.5061
	1	6.20668	2.90546	2.87051	3.04916	-1.37834	4.7203	5.3457	6.45911
	1	6.29456	2.90546	2.81181	2.96128	-1.29047	4.7135	5.29784	6.41176
	1	6.38244	2.90546	2.75311	2.8734	-1.20259	4.70668	5.25043	6.36649
	1	6.47032	2.90546	2.6944	2.78552	-1.11471	4.69985	5.20335	6.32171
	1	6.5582	2.90546	2.6357	2.69765	-1.02683	4.69301	5.15674	6.2799
	1	6.64608	2.90546	2.577	2.60977	-0.93895	4.68616	5.1102	6.23974
	1	6.73396	2.90546	2.5183	2.52189	-0.851071	4.67929	5.06455	6.20127
	1	6.82183	2.90546	2.45959	2.43401	-0.763193	4.67243	5.01927	6.16489
	1	6.90971	2.90546	2.40089	2.34613	-0.675314	4.66556	4.97412	6.12507
	1	6.99759	2.90546	2.34219	2.25825	-0.587435	4.65868	4.9291	6.08093
	1	7.08547	2.90546	2.28348	2.17037	-0.499556	4.65181	4.88382	6.02908
	1	7.17335	2.90546	2.22478	2.08249	-0.411677	4.64494	4.83782	5.9618
	1	7.26123	2.90546	2.16608	1.99462	-0.323799	4.63807	4.7919	5.90034
	1	7.34911	2.90546	2.10737	1.90674	-0.23592	4.6312	4.7458	5.84744
	1	7.43699	2.90546	2.04867	1.81886	-0.148041	4.62434	4.69918	5.7933
	1	7.52486	2.90546	1.98997	1.73098	-0.0601622	4.61749	4.65113	5.70597
	1	7.61274	2.90546	1.93127	1.6431	0.0277166	4.61065	4.6025	5.6339
	1	7.70062	2.90546	1.87256	1.55522	0.115595	4.60382	4.55427	5.56479
	1	7.7885	2.90546	1.81386	1.46734	0.203474	4.597	4.50575	5.47837
	1	7.87638	2.90546	1.75516	1.37946	0.291353	4.59019	4.4575	5.35495
	1	7.96426	2.90546	1.69645	1.29158	0.379232	4.58339	4.40874	5.26087
	1	8.05214	2.90546	1.63775	1.20371	0.467111	4.57661	4.36078	5.23115
	1	8.14002	2.90546	1.57905	1.11583	0.554989	4.56984	4.31349	5.2022
	1	8.22789	2.90546	1.52034	1.02795	0.642868	4.56309	4.26892	5.16285
	1	8.31577	2.90546	1.46164	0.94007	0.730747	4.55636	4.22551	5.1111
	1	8.40365	2.90546	1.40294	0.852191	0.818626	4.54965	4.18414	5.11652
	1	8.49153	2.90546	1.34423	0.764312	0.906504	4.54295	4.144	5.13013
	1	8.57941	2.90546	1.28553	0.676433	0.994383	4.53627	4.10468	5.13402
	1	8.66729	2.90546	1.22683	0.588554	1.08226	4.52962	4.06875	5.11211
	1	8.75517	2.90546	1.16813	0.500676	1.17014	4.52298	4.03451	5.07145
	5	0.0551675	4.32177	7.96546	10.4508	-7.52986	inf	82.0717	12.8373
	5	0.143046	4.32177	7.90676	10.3629	-7.44198	inf	69.6644	12.5897
	5	0.230925	4.32177	7.84806	10.275	-7.3541	inf	60.3358	12.356
	5	0.318804	4.32177	7.78935	10.1871	-7.26622	inf	52.2913	12.1408
	5	0.406683	4.32177	7.73065	10.0993	-7.17834	inf	45.4343	11.9325
	5	0.494561	4.32177	7.67195	10.0114	-7.09047	inf	40.2809	11.7506
	5	0.58244	4.32177	7.61324	9.9235	-7.00259	inf	35.7332	11.583
	5	0.670319	4.32177	7.55454	9.83562	-6.91471	inf	31.9572	11.4248
	5	0.758198	4.32177	7.49584	9.74774	-6.82683	inf	26.7746	11.281
	5	0.846077	4.32177	7.43713	9.65986	-6.73895	inf	22.47	11.1484
	5	0.933955	4.32177	7.37843	9.57198	-6.65107	inf	20.3183	11.0256
	5	1.02183	4.32177	7.31973	9.4841	-6.56319	6.2164	18.5741	10.9154
	5	1.10971	4.32177	7.26103	9.39623	-6.47531	5.92585	17.0923	10.8152
	5	1.19759	4.32177	7.20232	9.30835	-6.38743	5.84068	15.9342	10.7181
	5	1.28547	4.32177	7.14362	9.22047	-6.29956	5.80618	14.9792	10.6262
	5	1.37335	4.32177	7.08492	9.13259	-6.21168	5.78975	14.1706	10.5445
	5	1.46123	4.32177	7.02621	9.04471	-6.1238	5.78104	13.4809	10.461
	5	1.54911	4.32177	6.96751	8.95683	-6.03592	5.77597	12.8685	10.3867
	5	1.63699	4.32177	6.90881	8.86895	-5.94804	5.77272	12.3073	10.3153
	5	1.72486	4.32177	6.8501	8.78107	-5.86016	5.77039	11.8155	10.2465
	5	1.81274	4.32177	6.7914	8.6932	-5.77228	5.7685	11.3764	10.1786
	5	1.90062	4.32177	6.7327	8.60532	-5.6844	5.76679	10.9808	10.1164
	5	1.9885	4.32177	6.674	8.51744	-5.59653	5.76511	10.6488	10.0544
	5	2.07638	4.32177	6.61529	8.42956	-5.50865	5.76338	10.3525	9.99704
	5	2.16426	4.32177	6.55659	8.34168	-5.42077	5.76153	10.0945	9.93883
	5	2.25214	4.32177	6.49789	8.2538	-5.33289	5.75954	9.86906	9.88467
	5	2.34002	4.32177	6.43918	8.16592	-5.24501	5.75739	9.66781	9.82964
	5	2.42789	4.32177	6.38048	8.07804	-5.15713	5.75506	9.48924	9.7765
	5	2.51577	4.32177	6.32178	7.99017	-5.06925	5.75257	9.32874	9.72641
	5	2.60365	4.32177	6.26307	7.90229	-4.98137	5.74989	9.18421	9.67655
	5	2.69153	4.32177	6.20437	7.81441	-4.8935	5.74703	9.05286	9.62698
	5	2.77941	4.32177	6.14567	7.72653	-4.80562	5.74399	8.93295	9.58054
	5	2.86729	4.32177	6.08696	7.63865	-4.71774	5.74077	8.82225	9.53221
	5	2.95517	4.32177	6.02826	7.55077	-4.62986	5.73738	8.72079	9.48591
	5	3.04305	4.32177	5.96956	7.46289	-4.54198	5.73382	8.62628	9.44077
	5	3.13093	4.32177	5.91086	7.37501	-4.4541	5.73009	8.53788	9.39629
	5	3.2188	4.32177	5.85215	7.28714	-4.36622	5.7262	8.45495	9.35057
	5	3.30668	4.32177	5.79345	7.19926	-4.27834	5.72215	8.37655	9.30535
	5	3.39456	4.32177	5.73475	7.11138	-4.19047	5.71794	8.30221	9.26232
	5	3.48244	4.32177	5.67604	7.0235	-4.10259	5.71359	8.23122	9.21783
	5	3.57032	4.32177	5.61734	6.93562	-4.01471	5.70908	8.16358	9.17363
	5	3.6582	4.32177	5.55864	6.84774	-3.92683	5.70444	8.09835	9.13122
	5	3.74608	4.32177	5.49993	6.75986	-3.83895	5.69966	8.03527	9.08935
	5	3.83396	4.32177	5.44123	6.67198	-3.75107	5.69475	7.97501	9.04595
	5	3.92183	4.32177	5.38253	6.5841	-3.66319	5.68972	7.91563	9.00379
	5	4.00971	4.32177	5.32383	6.49623	-3.57531	5.68456	7.85884	8.9607
	5	4.09759	4.32177	5.26512	6.40835	-3.48743	5.67928	7.80305	8.91768
	5	4.18547	4.32177	5.20642	6.32047	-3.39956	5.6739	7.74869	8.87706
	5	4.27335	4.32177	5.14772	6.23259	-3.31168	5.6684	7.69526	8.83443
	5	4.36123	4.32177	5.08901	6.14471	-3.2238	5.66281	7.64337	8.79196
	5	4.44911	4.32177	5.03031	6.05683	-3.13592	5.65712	7.59211	8.74972
	5	4.53699	4.32177	4.97161	5.96895	-3.04804	5.65133	7.54199	8.70858
	5	4.62486	4.32177	4.9129	5.88107	-2.96016	5.64546	7.49257	8.66675
	5	4.71274	4.32177	4.8542	5.7932	-2.87228	5.6395	7.44412	8.62631
	5	4.80062	4.32177	4.7955	5.70532	-2.7844	5.63347	7.39579	8.585
	5	4.8885	4.32177	4.7368	5.61744	-2.69653	5.62735	7.34865	8.54537
	5	4.97638	4.32177	4.67809	5.52956	-2.60865	5.62117	7.30183	8.50474
	5	5.06426	4.32177	4.61939	5.44168	-2.52077	5.61493	7.25579	8.46449
	5	5.15214	4.32177	4.56069	5.3538	-2.43289	5.60862	7.21018	8.42451
	5	5.24002	4.32177	4.50198	5.26592	-2.34501	5.60225	7.16472	8.386
	5	5.32789	4.32177	4.44328	5.17804	-2.25713	5.59583	7.11993	8.34644
	5	5.41577	4.32177	4.38458	5.09017	-2.16925	5.58935	7.07557	8.307
	5	5.50365	4.32177	4.32587	5.00229	-2.08137	5.58283	7.03133	8.26806
	5	5.59153	4.32177	4.26717	4.91441	-1.9935	5.57627	6.98753	8.22915
	5	5.67941	4.32177	4.20847	4.82653	-1.90562	5.56967	6.944	8.19168
	5	5.76729	4.32177	4.14976	4.73865	-1.81774	5.56303	6.9004	8.15313
	5	5.85517	4.32177	4.09106	4.65077	-1.72986	5.55635	6.85732	8.1146
	5	5.94305	4.32177	4.03236	4.56289	-1.64198	5.54965	6.8144	8.07746
	5	6.03093	4.32177	3.97366	4.47501	-1.5541	5.54291	6.77143	8.03991
	5	6.1188	4.32177	3.91495	4.38714	-1.46622	5.53615	6.72886	8.00294
	5	6.20668	4.32177	3.85625	4.29926	-1.37834	5.52937	6.68649	7.967
	5	6.29456	4.32177	3.79755	4.21138	-1.29047	5.52257	6.64412	7.93103
	5	6.38244	4.32177	3.73884	4.1235	-1.20259	5.51576	6.6022	7.89631
	5	6.47032	4.32177	3.68014	4.03562	-1.11471	5.50893	6.5605	7.86206
	5	6.5582	4.32177	3.62144	3.94774	-1.02683	5.50208	6.5192	7.8295
	5	6.64608	4.32177	3.56273	3.85986	-0.93895	5.49523	6.47793	7.79792
	5	6.73396	4.32177	3.50403	3.77198	-0.851071	5.48837	6.43747	7.76732
	5	6.82183	4.32177	3.44533	3.6841	-0.763193	5.4815	6.39731	7.73833
	5	6.90971	4.32177	3.38663	3.59623	-0.675314	5.47463	6.35731	7.707
	5	6.99759	4.32177	3.32792	3.50835	-0.587435	5.46776	6.31775	7.67266
	5	7.08547	4.32177	3.26922	3.42047	-0.499556	5.46088	6.27822	7.63427
	5	7.17335	4.32177	3.21052	3.33259	-0.411677	5.45401	6.23868	7.58465
	5	7.26123	4.32177	3.15181	3.24471	-0.323799	5.44714	6.19968	7.53886
	5	7.34911	4.32177	3.09311	3.15683	-0.23592	5.44028	6.16088	7.49733
	5	7.43699	4.32177	3.03441	3.06895	-0.148041	5.43342	6.12222	7.45759
	5	7.52486	4.32177	2.9757	2.98107	-0.0601622	5.42657	6.08324	7.39184
	5	7.61274	4.32177	2.917	2.8932	0.0277166	5.41972	6.04443	7.33664
	5	7.70062	4.32177	2.8583	2.80532	0.115595	5.41289	6.00623	7.27156
	5	7.7885	4.32177	2.7996	2.71744	0.203474	5.40607	5.96812	7.20114
	5	7.87638	4.32177	2.74089	2.62956	0.291353	5.39926	5.93046	7.0967
	5	7.96426	4.32177	2.68219	2.54168	0.379232	5.39247	5.89297	7.01908
	5	8.05214	4.32177	2.62349	2.4538	0.467111	5.38568	5.85614	6.98417
	5	8.14002	4.32177	2.56478	2.36592	0.554989	5.37892	5.81993	6.95803
	5	8.22789	4.32177	2.50608	2.27804	0.642868	5.37217	5.78517	6.92161
	5	8.31577	4.32177	2.44738	2.19017	0.730747	5.36544	5.75119	6.87478
	5	8.40365	4.32177	2.38867	2.10229	0.818626	5.35872	5.71836	6.85982
	5	8.49153	4.32177	2.32997	2.01441	0.906504	5.35203	5.68633	6.83819
	5	8.57941	4.32177	2.27127	1.92653	0.994383	5.34535	5.65478	6.81678
	5	8.66729	4.32177	2.21256	1.83865	1.08226	5.33869	5.62509	6.77235
	5	8.75517	4.32177	2.15386	1.75077	1.17014	5.33206	5.59616	6.73321
	15	0.0551675	5.14265	8.50541	11.533	-7.52986	inf	83.3368	13.9943
	15	0.143046	5.14265	8.44671	11.4451	-7.44198	inf	70.9295	13.7431
	15	0.230925	5.14265	8.38801	11.3572	-7.3541	inf	61.6009	13.506
	15	0.318804	5.14265	8.32931	11.2694	-7.26622	inf	53.5564	13.2876
	15	0.406683	5.14265	8.2706	11.1815	-7.17834	inf	46.6994	13.0765
	15	0.494561	5.14265	8.2119	11.0936	-7.09047	inf	41.546	12.8923
	15	0.58244	5.14265	8.1532	11.0057	-7.00259	inf	36.9983	12.7228
	15	0.670319	5.14265	8.09449	10.9178	-6.91471	inf	33.2223	12.5629
	15	0.758198	5.14265	8.03579	10.83	-6.82683	inf	28.0397	12.4177
	15	0.846077	5.14265	7.97709	10.7421	-6.73895	inf	23.7352	12.284
	15	0.933955	5.14265	7.91838	10.6542	-6.65107	inf	21.5834	12.1604
	15	1.02183	5.14265	7.85968	10.5663	-6.56319	6.88834	19.8392	12.0496
	15	1.10971	5.14265	7.80098	10.4785	-6.47531	6.59778	18.3574	11.9489
	15	1.19759	5.14265	7.74227	10.3906	-6.38743	6.51262	17.199	11.8513
	15	1.28547	5.14265	7.68357	10.3027	-6.29956	6.47811	16.2426	11.7593
	15	1.37335	5.14265	7.62487	10.2148	-6.21168	6.46168	15.4311	11.6775
	15	1.46123	5.14265	7.56617	10.1269	-6.1238	6.45297	14.7344	11.5939
	15	1.54911	5.14265	7.50746	10.0391	-6.03592	6.44791	14.1105	11.5197
	15	1.63699	5.14265	7.44876	9.95118	-5.94804	6.44466	13.534	11.4484
	15	1.72486	5.14265	7.39006	9.8633	-5.86016	6.44233	13.0246	11.3799
	15	1.81274	5.14265	7.33135	9.77543	-5.77228	6.44044	12.5685	11.3123
	15	1.90062	5.14265	7.27265	9.68755	-5.6844	6.43873	12.1581	11.2505
	15	1.9885	5.14265	7.21395	9.59967	-5.59653	6.43705	11.8153	11.189
	15	2.07638	5.14265	7.15524	9.51179	-5.50865	6.43531	11.5103	11.1321
	15	2.16426	5.14265	7.09654	9.42391	-5.42077	6.43346	11.2457	11.0744
	15	2.25214	5.14265	7.03784	9.33603	-5.33289	6.43147	11.0157	11.0209
	15	2.34002	5.14265	6.97914	9.24815	-5.24501	6.42932	10.8108	10.9665
	15	2.42789	5.14265	6.92043	9.16027	-5.15713	6.427	10.6295	10.9141
	15	2.51577	5.14265	6.86173	9.0724	-5.06925	6.4245	10.4668	10.8648
	15	2.60365	5.14265	6.80303	8.98452	-4.98137	6.42182	10.3206	10.8157
	15	2.69153	5.14265	6.74432	8.89664	-4.8935	6.41896	10.1881	10.767
	15	2.77941	5.14265	6.68562	8.80876	-4.80562	6.41592	10.0673	10.7214
	15	2.86729	5.14265	6.62692	8.72088	-4.71774	6.41271	9.95588	10.674
	15	2.95517	5.14265	6.56821	8.633	-4.62986	6.40932	9.85396	10.6287
	15	3.04305	5.14265	6.50951	8.54512	-4.54198	6.40576	9.75915	10.5845
	15	3.13093	5.14265	6.45081	8.45724	-4.4541	6.40203	9.67061	10.541
	15	3.2188	5.14265	6.39211	8.36936	-4.36622	6.39813	9.58766	10.4963
	15	3.30668	5.14265	6.3334	8.28149	-4.27834	6.39408	9.50932	10.4522
	15	3.39456	5.14265	6.2747	8.19361	-4.19047	6.38988	9.43514	10.4102
	15	3.48244	5.14265	6.216	8.10573	-4.10259	6.38552	9.36438	10.3669
	15	3.57032	5.14265	6.15729	8.01785	-4.01471	6.38102	9.29705	10.3238
	15	3.6582	5.14265	6.09859	7.92997	-3.92683	6.37638	9.23219	10.2826
	15	3.74608	5.14265	6.03989	7.84209	-3.83895	6.3716	9.16952	10.2419
	15	3.83396	5.14265	5.98118	7.75421	-3.75107	6.36669	9.10975	10.1998
	15	3.92183	5.14265	5.92248	7.66633	-3.66319	6.36165	9.05087	10.1589
	15	4.00971	5.14265	5.86378	7.57846	-3.57531	6.35649	8.99467	10.1171
	15	4.09759	5.14265	5.80507	7.49058	-3.48743	6.35122	8.93949	10.0755
	15	4.18547	5.14265	5.74637	7.4027	-3.39956	6.34583	8.88579	10.0362
	15	4.27335	5.14265	5.68767	7.31482	-3.31168	6.34034	8.83306	9.99501
	15	4.36123	5.14265	5.62897	7.22694	-3.2238	6.33474	8.7819	9.95398
	15	4.44911	5.14265	5.57026	7.13906	-3.13592	6.32905	8.73141	9.9132
	15	4.53699	5.14265	5.51156	7.05118	-3.04804	6.32326	8.68208	9.87353
	15	4.62486	5.14265	5.45286	6.9633	-2.96016	6.31739	8.63348	9.8332
	15	4.71274	5.14265	5.39415	6.87543	-2.87228	6.31143	8.58588	9.79426
	15	4.80062	5.14265	5.33545	6.78755	-2.7844	6.3054	8.53844	9.7545
	15	4.8885	5.14265	5.27675	6.69967	-2.69653	6.29929	8.49222	9.71637
	15	4.97638	5.14265	5.21804	6.61179	-2.60865	6.29311	8.44632	9.6773
	15	5.06426	5.14265	5.15934	6.52391	-2.52077	6.28686	8.40123	9.63864
	15	5.15214	5.14265	5.10064	6.43603	-2.43289	6.28055	8.35661	9.60028
	15	5.24002	5.14265	5.04194	6.34815	-2.34501	6.27418	8.31216	9.56339
	15	5.32789	5.14265	4.98323	6.26027	-2.25713	6.26776	8.26841	9.52556
	15	5.41577	5.14265	4.92453	6.1724	-2.16925	6.26129	8.22511	9.48793
	15	5.50365	5.14265	4.86583	6.08452	-2.08137	6.25477	8.18196	9.45082
	15	5.59153	5.14265	4.80712	5.99664	-1.9935	6.2482	8.1393	9.41378
	15	5.67941	5.14265	4.74842	5.90876	-1.90562	6.2416	8.09692	9.37825
	15	5.76729	5.14265	4.68972	5.82088	-1.81774	6.23496	8.05451	9.34173
	15	5.85517	5.14265	4.63101	5.733	-1.72986	6.22828	8.01265	9.30533
	15	5.94305	5.14265	4.57231	5.64512	-1.64198	6.22158	7.97099	9.27026
	15	6.03093	5.14265	4.51361	5.55724	-1.5541	6.21485	7.92931	9.23487
	15	6.1188	5.14265	4.45491	5.46936	-1.46622	6.20809	7.88806	9.20005
	15	6.20668	5.14265	4.3962	5.38149	-1.37834	6.20131	7.84701	9.16622
	15	6.29456	5.14265	4.3375	5.29361	-1.29047	6.19451	7.806	9.13239
	15	6.38244	5.14265	4.2788	5.20573	-1.20259	6.18769	7.76547	9.09973
	15	6.47032	5.14265	4.22009	5.11785	-1.11471	6.18086	7.72516	9.06756
	15	6.5582	5.14265	4.16139	5.02997	-1.02683	6.17402	7.68526	9.03689
	15	6.64608	5.14265	4.10269	4.94209	-0.93895	6.16716	7.6454	9.00717
	15	6.73396	5.14265	4.04398	4.85421	-0.851071	6.1603	7.60634	8.97841
	15	6.82183	5.14265	3.98528	4.76633	-0.763193	6.15343	7.56761	8.95123
	15	6.90971	5.14265	3.92658	4.67846	-0.675314	6.14656	7.52905	8.92197
	15	6.99759	5.14265	3.86787	4.59058	-0.587435	6.13969	7.49096	8.89004
	15	7.08547	5.14265	3.80917	4.5027	-0.499556	6.13282	7.45296	8.85462
	15	7.17335	5.14265	3.75047	4.41482	-0.411677	6.12594	7.41504	8.80879
	15	7.26123	5.14265	3.69177	4.32694	-0.323799	6.11907	7.37767	8.7666
	15	7.34911	5.14265	3.63306	4.23906	-0.23592	6.11221	7.34057	8.72807
	15	7.43699	5.14265	3.57436	4.15118	-0.148041	6.10535	7.30369	8.69124
	15	7.52486	5.14265	3.51566	4.0633	-0.0601622	6.0985	7.26659	8.62978
	15	7.61274	5.14265	3.45695	3.97543	0.0277166	6.09166	7.22976	8.57825
	15	7.70062	5.14265	3.39825	3.88755	0.115595	6.08482	7.19351	8.5165
	15	7.7885	5.14265	3.33955	3.79967	0.203474	6.078	7.1574	8.44951
	15	7.87638	5.14265	3.28084	3.71179	0.291353	6.07119	7.12175	8.34854
	15	7.96426	5.14265	3.22214	3.62391	0.379232	6.0644	7.08633	8.27337
	15	8.05214	5.14265	3.16344	3.53603	0.467111	6.05762	7.05153	8.23978
	15	8.14002	5.14265	3.10474	3.44815	0.554989	6.05085	7.01736	8.21498
	15	8.22789	5.14265	3.04603	3.36027	0.642868	6.0441	6.98444	8.18173
	15	8.31577	5.14265	2.98733	3.2724	0.730747	6.03737	6.95227	8.13937
	15	8.40365	5.14265	2.92863	3.18452	0.818626	6.03065	6.92116	8.12821
	15	8.49153	5.14265	2.86992	3.09664	0.906504	6.02396	6.89077	8.10577
	15	8.57941	5.14265	2.81122	3.00876	0.994383	6.01728	6.86082	8.08322
	15	8.66729	5.14265	2.75252	2.92088	1.08226	6.01063	6.83261	8.04508
	15	8.75517	5.14265	2.69381	2.833	1.17014	6.00399	6.80514	8.01008
	50	0.0551675	5.96344	9.0579	12.771	-7.52986	inf	84.711	15.1669
	50	0.143046	5.96344	8.9992	12.6831	-7.44198	inf	72.3037	14.927
	50	0.230925	5.96344	8.9405	12.5953	-7.3541	inf	62.9751	14.702
	50	0.318804	5.96344	8.88179	12.5074	-7.26622	inf	54.9306	14.4954
	50	0.406683	5.96344	8.82309	12.4195	-7.17834	inf	48.0736	14.2966
	50	0.494561	5.96344	8.76439	12.3316	-7.09047	inf	42.9202	14.1228
	50	0.58244	5.96344	8.70568	12.2438	-7.00259	inf	38.3725	13.9623
	50	0.670319	5.96344	8.64698	12.1559	-6.91471	inf	34.5965	13.8113
	50	0.758198	5.96344	8.58828	12.068	-6.82683	inf	29.4139	13.6743
	50	0.846077	5.96344	8.52957	11.9801	-6.73895	inf	25.1094	13.5478
	50	0.933955	5.96344	8.47087	11.8922	-6.65107	inf	22.9576	13.4302
	50	1.02183	5.96344	8.41217	11.8044	-6.56319	7.65806	21.2099	13.3246
	50	1.10971	5.96344	8.35347	11.7165	-6.47531	7.36751	19.7176	13.2286
	50	1.19759	5.96344	8.29476	11.6286	-6.38743	7.28234	18.5312	13.1354
	50	1.28547	5.96344	8.23606	11.5407	-6.29956	7.24784	17.5199	13.0473
	50	1.37335	5.96344	8.17736	11.4528	-6.21168	7.23141	16.6312	12.9686
	50	1.46123	5.96344	8.11865	11.365	-6.1238	7.2227	15.8535	12.8883
	50	1.54911	5.96344	8.05995	11.2771	-6.03592	7.21763	15.1738	12.8169
	50	1.63699	5.96344	8.00125	11.1892	-5.94804	7.21438	14.5803	12.7481
	50	1.72486	5.96344	7.94254	11.1013	-5.86016	7.21205	14.085	12.682
	50	1.81274	5.96344	7.88384	11.0134	-5.77228	7.21016	13.6528	12.6166
	50	1.90062	5.96344	7.82514	10.9256	-5.6844	7.20845	13.2672	12.5567
	50	1.9885	5.96344	7.76643	10.8377	-5.59653	7.20677	12.9525	12.497
	50	2.07638	5.96344	7.70773	10.7498	-5.50865	7.20503	12.6741	12.4418
	50	2.16426	5.96344	7.64903	10.6619	-5.42077	7.20319	12.4328	12.3858
	50	2.25214	5.96344	7.59033	10.5741	-5.33289	7.2012	12.2208	12.3337
	50	2.34002	5.96344	7.53162	10.4862	-5.24501	7.19905	12.0321	12.2807
	50	2.42789	5.96344	7.47292	10.3983	-5.15713	7.19672	11.8642	12.2296
	50	2.51577	5.96344	7.41422	10.3104	-5.06925	7.19423	11.7131	12.1814
	50	2.60365	5.96344	7.35551	10.2225	-4.98137	7.19155	11.5768	12.1334
	50	2.69153	5.96344	7.29681	10.1347	-4.8935	7.18869	11.4522	12.0857
	50	2.77941	5.96344	7.23811	10.0468	-4.80562	7.18565	11.3382	12.0411
	50	2.86729	5.96344	7.1794	9.9589	-4.71774	7.18243	11.2326	11.9946
	50	2.95517	5.96344	7.1207	9.87102	-4.62986	7.17904	11.1357	11.9501
	50	3.04305	5.96344	7.062	9.78314	-4.54198	7.17548	11.0452	11.9067
	50	3.13093	5.96344	7.0033	9.69527	-4.4541	7.17175	10.9602	11.864
	50	3.2188	5.96344	6.94459	9.60739	-4.36622	7.16786	10.8805	11.8202
	50	3.30668	5.96344	6.88589	9.51951	-4.27834	7.16381	10.805	11.7769
	50	3.39456	5.96344	6.82719	9.43163	-4.19047	7.1596	10.7334	11.7357
	50	3.48244	5.96344	6.76848	9.34375	-4.10259	7.15525	10.665	11.6932
	50	3.57032	5.96344	6.70978	9.25587	-4.01471	7.15074	10.5998	11.651
	50	3.6582	5.96344	6.65108	9.16799	-3.92683	7.1461	10.5368	11.6105
	50	3.74608	5.96344	6.59237	9.08011	-3.83895	7.14132	10.476	11.5707
	50	3.83396	5.96344	6.53367	8.99224	-3.75107	7.13641	10.4178	11.5295
	50	3.92183	5.96344	6.47497	8.90436	-3.66319	7.13138	10.3606	11.4895
	50	4.00971	5.96344	6.41627	8.81648	-3.57531	7.12622	10.3058	11.4487
	50	4.09759	5.96344	6.35756	8.7286	-3.48743	7.12094	10.2519	11.4081
	50	4.18547	5.96344	6.29886	8.64072	-3.39956	7.11556	10.1994	11.3698
	50	4.27335	5.96344	6.24016	8.55284	-3.31168	7.11006	10.1478	11.3297
	50	4.36123	5.96344	6.18145	8.46496	-3.2238	7.10447	10.0977	11.2898
	50	4.44911	5.96344	6.12275	8.37708	-3.13592	7.09878	10.0482	11.2501
	50	4.53699	5.96344	6.06405	8.2892	-3.04804	7.09299	9.99984	11.2115
	50	4.62486	5.96344	6.00534	8.20133	-2.96016	7.08712	9.95212	11.1723
	50	4.71274	5.96344	5.94664	8.11345	-2.87228	7.08116	9.90537	11.1345
	50	4.80062	5.96344	5.88794	8.02557	-2.7844	7.07512	9.85874	11.0959
	50	4.8885	5.96344	5.82923	7.93769	-2.69653	7.06901	9.81333	11.0589
	50	4.97638	5.96344	5.77053	7.84981	-2.60865	7.06283	9.76824	11.021
	50	5.06426	5.96344	5.71183	7.76193	-2.52077	7.05659	9.72395	10.9834
	50	5.15214	5.96344	5.65313	7.67405	-2.43289	7.05028	9.6801	10.9462
	50	5.24002	5.96344	5.59442	7.58617	-2.34501	7.04391	9.63642	10.9104
	50	5.32789	5.96344	5.53572	7.4983	-2.25713	7.03749	9.59347	10.8738
	50	5.41577	5.96344	5.47702	7.41042	-2.16925	7.03101	9.55098	10.8373
	50	5.50365	5.96344	5.41831	7.32254	-2.08137	7.02449	9.50867	10.8014
	50	5.59153	5.96344	5.35961	7.23466	-1.9935	7.01793	9.46686	10.7655
	50	5.67941	5.96344	5.30091	7.14678	-1.90562	7.01133	9.42536	10.7311
	50	5.76729	5.96344	5.2422	7.0589	-1.81774	7.00469	9.38388	10.6957
	50	5.85517	5.96344	5.1835	6.97102	-1.72986	6.99801	9.34296	10.6605
	50	5.94305	5.96344	5.1248	6.88314	-1.64198	6.99131	9.30228	10.6265
	50	6.03093	5.96344	5.0661	6.79527	-1.5541	6.98457	9.26161	10.5922
	50	6.1188	5.96344	5.00739	6.70739	-1.46622	6.97781	9.22142	10.5584
	50	6.20668	5.96344	4.94869	6.61951	-1.37834	6.97103	9.18144	10.5255
	50	6.29456	5.96344	4.88999	6.53163	-1.29047	6.96423	9.14148	10.4926
	50	6.38244	5.96344	4.83128	6.44375	-1.20259	6.95742	9.10199	10.4608
	50	6.47032	5.96344	4.77258	6.35587	-1.11471	6.95059	9.06274	10.4294
	50	6.5582	5.96344	4.71388	6.26799	-1.02683	6.94374	9.02391	10.3994
	50	6.64608	5.96344	4.65517	6.18011	-0.93895	6.93689	8.98509	10.3703
	50	6.73396	5.96344	4.59647	6.09224	-0.851071	6.93003	8.94706	10.342
	50	6.82183	5.96344	4.53777	6.00436	-0.763193	6.92316	8.90935	10.3153
	50	6.90971	5.96344	4.47907	5.91648	-0.675314	6.91629	8.87185	10.2864
	50	6.99759	5.96344	4.42036	5.8286	-0.587435	6.90942	8.83484	10.2549
	50	7.08547	5.96344	4.36166	5.74072	-0.499556	6.90254	8.79793	10.22
	50	7.17335	5.96344	4.30296	5.65284	-0.411677	6.89567	8.76109	10.1749
	50	7.26123	5.96344	4.24425	5.56496	-0.323799	6.8888	8.72481	10.1332
	50	7.34911	5.96344	4.18555	5.47708	-0.23592	6.88194	8.68879	10.0951
	50	7.43699	5.96344	4.12685	5.3892	-0.148041	6.87508	8.65298	10.0589
	50	7.52486	5.96344	4.06814	5.30133	-0.0601622	6.86823	8.61701	9.9982
	50	7.61274	5.96344	4.00944	5.21345	0.0277166	6.86138	8.58131	9.9471
	50	7.70062	5.96344	3.95074	5.12557	0.115595	6.85455	8.54614	9.88562
	50	7.7885	5.96344	3.89203	5.03769	0.203474	6.84773	8.51109	9.81917
	50	7.87638	5.96344	3.83333	4.94981	0.291353	6.84092	8.47649	9.71886
	50	7.96426	5.96344	3.77463	4.86193	0.379232	6.83412	8.44206	9.6438
	50	8.05214	5.96344	3.71593	4.77405	0.467111	6.82734	8.4082	9.6095
	50	8.14002	5.96344	3.65722	4.68617	0.554989	6.82058	8.37493	9.5838
	50	8.22789	5.96344	3.59852	4.5983	0.642868	6.81383	8.34278	9.54933
	50	8.31577	5.96344	3.53982	4.51042	0.730747	6.8071	8.31133	9.50582
	50	8.40365	5.96344	3.48111	4.42254	0.818626	6.80038	8.28084	9.49552
	50	8.49153	5.96344	3.42241	4.33466	0.906504	6.79368	8.251	9.47087
	50	8.57941	5.96344	3.36371	4.24678	0.994383	6.78701	8.22154	9.44445
	50	8.66729	5.96344	3.305	4.1589	1.08226	6.78035	8.19371	9.40349
	50	8.75517	5.96344	3.2463	4.07102	1.17014	6.77372	8.16659	9.37469
	92	0.0551675	6.3727	9.34411	13.3404	-7.52986	inf	85.3564	16.0323
	92	0.143046	6.3727	9.28541	13.2525	-7.44198	inf	72.9491	15.7889
	92	0.230925	6.3727	9.2267	13.1646	-7.3541	inf	63.6205	15.5601
	92	0.318804	6.3727	9.168	13.0768	-7.26622	inf	55.576	15.3498
	92	0.406683	6.3727	9.1093	12.9889	-7.17834	inf	48.7189	15.1467
	92	0.494561	6.3727	9.05059	12.901	-7.09047	inf	43.5656	14.9692
	92	0.58244	6.3727	8.99189	12.8131	-7.00259	inf	39.0179	14.8054
	92	0.670319	6.3727	8.93319	12.7252	-6.91471	inf	35.2419	14.651
	92	0.758198	6.3727	8.87448	12.6374	-6.82683	inf	30.0593	14.5108
	92	0.846077	6.3727	8.81578	12.5495	-6.73895	inf	25.7547	14.3814
	92	0.933955	6.3727	8.75708	12.4616	-6.65107	inf	23.603	14.2613
	92	1.02183	6.3727	8.69837	12.3737	-6.56319	8.00872	21.8583	14.1534
	92	1.10971	6.3727	8.63967	12.2858	-6.47531	7.71817	20.3747	14.0553
	92	1.19759	6.3727	8.58097	12.198	-6.38743	7.633	19.2113	13.9601
	92	1.28547	6.3727	8.52227	12.1101	-6.29956	7.59849	18.2429	13.8701
	92	1.37335	6.3727	8.46356	12.0222	-6.21168	7.58206	17.4129	13.7899
	92	1.46123	6.3727	8.40486	11.9343	-6.1238	7.57335	16.6932	13.708
	92	1.54911	6.3727	8.34616	11.8465	-6.03592	7.56829	16.053	13.6351
	92	1.63699	6.3727	8.28745	11.7586	-5.94804	7.56504	15.4737	13.5649
	92	1.72486	6.3727	8.22875	11.6707	-5.86016	7.56271	14.9772	13.4975
	92	1.81274	6.3727	8.17005	11.5828	-5.77228	7.56082	14.54	13.4309
	92	1.90062	6.3727	8.11134	11.4949	-5.6844	7.55911	14.1501	13.3699
	92	1.9885	6.3727	8.05264	11.4071	-5.59653	7.55743	13.8286	13.3091
	92	2.07638	6.3727	7.99394	11.3192	-5.50865	7.55569	13.5429	13.2529
	92	2.16426	6.3727	7.93524	11.2313	-5.42077	7.55384	13.2945	13.1958
	92	2.25214	6.3727	7.87653	11.1434	-5.33289	7.55185	13.0766	13.1428
	92	2.34002	6.3727	7.81783	11.0555	-5.24501	7.5497	12.8821	13.0889
	92	2.42789	6.3727	7.75913	10.9677	-5.15713	7.54738	12.7093	13.0369
	92	2.51577	6.3727	7.70042	10.8798	-5.06925	7.54488	12.5539	12.9878
	92	2.60365	6.3727	7.64172	10.7919	-4.98137	7.5422	12.4138	12.939
	92	2.69153	6.3727	7.58302	10.704	-4.8935	7.53934	12.2859	12.8905
	92	2.77941	6.3727	7.52431	10.6161	-4.80562	7.53631	12.169	12.845
	92	2.86729	6.3727	7.46561	10.5283	-4.71774	7.53309	12.0609	12.7977
	92	2.95517	6.3727	7.40691	10.4404	-4.62986	7.5297	11.9617	12.7524
	92	3.04305	6.3727	7.34821	10.3525	-4.54198	7.52614	11.8691	12.7082
	92	3.13093	6.3727	7.2895	10.2646	-4.4541	7.52241	11.7824	12.6647
	92	3.2188	6.3727	7.2308	10.1768	-4.36622	7.51852	11.701	12.62
	92	3.30668	6.3727	7.1721	10.0889	-4.27834	7.51447	11.624	12.5758
	92	3.39456	6.3727	7.11339	10.001	-4.19047	7.51026	11.551	12.5337
	92	3.48244	6.3727	7.05469	9.91312	-4.10259	7.5059	11.4813	12.4903
	92	3.57032	6.3727	6.99599	9.82524	-4.01471	7.5014	11.4149	12.4471
	92	3.6582	6.3727	6.93728	9.73736	-3.92683	7.49676	11.3508	12.4057
	92	3.74608	6.3727	6.87858	9.64948	-3.83895	7.49198	11.289	12.3648
	92	3.83396	6.3727	6.81988	9.5616	-3.75107	7.48707	11.2298	12.3225
	92	3.92183	6.3727	6.76117	9.47372	-3.66319	7.48203	11.1716	12.2814
	92	4.00971	6.3727	6.70247	9.38584	-3.57531	7.47688	11.1159	12.2394
	92	4.09759	6.3727	6.64377	9.29797	-3.48743	7.4716	11.0612	12.1975
	92	4.18547	6.3727	6.58507	9.21009	-3.39956	7.46621	11.0078	12.158
	92	4.27335	6.3727	6.52636	9.12221	-3.31168	7.46072	10.9554	12.1165
	92	4.36123	6.3727	6.46766	9.03433	-3.2238	7.45513	10.9045	12.0752
	92	4.44911	6.3727	6.40896	8.94645	-3.13592	7.44943	10.8542	12.0341
	92	4.53699	6.3727	6.35025	8.85857	-3.04804	7.44365	10.8051	11.9941
	92	4.62486	6.3727	6.29155	8.77069	-2.96016	7.43778	10.7566	11.9534
	92	4.71274	6.3727	6.23285	8.68281	-2.87228	7.43182	10.7091	11.9141
	92	4.80062	6.3727	6.17414	8.59494	-2.7844	7.42578	10.6617	11.874
	92	4.8885	6.3727	6.11544	8.50706	-2.69653	7.41967	10.6155	11.8355
	92	4.97638	6.3727	6.05674	8.41918	-2.60865	7.41349	10.5696	11.796
	92	5.06426	6.3727	5.99804	8.3313	-2.52077	7.40724	10.5245	11.7569
	92	5.15214	6.3727	5.93933	8.24342	-2.43289	7.40093	10.4798	11.718
	92	5.24002	6.3727	5.88063	8.15554	-2.34501	7.39457	10.4353	11.6806
	92	5.32789	6.3727	5.82193	8.06766	-2.25713	7.38814	10.3914	11.6421
	92	5.41577	6.3727	5.76322	7.97978	-2.16925	7.38167	10.348	11.6037
	92	5.50365	6.3727	5.70452	7.8919	-2.08137	7.37515	10.3048	11.5657
	92	5.59153	6.3727	5.64582	7.80403	-1.9935	7.36859	10.262	11.5277
	92	5.67941	6.3727	5.58711	7.71615	-1.90562	7.36198	10.2194	11.4911
	92	5.76729	6.3727	5.52841	7.62827	-1.81774	7.35534	10.1768	11.4533
	92	5.85517	6.3727	5.46971	7.54039	-1.72986	7.34867	10.1348	11.4155
	92	5.94305	6.3727	5.41101	7.45251	-1.64198	7.34196	10.0929	11.379
	92	6.03093	6.3727	5.3523	7.36463	-1.5541	7.33523	10.051	11.3421
	92	6.1188	6.3727	5.2936	7.27675	-1.46622	7.32847	10.0095	11.3056
	92	6.20668	6.3727	5.2349	7.18887	-1.37834	7.32169	9.96825	11.2701
	92	6.29456	6.3727	5.17619	7.101	-1.29047	7.31489	9.92697	11.2345
	92	6.38244	6.3727	5.11749	7.01312	-1.20259	7.30808	9.88616	11.2001
	92	6.47032	6.3727	5.05879	6.92524	-1.11471	7.30124	9.84556	11.1662
	92	6.5582	6.3727	5.00008	6.83736	-1.02683	7.2944	9.80537	11.1339
	92	6.64608	6.3727	4.94138	6.74948	-0.93895	7.28755	9.7652	11.1025
	92	6.73396	6.3727	4.88268	6.6616	-0.851071	7.28069	9.7258	11.0721
	92	6.82183	6.3727	4.82397	6.57372	-0.763193	7.27382	9.68672	11.0434
	92	6.90971	6.3727	4.76527	6.48584	-0.675314	7.26695	9.64782	11.0122
	92	6.99759	6.3727	4.70657	6.39797	-0.587435	7.26007	9.60931	10.9778
	92	7.08547	6.3727	4.64787	6.31009	-0.499556	7.2532	9.57083	10.9392
	92	7.17335	6.3727	4.58916	6.22221	-0.411677	7.24633	9.53232	10.8889
	92	7.26123	6.3727	4.53046	6.13433	-0.323799	7.23946	9.49426	10.8428
	92	7.34911	6.3727	4.47176	6.04645	-0.23592	7.23259	9.45638	10.8013
	92	7.43699	6.3727	4.41305	5.95857	-0.148041	7.22573	9.41862	10.7615
	92	7.52486	6.3727	4.35435	5.87069	-0.0601622	7.21888	9.38045	10.695
	92	7.61274	6.3727	4.29565	5.78281	0.0277166	7.21204	9.34242	10.6395
	92	7.70062	6.3727	4.23694	5.69494	0.115595	7.20521	9.30494	10.5739
	92	7.7885	6.3727	4.17824	5.60706	0.203474	7.19839	9.26747	10.502
	92	7.87638	6.3727	4.11954	5.51918	0.291353	7.19158	9.23041	10.3956
	92	7.96426	6.3727	4.06084	5.4313	0.379232	7.18478	9.19342	10.3168
	92	8.05214	6.3727	4.00213	5.34342	0.467111	7.178	9.15706	10.2826
	92	8.14002	6.3727	3.94343	5.25554	0.554989	7.17124	9.12127	10.2577
	92	8.22789	6.3727	3.88473	5.16766	0.642868	7.16449	9.08686	10.2242
	92	8.31577	6.3727	3.82602	5.07978	0.730747	7.15775	9.05322	10.181
	92	8.40365	6.3727	3.76732	4.9919	0.818626	7.15104	9.02066	10.1704
	92	8.49153	6.3727	3.70862	4.90403	0.906504	7.14434	8.98886	10.1485
	92	8.57941	6.3727	3.64991	4.81615	0.994383	7.13767	8.9575	10.1261
	92	8.66729	6.3727	3.59121	4.72827	1.08226	7.13101	8.92802	10.0891
	92	8.75517	6.3727	3.53251	4.64039	1.17014	7.12437	8.89936	10.0554
