9	0	0.0751617	40.4909
9.09091	0	0.0751617	41.0386
9.18182	0	0.0751617	41.3423
9.27273	0	0.0751617	41.5746
9.36364	0	0.0751617	41.5146
9.45455	0	0.0751617	41.4547
9.54545	0	0.0751617	41.3948
9.63636	0	0.0751617	41.3349
9.72727	0	0.0751617	41.275
9.81818	0	0.0751617	41.2152
9.90909	0	0.0751617	41.1554
10	0	0.0751617	41.0956
10.0909	0	0.0751617	41.0359
10.1818	0	0.0751617	40.9762
10.2727	0	0.0751617	40.9165
10.3636	0	0.0751617	40.8569
10.4545	0	0.0751617	40.7973
10.5455	0	0.0751617	40.7377
10.6364	0	0.0751617	40.6782
10.7273	0	0.0751617	40.6187
10.8182	0	0.0751617	40.5592
10.9091	0	0.0751617	40.4997
11	0	0.0751617	40.4402
11.0909	0	0.0751617	40.3807
11.1818	0	0.0751617	40.3213
11.2727	0	0.0751617	40.2618
11.3636	0	0.0751617	40.2023
11.4545	0	0.0751617	40.1428
11.5455	0	0.0751617	40.0833
11.6364	0	0.0751617	40.0237
11.7273	0	0.0751617	39.964
11.8182	0	0.0751617	39.9042
11.9091	0	0.0751617	39.8442
12	0	0.0751617	39.7841
12.0909	0	0.0751617	39.7237
12.1818	0	0.0751617	39.6631
12.2727	0	0.0751617	39.6022
12.3636	0	0.0751617	39.5409
12.4545	0	0.0751617	39.4791
12.5455	0	0.0751617	39.4167
12.6364	0	0.0751617	39.3538
12.7273	0	0.0751617	39.2901
12.8182	0	0.0751617	39.2256
12.9091	0	0.0751617	39.1601
13	0	0.0751617	39.0938
13.0909	0	0.0751617	39.0264
13.1818	0	0.0751617	38.958
13.2727	0	0.0751617	38.8883
13.3636	0	0.0751617	38.8168
13.4545	0	0.0751617	38.7424
13.5455	0	0.0751617	38.6636
13.6364	0	0.0751617	38.5777
13.7273	0	0.0751617	38.4812
13.8182	0	0.0751617	38.3691
13.9091	0	0.0751617	38.2353
14	0	0.0751617	38.0724
14.0909	0	0.0751617	37.8724
14.1818	0	0.0751617	37.6262
14.2727	0	0.0751617	37.324
14.3636	0	0.0751617	36.9551
14.4545	0	0.0751617	36.4983
14.5455	0	0.0751617	35.9081
14.6364	0	0.0751617	35.0571
14.7273	0	0.0751617	33.7092
14.8182	0	0.0751617	31.4172
14.9091	0	0.0751617	27.6687
15	0	0.0751617	21.8504
15.0909	0	0.0751617	13.5178
15.1818	0	0.0751617	2.33303
15.2727	0	0.0751617	-11.8547
15.3636	0	0.0751617	-28.9662
15.4545	0	0.0751617	-36.3023
15.5455	0	0.0751617	-36.4135
15.6364	0	0.0751617	-36.5137
15.7273	0	0.0751617	-36.609
15.8182	0	0.0751617	-36.6987
15.9091	0	0.0751617	-36.7866
16	0	0.0751617	-36.8716
16.0909	0	0.0751617	-36.9571
16.1818	0	0.0751617	-37.0391
16.2727	0	0.0751617	-37.1231
16.3636	0	0.0751617	-37.2074
16.4545	0	0.0751617	-37.2924
16.5455	0	0.0751617	-37.3801
16.6364	0	0.0751617	-37.4662
16.7273	0	0.0751617	-37.5551
16.8182	0	0.0751617	-37.6412
16.9091	0	0.0751617	-37.7301
17	0	0.0751617	-37.8183
17.0909	0	0.0751617	-37.909
17.1818	0	0.0751617	-37.9992
17.2727	0	0.0751617	-38.0924
17.3636	0	0.0751617	-38.182
17.4545	0	0.0751617	-38.2766
17.5455	0	0.0751617	-38.3651
17.6364	0	0.0751617	-38.4629
17.7273	0	0.0751617	-38.5613
17.8182	0	0.0751617	-38.6766
17.9091	0	0.0751617	-38.7925
18	0	0.0751617	-36.935
9	1	0.140371	40.7283
9.09091	1	0.140371	41.276
9.18182	1	0.140371	41.5797
9.27273	1	0.140371	41.812
9.36364	1	0.140371	41.7515
9.45455	1	0.140371	41.691
9.54545	1	0.140371	41.6305
9.63636	1	0.140371	41.57
9.72727	1	0.140371	41.5095
9.81818	1	0.140371	41.4489
9.90909	1	0.140371	41.3884
10	1	0.140371	41.3279
10.0909	1	0.140371	41.2674
10.1818	1	0.140371	41.2068
10.2727	1	0.140371	41.1463
10.3636	1	0.140371	41.0858
10.4545	1	0.140371	41.0252
10.5455	1	0.140371	40.9647
10.6364	1	0.140371	40.9041
10.7273	1	0.140371	40.8435
10.8182	1	0.140371	40.7829
10.9091	1	0.140371	40.7223
11	1	0.140371	40.6616
11.0909	1	0.140371	40.6009
11.1818	1	0.140371	40.5401
11.2727	1	0.140371	40.4793
11.3636	1	0.140371	40.4184
11.4545	1	0.140371	40.3574
11.5455	1	0.140371	40.2962
11.6364	1	0.140371	40.2349
11.7273	1	0.140371	40.1733
11.8182	1	0.140371	40.1115
11.9091	1	0.140371	40.0494
12	1	0.140371	39.9869
12.0909	1	0.140371	39.924
12.1818	1	0.140371	39.8605
12.2727	1	0.140371	39.7963
12.3636	1	0.140371	39.7314
12.4545	1	0.140371	39.6656
12.5455	1	0.140371	39.5988
12.6364	1	0.140371	39.5309
12.7273	1	0.140371	39.4617
12.8182	1	0.140371	39.391
12.9091	1	0.140371	39.3186
13	1	0.140371	39.2444
13.0909	1	0.140371	39.1683
13.1818	1	0.140371	39.09
13.2727	1	0.140371	39.0089
13.3636	1	0.140371	38.9243
13.4545	1	0.140371	38.8346
13.5455	1	0.140371	38.7375
13.6364	1	0.140371	38.6298
13.7273	1	0.140371	38.5069
13.8182	1	0.140371	38.363
13.9091	1	0.140371	38.1909
14	1	0.140371	37.9822
14.0909	1	0.140371	37.7279
14.1818	1	0.140371	37.4176
14.2727	1	0.140371	37.0406
14.3636	1	0.140371	36.5845
14.4545	1	0.140371	36.0248
14.5455	1	0.140371	35.308
14.6364	1	0.140371	34.2826
14.7273	1	0.140371	32.6697
14.8182	1	0.140371	29.9425
14.9091	1	0.140371	25.5106
15	1	0.140371	18.6746
15.0909	1	0.140371	8.94376
15.1818	1	0.140371	-4.04733
15.2727	1	0.140371	-20.4462
15.3636	1	0.140371	-34.8976
15.4545	1	0.140371	-35.8845
15.5455	1	0.140371	-35.9928
15.6364	1	0.140371	-36.09
15.7273	1	0.140371	-36.1825
15.8182	1	0.140371	-36.2694
15.9091	1	0.140371	-36.3547
16	1	0.140371	-36.4374
16.0909	1	0.140371	-36.5207
16.1818	1	0.140371	-36.6009
16.2727	1	0.140371	-36.6834
16.3636	1	0.140371	-36.7665
16.4545	1	0.140371	-36.8505
16.5455	1	0.140371	-36.9372
16.6364	1	0.140371	-37.0223
16.7273	1	0.140371	-37.1103
16.8182	1	0.140371	-37.1953
16.9091	1	0.140371	-37.2833
17	1	0.140371	-37.3707
17.0909	1	0.140371	-37.4607
17.1818	1	0.140371	-37.5502
17.2727	1	0.140371	-37.6427
17.3636	1	0.140371	-37.7314
17.4545	1	0.140371	-37.825
17.5455	1	0.140371	-37.9118
17.6364	1	0.140371	-38.0071
17.7273	1	0.140371	-38.1006
17.8182	1	0.140371	-38.2091
17.9091	1	0.140371	-38.3212
18	1	0.140371	-36.5127
9	2	0.20558	40.9209
9.09091	2	0.20558	41.4686
9.18182	2	0.20558	41.7722
9.27273	2	0.20558	42.0045
9.36364	2	0.20558	41.9439
9.45455	2	0.20558	41.8834
9.54545	2	0.20558	41.8228
9.63636	2	0.20558	41.7623
9.72727	2	0.20558	41.7018
9.81818	2	0.20558	41.6412
9.90909	2	0.20558	41.5807
10	2	0.20558	41.5201
10.0909	2	0.20558	41.4596
10.1818	2	0.20558	41.399
10.2727	2	0.20558	41.3384
10.3636	2	0.20558	41.2778
10.4545	2	0.20558	41.2172
10.5455	2	0.20558	41.1566
10.6364	2	0.20558	41.096
10.7273	2	0.20558	41.0353
10.8182	2	0.20558	40.9745
10.9091	2	0.20558	40.9137
11	2	0.20558	40.8529
11.0909	2	0.20558	40.7919
11.1818	2	0.20558	40.7308
11.2727	2	0.20558	40.6695
11.3636	2	0.20558	40.608
11.4545	2	0.20558	40.5464
11.5455	2	0.20558	40.4844
11.6364	2	0.20558	40.4221
11.7273	2	0.20558	40.3593
11.8182	2	0.20558	40.2961
11.9091	2	0.20558	40.2324
12	2	0.20558	40.1679
12.0909	2	0.20558	40.1027
12.1818	2	0.20558	40.0366
12.2727	2	0.20558	39.9695
12.3636	2	0.20558	39.9012
12.4545	2	0.20558	39.8317
12.5455	2	0.20558	39.7607
12.6364	2	0.20558	39.6881
12.7273	2	0.20558	39.6136
12.8182	2	0.20558	39.5372
12.9091	2	0.20558	39.4584
13	2	0.20558	39.3773
13.0909	2	0.20558	39.2934
13.1818	2	0.20558	39.2064
13.2727	2	0.20558	39.1156
13.3636	2	0.20558	39.0198
13.4545	2	0.20558	38.9171
13.5455	2	0.20558	38.8047
13.6364	2	0.20558	38.6785
13.7273	2	0.20558	38.5332
13.8182	2	0.20558	38.3619
13.9091	2	0.20558	38.1568
14	2	0.20558	37.9084
14.0909	2	0.20558	37.6065
14.1818	2	0.20558	37.2399
14.2727	2	0.20558	36.7965
14.3636	2	0.20558	36.2625
14.4545	2	0.20558	35.611
14.5455	2	0.20558	34.784
14.6364	2	0.20558	33.6199
14.7273	2	0.20558	31.8225
14.8182	2	0.20558	28.8348
14.9091	2	0.20558	24.0325
15	2	0.20558	16.6759
15.0909	2	0.20558	6.24398
15.1818	2	0.20558	-7.66507
15.2727	2	0.20558	-25.2297
15.3636	2	0.20558	-35.4297
15.4545	2	0.20558	-35.5506
15.5455	2	0.20558	-35.6597
15.6364	2	0.20558	-35.7579
15.7273	2	0.20558	-35.8513
15.8182	2	0.20558	-35.939
15.9091	2	0.20558	-36.0251
16	2	0.20558	-36.1082
16.0909	2	0.20558	-36.1917
16.1818	2	0.20558	-36.272
16.2727	2	0.20558	-36.3541
16.3636	2	0.20558	-36.4368
16.4545	2	0.20558	-36.5201
16.5455	2	0.20558	-36.606
16.6364	2	0.20558	-36.6903
16.7273	2	0.20558	-36.7772
16.8182	2	0.20558	-36.8614
16.9091	2	0.20558	-36.9485
17	2	0.20558	-37.0352
17.0909	2	0.20558	-37.1244
17.1818	2	0.20558	-37.2133
17.2727	2	0.20558	-37.305
17.3636	2	0.20558	-37.393
17.4545	2	0.20558	-37.4857
17.5455	2	0.20558	-37.5717
17.6364	2	0.20558	-37.6656
17.7273	2	0.20558	-37.7571
17.8182	2	0.20558	-37.862
17.9091	2	0.20558	-37.9699
18	2	0.20558	-36.1838
9	3	0.27079	41.0973
9.09091	3	0.27079	41.6449
9.18182	3	0.27079	41.9484
9.27273	3	0.27079	42.1806
9.36364	3	0.27079	42.1201
9.45455	3	0.27079	42.0596
9.54545	3	0.27079	41.9991
9.63636	3	0.27079	41.9386
9.72727	3	0.27079	41.8781
9.81818	3	0.27079	41.8176
9.90909	3	0.27079	41.757
10	3	0.27079	41.6965
10.0909	3	0.27079	41.636
10.1818	3	0.27079	41.5754
10.2727	3	0.27079	41.5148
10.3636	3	0.27079	41.4542
10.4545	3	0.27079	41.3935
10.5455	3	0.27079	41.3328
10.6364	3	0.27079	41.272
10.7273	3	0.27079	41.2111
10.8182	3	0.27079	41.15
10.9091	3	0.27079	41.0888
11	3	0.27079	41.0275
11.0909	3	0.27079	40.9659
11.1818	3	0.27079	40.904
11.2727	3	0.27079	40.8419
11.3636	3	0.27079	40.7793
11.4545	3	0.27079	40.7163
11.5455	3	0.27079	40.6529
11.6364	3	0.27079	40.5888
11.7273	3	0.27079	40.5241
11.8182	3	0.27079	40.4587
11.9091	3	0.27079	40.3924
12	3	0.27079	40.3251
12.0909	3	0.27079	40.2567
12.1818	3	0.27079	40.1871
12.2727	3	0.27079	40.1162
12.3636	3	0.27079	40.0438
12.4545	3	0.27079	39.9697
12.5455	3	0.27079	39.8939
12.6364	3	0.27079	39.816
12.7273	3	0.27079	39.7359
12.8182	3	0.27079	39.6533
12.9091	3	0.27079	39.568
13	3	0.27079	39.4797
13.0909	3	0.27079	39.3881
13.1818	3	0.27079	39.2926
13.2727	3	0.27079	39.1922
13.3636	3	0.27079	39.0856
13.4545	3	0.27079	38.9701
13.5455	3	0.27079	38.8423
13.6364	3	0.27079	38.6972
13.7273	3	0.27079	38.5284
13.8182	3	0.27079	38.3279
13.9091	3	0.27079	38.0865
14	3	0.27079	37.7934
14.0909	3	0.27079	37.4371
14.1818	3	0.27079	37.0047
14.2727	3	0.27079	36.4824
14.3636	3	0.27079	35.8542
14.4545	3	0.27079	35.0871
14.5455	3	0.27079	34.1112
14.6364	3	0.27079	32.733
14.7273	3	0.27079	30.6072
14.8182	3	0.27079	27.0976
14.9091	3	0.27079	21.5171
15	3	0.27079	13.0638
15.0909	3	0.27079	1.19668
15.1818	3	0.27079	-14.503
15.2727	3	0.27079	-32.6192
15.3636	3	0.27079	-35.1623
15.4545	3	0.27079	-35.282
15.5455	3	0.27079	-35.3907
15.6364	3	0.27079	-35.4887
15.7273	3	0.27079	-35.582
15.8182	3	0.27079	-35.6697
15.9091	3	0.27079	-35.7555
16	3	0.27079	-35.8381
16.0909	3	0.27079	-35.9208
16.1818	3	0.27079	-36.0003
16.2727	3	0.27079	-36.0816
16.3636	3	0.27079	-36.1637
16.4545	3	0.27079	-36.2465
16.5455	3	0.27079	-36.3318
16.6364	3	0.27079	-36.4155
16.7273	3	0.27079	-36.5017
16.8182	3	0.27079	-36.5852
16.9091	3	0.27079	-36.6717
17	3	0.27079	-36.7582
17.0909	3	0.27079	-36.8472
17.1818	3	0.27079	-36.9359
17.2727	3	0.27079	-37.0273
17.3636	3	0.27079	-37.1148
17.4545	3	0.27079	-37.2066
17.5455	3	0.27079	-37.2918
17.6364	3	0.27079	-37.3845
17.7273	3	0.27079	-37.4744
17.8182	3	0.27079	-37.5766
17.9091	3	0.27079	-37.6812
18	3	0.27079	-35.8965
9	4	0.335999	41.2671
9.09091	4	0.335999	41.8146
9.18182	4	0.335999	42.118
9.27273	4	0.335999	42.3501
9.36364	4	0.335999	42.2896
9.45455	4	0.335999	42.2292
9.54545	4	0.335999	42.1687
9.63636	4	0.335999	42.1082
9.72727	4	0.335999	42.0477
9.81818	4	0.335999	41.9872
9.90909	4	0.335999	41.9267
10	4	0.335999	41.866
10.0909	4	0.335999	41.8054
10.1818	4	0.335999	41.7446
10.2727	4	0.335999	41.6838
10.3636	4	0.335999	41.6228
10.4545	4	0.335999	41.5617
10.5455	4	0.335999	41.5005
10.6364	4	0.335999	41.4391
10.7273	4	0.335999	41.3774
10.8182	4	0.335999	41.3155
10.9091	4	0.335999	41.2532
11	4	0.335999	41.1906
11.0909	4	0.335999	41.1277
11.1818	4	0.335999	41.0642
11.2727	4	0.335999	41.0003
11.3636	4	0.335999	40.9357
11.4545	4	0.335999	40.8705
11.5455	4	0.335999	40.8046
11.6364	4	0.335999	40.7379
11.7273	4	0.335999	40.6703
11.8182	4	0.335999	40.6016
11.9091	4	0.335999	40.5319
12	4	0.335999	40.461
12.0909	4	0.335999	40.3887
12.1818	4	0.335999	40.315
12.2727	4	0.335999	40.2398
12.3636	4	0.335999	40.1627
12.4545	4	0.335999	40.0838
12.5455	4	0.335999	40.0028
12.6364	4	0.335999	39.9195
12.7273	4	0.335999	39.8336
12.8182	4	0.335999	39.745
12.9091	4	0.335999	39.6531
13	4	0.335999	39.5578
13.0909	4	0.335999	39.4586
13.1818	4	0.335999	39.3547
13.2727	4	0.335999	39.2449
13.3636	4	0.335999	39.1273
13.4545	4	0.335999	38.9988
13.5455	4	0.335999	38.8548
13.6364	4	0.335999	38.6892
13.7273	4	0.335999	38.4942
13.8182	4	0.335999	38.2601
13.9091	4	0.335999	37.9759
14	4	0.335999	37.6288
14.0909	4	0.335999	37.2054
14.1818	4	0.335999	36.6906
14.2727	4	0.335999	36.0679
14.3636	4	0.335999	35.3182
14.4545	4	0.335999	34.4024
14.5455	4	0.335999	33.2379
14.6364	4	0.335999	31.6019
14.7273	4	0.335999	29.1001
14.8182	4	0.335999	25.0087
14.9091	4	0.335999	18.5469
15	4	0.335999	8.80199
15.0909	4	0.335999	-4.84306
15.1818	4	0.335999	-22.8668
15.2727	4	0.335999	-34.7983
15.3636	4	0.335999	-34.9338
15.4545	4	0.335999	-35.0526
15.5455	4	0.335999	-35.1604
15.6364	4	0.335999	-35.2575
15.7273	4	0.335999	-35.3498
15.8182	4	0.335999	-35.4364
15.9091	4	0.335999	-35.521
16	4	0.335999	-35.6025
16.0909	4	0.335999	-35.6842
16.1818	4	0.335999	-35.7628
16.2727	4	0.335999	-35.8433
16.3636	4	0.335999	-35.9247
16.4545	4	0.335999	-36.0069
16.5455	4	0.335999	-36.0916
16.6364	4	0.335999	-36.1748
16.7273	4	0.335999	-36.2606
16.8182	4	0.335999	-36.3438
16.9091	4	0.335999	-36.4299
17	4	0.335999	-36.516
17.0909	4	0.335999	-36.6045
17.1818	4	0.335999	-36.6928
17.2727	4	0.335999	-36.7837
17.3636	4	0.335999	-36.8707
17.4545	4	0.335999	-36.962
17.5455	4	0.335999	-37.0466
17.6364	4	0.335999	-37.1384
17.7273	4	0.335999	-37.2267
17.8182	4	0.335999	-37.3264
17.9091	4	0.335999	-37.4277
18	4	0.335999	-35.6332
9	5	0.401208	41.4325
9.09091	5	0.401208	41.9801
9.18182	5	0.401208	42.2835
9.27273	5	0.401208	42.5155
9.36364	5	0.401208	42.4548
9.45455	5	0.401208	42.3941
9.54545	5	0.401208	42.3333
9.63636	5	0.401208	42.2724
9.72727	5	0.401208	42.2114
9.81818	5	0.401208	42.1503
9.90909	5	0.401208	42.0891
10	5	0.401208	42.0277
10.0909	5	0.401208	41.9662
10.1818	5	0.401208	41.9045
10.2727	5	0.401208	41.8426
10.3636	5	0.401208	41.7804
10.4545	5	0.401208	41.718
10.5455	5	0.401208	41.6552
10.6364	5	0.401208	41.5922
10.7273	5	0.401208	41.5288
10.8182	5	0.401208	41.4649
10.9091	5	0.401208	41.4006
11	5	0.401208	41.3358
11.0909	5	0.401208	41.2704
11.1818	5	0.401208	41.2044
11.2727	5	0.401208	41.1378
11.3636	5	0.401208	41.0704
11.4545	5	0.401208	41.0022
11.5455	5	0.401208	40.9331
11.6364	5	0.401208	40.8631
11.7273	5	0.401208	40.792
11.8182	5	0.401208	40.7198
11.9091	5	0.401208	40.6464
12	5	0.401208	40.5716
12.0909	5	0.401208	40.4953
12.1818	5	0.401208	40.4175
12.2727	5	0.401208	40.3379
12.3636	5	0.401208	40.2563
12.4545	5	0.401208	40.1727
12.5455	5	0.401208	40.0867
12.6364	5	0.401208	39.9982
12.7273	5	0.401208	39.9068
12.8182	5	0.401208	39.8122
12.9091	5	0.401208	39.714
13	5	0.401208	39.6118
13.0909	5	0.401208	39.5051
13.1818	5	0.401208	39.3928
13.2727	5	0.401208	39.2735
13.3636	5	0.401208	39.1448
13.4545	5	0.401208	39.0026
13.5455	5	0.401208	38.8412
13.6364	5	0.401208	38.6528
13.7273	5	0.401208	38.4278
13.8182	5	0.401208	38.1539
13.9091	5	0.401208	37.8177
14	5	0.401208	37.4035
14.0909	5	0.401208	36.8947
14.1818	5	0.401208	36.2727
14.2727	5	0.401208	35.517
14.3636	5	0.401208	34.6034
14.4545	5	0.401208	33.4827
14.5455	5	0.401208	32.053
14.6364	5	0.401208	30.044
14.7273	5	0.401208	26.9876
14.8182	5	0.401208	22.035
14.9091	5	0.401208	14.2937
15	5	0.401208	2.73144
15.0909	5	0.401208	-13.3241
15.1818	5	0.401208	-32.0268
15.2727	5	0.401208	-34.6034
15.3636	5	0.401208	-34.7357
15.4545	5	0.401208	-34.8527
15.5455	5	0.401208	-34.9589
15.6364	5	0.401208	-35.0548
15.7273	5	0.401208	-35.1462
15.8182	5	0.401208	-35.2321
15.9091	5	0.401208	-35.316
16	5	0.401208	-35.3968
16.0909	5	0.401208	-35.4778
16.1818	5	0.401208	-35.5558
16.2727	5	0.401208	-35.6359
16.3636	5	0.401208	-35.717
16.4545	5	0.401208	-35.7987
16.5455	5	0.401208	-35.8831
16.6364	5	0.401208	-35.9657
16.7273	5	0.401208	-36.051
16.8182	5	0.401208	-36.1336
16.9091	5	0.401208	-36.2193
17	5	0.401208	-36.305
17.0909	5	0.401208	-36.3932
17.1818	5	0.401208	-36.481
17.2727	5	0.401208	-36.5714
17.3636	5	0.401208	-36.6577
17.4545	5	0.401208	-36.7483
17.5455	5	0.401208	-36.8321
17.6364	5	0.401208	-36.9228
17.7273	5	0.401208	-37.0097
17.8182	5	0.401208	-37.1073
17.9091	5	0.401208	-37.206
18	5	0.401208	-35.3856
9	6	0.466417	41.5945
9.09091	6	0.466417	42.1423
9.18182	6	0.466417	42.4462
9.27273	6	0.466417	42.6789
9.36364	6	0.466417	42.6169
9.45455	6	0.466417	42.5547
9.54545	6	0.466417	42.4924
9.63636	6	0.466417	42.43
9.72727	6	0.466417	42.3673
9.81818	6	0.466417	42.3045
9.90909	6	0.466417	42.2415
10	6	0.466417	42.1783
10.0909	6	0.466417	42.1149
10.1818	6	0.466417	42.0512
10.2727	6	0.466417	41.9872
10.3636	6	0.466417	41.9229
10.4545	6	0.466417	41.8583
10.5455	6	0.466417	41.7934
10.6364	6	0.466417	41.728
10.7273	6	0.466417	41.6622
10.8182	6	0.466417	41.596
10.9091	6	0.466417	41.5292
11	6	0.466417	41.4619
11.0909	6	0.466417	41.394
11.1818	6	0.466417	41.3254
11.2727	6	0.466417	41.2561
11.3636	6	0.466417	41.186
11.4545	6	0.466417	41.1151
11.5455	6	0.466417	41.0432
11.6364	6	0.466417	40.9703
11.7273	6	0.466417	40.8963
11.8182	6	0.466417	40.8211
11.9091	6	0.466417	40.7445
12	6	0.466417	40.6665
12.0909	6	0.466417	40.5868
12.1818	6	0.466417	40.5054
12.2727	6	0.466417	40.4221
12.3636	6	0.466417	40.3366
12.4545	6	0.466417	40.2487
12.5455	6	0.466417	40.1582
12.6364	6	0.466417	40.0648
12.7273	6	0.466417	39.9681
12.8182	6	0.466417	39.8678
12.9091	6	0.466417	39.7632
13	6	0.466417	39.6539
13.0909	6	0.466417	39.5395
13.1818	6	0.466417	39.4186
13.2727	6	0.466417	39.2893
13.3636	6	0.466417	39.1488
13.4545	6	0.466417	38.9921
13.5455	6	0.466417	38.8118
13.6364	6	0.466417	38.5983
13.7273	6	0.466417	38.3394
13.8182	6	0.466417	38.0195
13.9091	6	0.466417	37.6217
14	6	0.466417	37.1263
14.0909	6	0.466417	36.5122
14.1818	6	0.466417	35.7555
14.2727	6	0.466417	34.8301
14.3636	6	0.466417	33.7047
14.4545	6	0.466417	32.3177
14.5455	6	0.466417	30.5425
14.6364	6	0.466417	28.0509
14.7273	6	0.466417	24.2803
14.8182	6	0.466417	18.2175
14.9091	6	0.466417	8.80926
15	6	0.466417	-5.16151
15.0909	6	0.466417	-24.4796
15.1818	6	0.466417	-34.2785
15.2727	6	0.466417	-34.4275
15.3636	6	0.466417	-34.5585
15.4545	6	0.466417	-34.674
15.5455	6	0.466417	-34.7787
15.6364	6	0.466417	-34.8729
15.7273	6	0.466417	-34.9627
15.8182	6	0.466417	-35.047
15.9091	6	0.466417	-35.1297
16	6	0.466417	-35.2095
16.0909	6	0.466417	-35.2898
16.1818	6	0.466417	-35.3676
16.2727	6	0.466417	-35.4476
16.3636	6	0.466417	-35.5289
16.4545	6	0.466417	-35.6107
16.5455	6	0.466417	-35.6951
16.6364	6	0.466417	-35.7776
16.7273	6	0.466417	-35.8627
16.8182	6	0.466417	-35.9452
16.9091	6	0.466417	-36.0306
17	6	0.466417	-36.1162
17.0909	6	0.466417	-36.204
17.1818	6	0.466417	-36.2914
17.2727	6	0.466417	-36.3813
17.3636	6	0.466417	-36.4669
17.4545	6	0.466417	-36.5569
17.5455	6	0.466417	-36.6399
17.6364	6	0.466417	-36.7297
17.7273	6	0.466417	-36.8153
17.8182	6	0.466417	-36.9108
17.9091	6	0.466417	-37.0068
18	6	0.466417	-35.149
9	7	0.531627	41.7028
9.09091	7	0.531627	42.2507
9.18182	7	0.531627	42.5548
9.27273	7	0.531627	42.7876
9.36364	7	0.531627	42.7251
9.45455	7	0.531627	42.6624
9.54545	7	0.531627	42.5996
9.63636	7	0.531627	42.5366
9.72727	7	0.531627	42.4733
9.81818	7	0.531627	42.4099
9.90909	7	0.531627	42.3463
10	7	0.531627	42.2824
10.0909	7	0.531627	42.2182
10.1818	7	0.531627	42.1538
10.2727	7	0.531627	42.089
10.3636	7	0.531627	42.0239
10.4545	7	0.531627	41.9585
10.5455	7	0.531627	41.8926
10.6364	7	0.531627	41.8263
10.7273	7	0.531627	41.7596
10.8182	7	0.531627	41.6923
10.9091	7	0.531627	41.6244
11	7	0.531627	41.556
11.0909	7	0.531627	41.4868
11.1818	7	0.531627	41.417
11.2727	7	0.531627	41.3463
11.3636	7	0.531627	41.2748
11.4545	7	0.531627	41.2022
11.5455	7	0.531627	41.1287
11.6364	7	0.531627	41.054
11.7273	7	0.531627	40.978
11.8182	7	0.531627	40.9006
11.9091	7	0.531627	40.8217
12	7	0.531627	40.7411
12.0909	7	0.531627	40.6586
12.1818	7	0.531627	40.5741
12.2727	7	0.531627	40.4873
12.3636	7	0.531627	40.3981
12.4545	7	0.531627	40.306
12.5455	7	0.531627	40.2109
12.6364	7	0.531627	40.1124
12.7273	7	0.531627	40.01
12.8182	7	0.531627	39.9033
12.9091	7	0.531627	39.7916
13	7	0.531627	39.6744
13.0909	7	0.531627	39.5512
13.1818	7	0.531627	39.4204
13.2727	7	0.531627	39.2799
13.3636	7	0.531627	39.1265
13.4545	7	0.531627	38.9536
13.5455	7	0.531627	38.7523
13.6364	7	0.531627	38.5103
13.7273	7	0.531627	38.2123
13.8182	7	0.531627	37.8383
13.9091	7	0.531627	37.3663
14	7	0.531627	36.7705
14.0909	7	0.531627	36.0235
14.1818	7	0.531627	35.0943
14.2727	7	0.531627	33.9485
14.3636	7	0.531627	32.5452
14.4545	7	0.531627	30.8001
14.5455	7	0.531627	28.5363
14.6364	7	0.531627	25.2828
14.7273	7	0.531627	20.2287
14.8182	7	0.531627	11.9096
14.9091	7	0.531627	-1.15966
15	7	0.531627	-20.6602
15.0909	7	0.531627	-33.9644
15.1818	7	0.531627	-34.133
15.2727	7	0.531627	-34.2801
15.3636	7	0.531627	-34.4086
15.4545	7	0.531627	-34.5211
15.5455	7	0.531627	-34.6226
15.6364	7	0.531627	-34.7138
15.7273	7	0.531627	-34.801
15.8182	7	0.531627	-34.8832
15.9091	7	0.531627	-34.9643
16	7	0.531627	-35.0427
16.0909	7	0.531627	-35.1224
16.1818	7	0.531627	-35.1996
16.2727	7	0.531627	-35.2798
16.3636	7	0.531627	-35.3617
16.4545	7	0.531627	-35.4444
16.5455	7	0.531627	-35.5299
16.6364	7	0.531627	-35.6132
16.7273	7	0.531627	-35.6993
16.8182	7	0.531627	-35.7823
16.9091	7	0.531627	-35.8685
17	7	0.531627	-35.9552
17.0909	7	0.531627	-36.0441
17.1818	7	0.531627	-36.1328
17.2727	7	0.531627	-36.2239
17.3636	7	0.531627	-36.3103
17.4545	7	0.531627	-36.4013
17.5455	7	0.531627	-36.4843
17.6364	7	0.531627	-36.5745
17.7273	7	0.531627	-36.6594
17.8182	7	0.531627	-36.7543
17.9091	7	0.531627	-36.8493
18	7	0.531627	-34.9203
9	8	0.596836	41.7999
9.09091	8	0.596836	42.3478
9.18182	8	0.596836	42.6518
9.27273	8	0.596836	42.8847
9.36364	8	0.596836	42.822
9.45455	8	0.596836	42.7592
9.54545	8	0.596836	42.6962
9.63636	8	0.596836	42.633
9.72727	8	0.596836	42.5696
9.81818	8	0.596836	42.506
9.90909	8	0.596836	42.4421
10	8	0.596836	42.3779
10.0909	8	0.596836	42.3134
10.1818	8	0.596836	42.2487
10.2727	8	0.596836	42.1836
10.3636	8	0.596836	42.1181
10.4545	8	0.596836	42.0522
10.5455	8	0.596836	41.9858
10.6364	8	0.596836	41.919
10.7273	8	0.596836	41.8516
10.8182	8	0.596836	41.7836
10.9091	8	0.596836	41.715
11	8	0.596836	41.6457
11.0909	8	0.596836	41.5756
11.1818	8	0.596836	41.5047
11.2727	8	0.596836	41.4329
11.3636	8	0.596836	41.3601
11.4545	8	0.596836	41.2861
11.5455	8	0.596836	41.211
11.6364	8	0.596836	41.1345
11.7273	8	0.596836	41.0565
11.8182	8	0.596836	40.9769
11.9091	8	0.596836	40.8955
12	8	0.596836	40.8121
12.0909	8	0.596836	40.7265
12.1818	8	0.596836	40.6386
12.2727	8	0.596836	40.5479
12.3636	8	0.596836	40.4544
12.4545	8	0.596836	40.3575
12.5455	8	0.596836	40.2571
12.6364	8	0.596836	40.1527
12.7273	8	0.596836	40.0438
12.8182	8	0.596836	39.93
12.9091	8	0.596836	39.8104
13	8	0.596836	39.6845
13.0909	8	0.596836	39.5519
13.1818	8	0.596836	39.4105
13.2727	8	0.596836	39.2581
13.3636	8	0.596836	39.0907
13.4545	8	0.596836	38.901
13.5455	8	0.596836	38.6783
13.6364	8	0.596836	38.408
13.7273	8	0.596836	38.0717
13.8182	8	0.596836	37.6455
13.9091	8	0.596836	37.1025
14	8	0.596836	36.4117
14.0909	8	0.596836	35.5393
14.1818	8	0.596836	34.4475
14.2727	8	0.596836	33.0948
14.3636	8	0.596836	31.4315
14.4545	8	0.596836	29.358
14.5455	8	0.596836	26.6687
14.6364	8	0.596836	22.8269
14.7273	8	0.596836	16.9199
14.8182	8	0.596836	7.31232
14.9091	8	0.596836	-7.65095
15	8	0.596836	-29.5354
15.0909	8	0.596836	-33.7893
15.1818	8	0.596836	-33.9564
15.2727	8	0.596836	-34.1025
15.3636	8	0.596836	-34.23
15.4545	8	0.596836	-34.3416
15.5455	8	0.596836	-34.4422
15.6364	8	0.596836	-34.5324
15.7273	8	0.596836	-34.6186
15.8182	8	0.596836	-34.6996
15.9091	8	0.596836	-34.7796
16	8	0.596836	-34.857
16.0909	8	0.596836	-34.9356
16.1818	8	0.596836	-35.0119
16.2727	8	0.596836	-35.0912
16.3636	8	0.596836	-35.1722
16.4545	8	0.596836	-35.254
16.5455	8	0.596836	-35.3386
16.6364	8	0.596836	-35.421
16.7273	8	0.596836	-35.5062
16.8182	8	0.596836	-35.5884
16.9091	8	0.596836	-35.6738
17	8	0.596836	-35.7594
17.0909	8	0.596836	-35.8472
17.1818	8	0.596836	-35.9347
17.2727	8	0.596836	-36.0246
17.3636	8	0.596836	-36.1097
17.4545	8	0.596836	-36.1994
17.5455	8	0.596836	-36.2811
17.6364	8	0.596836	-36.3699
17.7273	8	0.596836	-36.453
17.8182	8	0.596836	-36.5458
17.9091	8	0.596836	-36.6382
18	8	0.596836	-34.6979
9	9	0.662045	41.8959
9.09091	9	0.662045	42.4438
9.18182	9	0.662045	42.7479
9.27273	9	0.662045	42.9808
9.36364	9	0.662045	42.9178
9.45455	9	0.662045	42.8547
9.54545	9	0.662045	42.7914
9.63636	9	0.662045	42.7279
9.72727	9	0.662045	42.6641
9.81818	9	0.662045	42.6001
9.90909	9	0.662045	42.5358
10	9	0.662045	42.4712
10.0909	9	0.662045	42.4063
10.1818	9	0.662045	42.341
10.2727	9	0.662045	42.2753
10.3636	9	0.662045	42.2093
10.4545	9	0.662045	42.1427
10.5455	9	0.662045	42.0757
10.6364	9	0.662045	42.0082
10.7273	9	0.662045	41.94
10.8182	9	0.662045	41.8712
10.9091	9	0.662045	41.8017
11	9	0.662045	41.7313
11.0909	9	0.662045	41.6602
11.1818	9	0.662045	41.588
11.2727	9	0.662045	41.5148
11.3636	9	0.662045	41.4405
11.4545	9	0.662045	41.3648
11.5455	9	0.662045	41.2878
11.6364	9	0.662045	41.2092
11.7273	9	0.662045	41.1289
11.8182	9	0.662045	41.0467
11.9091	9	0.662045	40.9623
12	9	0.662045	40.8757
12.0909	9	0.662045	40.7865
12.1818	9	0.662045	40.6945
12.2727	9	0.662045	40.5993
12.3636	9	0.662045	40.5008
12.4545	9	0.662045	40.3984
12.5455	9	0.662045	40.2919
12.6364	9	0.662045	40.1808
12.7273	9	0.662045	40.0646
12.8182	9	0.662045	39.9426
12.9091	9	0.662045	39.8141
13	9	0.662045	39.6785
13.0909	9	0.662045	39.5352
13.1818	9	0.662045	39.382
13.2727	9	0.662045	39.2165
13.3636	9	0.662045	39.0341
13.4545	9	0.662045	38.8264
13.5455	9	0.662045	38.5813
13.6364	9	0.662045	38.2815
13.7273	9	0.662045	37.9055
13.8182	9	0.662045	37.425
13.9091	9	0.662045	36.8082
14	9	0.662045	36.0182
14.0909	9	0.662045	35.015
14.1818	9	0.662045	33.7538
14.2727	9	0.662045	32.1848
14.3636	9	0.662045	30.248
14.4545	9	0.662045	27.8188
14.5455	9	0.662045	24.6389
14.6364	9	0.662045	20.0311
14.7273	9	0.662045	12.8568
14.8182	9	0.662045	1.09017
14.9091	9	0.662045	-17.2904
15	9	0.662045	-33.4299
15.0909	9	0.662045	-33.649
15.1818	9	0.662045	-33.8155
15.2727	9	0.662045	-33.9611
15.3636	9	0.662045	-34.0885
15.4545	9	0.662045	-34.2
15.5455	9	0.662045	-34.3006
15.6364	9	0.662045	-34.3909
15.7273	9	0.662045	-34.4774
15.8182	9	0.662045	-34.5588
15.9091	9	0.662045	-34.639
16	9	0.662045	-34.7164
16.0909	9	0.662045	-34.7949
16.1818	9	0.662045	-34.8711
16.2727	9	0.662045	-34.9501
16.3636	9	0.662045	-35.0309
16.4545	9	0.662045	-35.1122
16.5455	9	0.662045	-35.1961
16.6364	9	0.662045	-35.2778
16.7273	9	0.662045	-35.3621
16.8182	9	0.662045	-35.4437
16.9091	9	0.662045	-35.5284
17	9	0.662045	-35.6135
17.0909	9	0.662045	-35.7006
17.1818	9	0.662045	-35.7873
17.2727	9	0.662045	-35.8762
17.3636	9	0.662045	-35.9602
17.4545	9	0.662045	-36.0488
17.5455	9	0.662045	-36.1293
17.6364	9	0.662045	-36.2168
17.7273	9	0.662045	-36.2986
17.8182	9	0.662045	-36.3894
17.9091	9	0.662045	-36.4796
18	9	0.662045	-34.48
9	10	0.727255	41.9919
9.09091	10	0.727255	42.5398
9.18182	10	0.727255	42.8439
9.27273	10	0.727255	43.0768
9.36364	10	0.727255	43.0137
9.45455	10	0.727255	42.9503
9.54545	10	0.727255	42.8868
9.63636	10	0.727255	42.823
9.72727	10	0.727255	42.759
9.81818	10	0.727255	42.6947
9.90909	10	0.727255	42.6301
10	10	0.727255	42.5651
10.0909	10	0.727255	42.4998
10.1818	10	0.727255	42.4342
10.2727	10	0.727255	42.3681
10.3636	10	0.727255	42.3015
10.4545	10	0.727255	42.2344
10.5455	10	0.727255	42.1668
10.6364	10	0.727255	42.0985
10.7273	10	0.727255	42.0296
10.8182	10	0.727255	41.9599
10.9091	10	0.727255	41.8894
11	10	0.727255	41.818
11.0909	10	0.727255	41.7456
11.1818	10	0.727255	41.6721
11.2727	10	0.727255	41.5974
11.3636	10	0.727255	41.5213
11.4545	10	0.727255	41.4437
11.5455	10	0.727255	41.3645
11.6364	10	0.727255	41.2835
11.7273	10	0.727255	41.2004
11.8182	10	0.727255	41.1152
11.9091	10	0.727255	41.0274
12	10	0.727255	40.937
12.0909	10	0.727255	40.8435
12.1818	10	0.727255	40.7468
12.2727	10	0.727255	40.6465
12.3636	10	0.727255	40.5422
12.4545	10	0.727255	40.4336
12.5455	10	0.727255	40.3202
12.6364	10	0.727255	40.2015
12.7273	10	0.727255	40.077
12.8182	10	0.727255	39.9459
12.9091	10	0.727255	39.8073
13	10	0.727255	39.6608
13.0909	10	0.727255	39.5057
13.1818	10	0.727255	39.3396
13.2727	10	0.727255	39.1599
13.3636	10	0.727255	38.9618
13.4545	10	0.727255	38.7358
13.5455	10	0.727255	38.4679
13.6364	10	0.727255	38.1386
13.7273	10	0.727255	37.7224
13.8182	10	0.727255	37.1854
13.9091	10	0.727255	36.4896
14	10	0.727255	35.5907
14.0909	10	0.727255	34.4409
14.1818	10	0.727255	32.9865
14.2727	10	0.727255	31.1659
14.3636	10	0.727255	28.8969
14.4545	10	0.727255	25.9614
14.5455	10	0.727255	21.8975
14.6364	10	0.727255	15.4297
14.7273	10	0.727255	4.51815
14.8182	10	0.727255	-14.2964
14.9091	10	0.727255	-32.8905
15	10	0.727255	-33.3658
15.0909	10	0.727255	-33.5554
15.1818	10	0.727255	-33.7186
15.2727	10	0.727255	-33.8609
15.3636	10	0.727255	-33.9843
15.4545	10	0.727255	-34.092
15.5455	10	0.727255	-34.1896
15.6364	10	0.727255	-34.2775
15.7273	10	0.727255	-34.3627
15.8182	10	0.727255	-34.4434
15.9091	10	0.727255	-34.5234
16	10	0.727255	-34.6006
16.0909	10	0.727255	-34.6797
16.1818	10	0.727255	-34.7569
16.2727	10	0.727255	-34.8374
16.3636	10	0.727255	-34.9203
16.4545	10	0.727255	-35.0034
16.5455	10	0.727255	-35.0891
16.6364	10	0.727255	-35.1721
16.7273	10	0.727255	-35.2577
16.8182	10	0.727255	-35.3412
16.9091	10	0.727255	-35.4276
17	10	0.727255	-35.5156
17.0909	10	0.727255	-35.6049
17.1818	10	0.727255	-35.6939
17.2727	10	0.727255	-35.7849
17.3636	10	0.727255	-35.8703
17.4545	10	0.727255	-35.9605
17.5455	10	0.727255	-36.0419
17.6364	10	0.727255	-36.1316
17.7273	10	0.727255	-36.2149
17.8182	10	0.727255	-36.3074
17.9091	10	0.727255	-36.3998
18	10	0.727255	-34.2658
9	11	0.792464	42.086
9.09091	11	0.792464	42.6339
9.18182	11	0.792464	42.938
9.27273	11	0.792464	43.1709
9.36364	11	0.792464	43.1076
9.45455	11	0.792464	43.044
9.54545	11	0.792464	42.9803
9.63636	11	0.792464	42.9162
9.72727	11	0.792464	42.8519
9.81818	11	0.792464	42.7873
9.90909	11	0.792464	42.7223
10	11	0.792464	42.6569
10.0909	11	0.792464	42.5912
10.1818	11	0.792464	42.525
10.2727	11	0.792464	42.4584
10.3636	11	0.792464	42.3912
10.4545	11	0.792464	42.3234
10.5455	11	0.792464	42.255
10.6364	11	0.792464	42.1859
10.7273	11	0.792464	42.116
10.8182	11	0.792464	42.0452
10.9091	11	0.792464	41.9735
11	11	0.792464	41.9007
11.0909	11	0.792464	41.8268
11.1818	11	0.792464	41.7516
11.2727	11	0.792464	41.675
11.3636	11	0.792464	41.5968
11.4545	11	0.792464	41.5168
11.5455	11	0.792464	41.4349
11.6364	11	0.792464	41.3509
11.7273	11	0.792464	41.2645
11.8182	11	0.792464	41.1755
11.9091	11	0.792464	41.0836
12	11	0.792464	40.9885
12.0909	11	0.792464	40.89
12.1818	11	0.792464	40.7877
12.2727	11	0.792464	40.6813
12.3636	11	0.792464	40.5703
12.4545	11	0.792464	40.4543
12.5455	11	0.792464	40.3329
12.6364	11	0.792464	40.2054
12.7273	11	0.792464	40.0715
12.8182	11	0.792464	39.9302
12.9091	11	0.792464	39.7806
13	11	0.792464	39.6221
13.0909	11	0.792464	39.454
13.1818	11	0.792464	39.274
13.2727	11	0.792464	39.079
13.3636	11	0.792464	38.8644
13.4545	11	0.792464	38.6202
13.5455	11	0.792464	38.3315
13.6364	11	0.792464	37.9772
13.7273	11	0.792464	37.5297
13.8182	11	0.792464	36.9516
13.9091	11	0.792464	36.2009
14	11	0.792464	35.2282
14.0909	11	0.792464	33.98
14.1818	11	0.792464	32.3962
14.2727	11	0.792464	30.4083
14.3636	11	0.792464	27.9272
14.4545	11	0.792464	24.7277
14.5455	11	0.792464	20.3332
14.6364	11	0.792464	13.4331
14.7273	11	0.792464	1.89764
14.8182	11	0.792464	-17.9438
14.9091	11	0.792464	-32.9434
15	11	0.792464	-33.1665
15.0909	11	0.792464	-33.3577
15.1818	11	0.792464	-33.5226
15.2727	11	0.792464	-33.6663
15.3636	11	0.792464	-33.7912
15.4545	11	0.792464	-33.9001
15.5455	11	0.792464	-33.9986
15.6364	11	0.792464	-34.087
15.7273	11	0.792464	-34.1723
15.8182	11	0.792464	-34.2529
15.9091	11	0.792464	-34.3326
16	11	0.792464	-34.4095
16.0909	11	0.792464	-34.488
16.1818	11	0.792464	-34.5646
16.2727	11	0.792464	-34.6443
16.3636	11	0.792464	-34.7263
16.4545	11	0.792464	-34.8087
16.5455	11	0.792464	-34.8938
16.6364	11	0.792464	-34.9763
16.7273	11	0.792464	-35.0613
16.8182	11	0.792464	-35.1442
16.9091	11	0.792464	-35.2299
17	11	0.792464	-35.3169
17.0909	11	0.792464	-35.4054
17.1818	11	0.792464	-35.4936
17.2727	11	0.792464	-35.5839
17.3636	11	0.792464	-35.6686
17.4545	11	0.792464	-35.7582
17.5455	11	0.792464	-35.839
17.6364	11	0.792464	-35.9277
17.7273	11	0.792464	-36.0097
17.8182	11	0.792464	-36.1009
17.9091	11	0.792464	-36.1916
18	11	0.792464	-34.0551
9	12	0.857673	42.1777
9.09091	12	0.857673	42.7256
9.18182	12	0.857673	43.0297
9.27273	12	0.857673	43.2627
9.36364	12	0.857673	43.1991
9.45455	12	0.857673	43.1352
9.54545	12	0.857673	43.071
9.63636	12	0.857673	43.0066
9.72727	12	0.857673	42.9418
9.81818	12	0.857673	42.8767
9.90909	12	0.857673	42.8112
10	12	0.857673	42.7453
10.0909	12	0.857673	42.6789
10.1818	12	0.857673	42.6121
10.2727	12	0.857673	42.5447
10.3636	12	0.857673	42.4766
10.4545	12	0.857673	42.408
10.5455	12	0.857673	42.3385
10.6364	12	0.857673	42.2683
10.7273	12	0.857673	42.1972
10.8182	12	0.857673	42.1251
10.9091	12	0.857673	42.0518
11	12	0.857673	41.9774
11.0909	12	0.857673	41.9016
11.1818	12	0.857673	41.8243
11.2727	12	0.857673	41.7453
11.3636	12	0.857673	41.6644
11.4545	12	0.857673	41.5815
11.5455	12	0.857673	41.4964
11.6364	12	0.857673	41.4087
11.7273	12	0.857673	41.3183
11.8182	12	0.857673	41.2248
11.9091	12	0.857673	41.128
12	12	0.857673	41.0275
12.0909	12	0.857673	40.9231
12.1818	12	0.857673	40.8142
12.2727	12	0.857673	40.7007
12.3636	12	0.857673	40.5819
12.4545	12	0.857673	40.4576
12.5455	12	0.857673	40.327
12.6364	12	0.857673	40.1898
12.7273	12	0.857673	40.0453
12.8182	12	0.857673	39.8926
12.9091	12	0.857673	39.7307
13	12	0.857673	39.559
13.0909	12	0.857673	39.3767
13.1818	12	0.857673	39.1813
13.2727	12	0.857673	38.9699
13.3636	12	0.857673	38.7376
13.4545	12	0.857673	38.474
13.5455	12	0.857673	38.1635
13.6364	12	0.857673	37.7834
13.7273	12	0.857673	37.3033
13.8182	12	0.857673	36.682
13.9091	12	0.857673	35.8724
14	12	0.857673	34.8187
14.0909	12	0.857673	33.4606
14.1818	12	0.857673	31.7301
14.2727	12	0.857673	29.55
14.3636	12	0.857673	26.82
14.4545	12	0.857673	23.2898
14.5455	12	0.857673	18.4237
14.6364	12	0.857673	10.7344
14.7273	12	0.857673	-2.2398
14.8182	12	0.857673	-24.8015
14.9091	12	0.857673	-32.7734
15	12	0.857673	-32.9996
15.0909	12	0.857673	-33.1934
15.1818	12	0.857673	-33.3601
15.2727	12	0.857673	-33.5052
15.3636	12	0.857673	-33.631
15.4545	12	0.857673	-33.7406
15.5455	12	0.857673	-33.8395
15.6364	12	0.857673	-33.928
15.7273	12	0.857673	-34.0133
15.8182	12	0.857673	-34.0938
15.9091	12	0.857673	-34.1734
16	12	0.857673	-34.2502
16.0909	12	0.857673	-34.3285
16.1818	12	0.857673	-34.4047
16.2727	12	0.857673	-34.484
16.3636	12	0.857673	-34.5656
16.4545	12	0.857673	-34.6475
16.5455	12	0.857673	-34.7323
16.6364	12	0.857673	-34.8145
16.7273	12	0.857673	-34.8993
16.8182	12	0.857673	-34.9816
16.9091	12	0.857673	-35.0668
17	12	0.857673	-35.1531
17.0909	12	0.857673	-35.2412
17.1818	12	0.857673	-35.3288
17.2727	12	0.857673	-35.4187
17.3636	12	0.857673	-35.5031
17.4545	12	0.857673	-35.5924
17.5455	12	0.857673	-35.6725
17.6364	12	0.857673	-35.7606
17.7273	12	0.857673	-35.8416
17.8182	12	0.857673	-35.9316
17.9091	12	0.857673	-36.0208
18	12	0.857673	-33.8471
9	13	0.922882	42.267
9.09091	13	0.922882	42.8149
9.18182	13	0.922882	43.1191
9.27273	13	0.922882	43.3521
9.36364	13	0.922882	43.2881
9.45455	13	0.922882	43.2239
9.54545	13	0.922882	43.1593
9.63636	13	0.922882	43.0945
9.72727	13	0.922882	43.0292
9.81818	13	0.922882	42.9636
9.90909	13	0.922882	42.8975
10	13	0.922882	42.831
10.0909	13	0.922882	42.7639
10.1818	13	0.922882	42.6963
10.2727	13	0.922882	42.628
10.3636	13	0.922882	42.5591
10.4545	13	0.922882	42.4894
10.5455	13	0.922882	42.4188
10.6364	13	0.922882	42.3473
10.7273	13	0.922882	42.2747
10.8182	13	0.922882	42.2009
10.9091	13	0.922882	42.1259
11	13	0.922882	42.0494
11.0909	13	0.922882	41.9714
11.1818	13	0.922882	41.8915
11.2727	13	0.922882	41.8097
11.3636	13	0.922882	41.7257
11.4545	13	0.922882	41.6393
11.5455	13	0.922882	41.5502
11.6364	13	0.922882	41.4582
11.7273	13	0.922882	41.3629
11.8182	13	0.922882	41.2642
11.9091	13	0.922882	41.1616
12	13	0.922882	41.0548
12.0909	13	0.922882	40.9434
12.1818	13	0.922882	40.8271
12.2727	13	0.922882	40.7054
12.3636	13	0.922882	40.5778
12.4545	13	0.922882	40.444
12.5455	13	0.922882	40.3033
12.6364	13	0.922882	40.1552
12.7273	13	0.922882	39.9989
12.8182	13	0.922882	39.8337
12.9091	13	0.922882	39.6583
13	13	0.922882	39.4722
13.0909	13	0.922882	39.2746
13.1818	13	0.922882	39.0627
13.2727	13	0.922882	38.8337
13.3636	13	0.922882	38.5827
13.4545	13	0.922882	38.2992
13.5455	13	0.922882	37.9667
13.6364	13	0.922882	37.5617
13.7273	13	0.922882	37.0518
13.8182	13	0.922882	36.3924
13.9091	13	0.922882	35.5317
14	13	0.922882	34.4087
14.0909	13	0.922882	32.9565
14.1818	13	0.922882	31.0997
14.2727	13	0.922882	28.7522
14.3636	13	0.922882	25.7998
14.4545	13	0.922882	21.9398
14.5455	13	0.922882	16.5003
14.6364	13	0.922882	7.53456
14.7273	13	0.922882	-8.27062
14.8182	13	0.922882	-29.953
14.9091	13	0.922882	-32.6231
15	13	0.922882	-32.8556
15.0909	13	0.922882	-33.0531
15.1818	13	0.922882	-33.2219
15.2727	13	0.922882	-33.3682
15.3636	13	0.922882	-33.4946
15.4545	13	0.922882	-33.6042
15.5455	13	0.922882	-33.7029
15.6364	13	0.922882	-33.791
15.7273	13	0.922882	-33.8759
15.8182	13	0.922882	-33.956
15.9091	13	0.922882	-34.0354
16	13	0.922882	-34.112
16.0909	13	0.922882	-34.1902
16.1818	13	0.922882	-34.2662
16.2727	13	0.922882	-34.3456
16.3636	13	0.922882	-34.4275
16.4545	13	0.922882	-34.5099
16.5455	13	0.922882	-34.5955
16.6364	13	0.922882	-34.6782
16.7273	13	0.922882	-34.7636
16.8182	13	0.922882	-34.8464
16.9091	13	0.922882	-34.932
17	13	0.922882	-35.0189
17.0909	13	0.922882	-35.1077
17.1818	13	0.922882	-35.1962
17.2727	13	0.922882	-35.2871
17.3636	13	0.922882	-35.3721
17.4545	13	0.922882	-35.4624
17.5455	13	0.922882	-35.5426
17.6364	13	0.922882	-35.6313
17.7273	13	0.922882	-35.7123
17.8182	13	0.922882	-35.8026
17.9091	13	0.922882	-35.8922
18	13	0.922882	-33.641
9	14	0.988092	42.3532
9.09091	14	0.988092	42.9012
9.18182	14	0.988092	43.2054
9.27273	14	0.988092	43.4385
9.36364	14	0.988092	43.3741
9.45455	14	0.988092	43.3095
9.54545	14	0.988092	43.2445
9.63636	14	0.988092	43.1791
9.72727	14	0.988092	43.1133
9.81818	14	0.988092	43.047
9.90909	14	0.988092	42.9803
10	14	0.988092	42.913
10.0909	14	0.988092	42.8451
10.1818	14	0.988092	42.7765
10.2727	14	0.988092	42.7072
10.3636	14	0.988092	42.6371
10.4545	14	0.988092	42.5661
10.5455	14	0.988092	42.4941
10.6364	14	0.988092	42.421
10.7273	14	0.988092	42.3466
10.8182	14	0.988092	42.2709
10.9091	14	0.988092	42.1936
11	14	0.988092	42.1147
11.0909	14	0.988092	42.0338
11.1818	14	0.988092	41.9508
11.2727	14	0.988092	41.8655
11.3636	14	0.988092	41.7777
11.4545	14	0.988092	41.687
11.5455	14	0.988092	41.5932
11.6364	14	0.988092	41.496
11.7273	14	0.988092	41.395
11.8182	14	0.988092	41.29
11.9091	14	0.988092	41.1806
12	14	0.988092	41.0664
12.0909	14	0.988092	40.947
12.1818	14	0.988092	40.8221
12.2727	14	0.988092	40.6911
12.3636	14	0.988092	40.5536
12.4545	14	0.988092	40.4091
12.5455	14	0.988092	40.257
12.6364	14	0.988092	40.0968
12.7273	14	0.988092	39.9276
12.8182	14	0.988092	39.7488
12.9091	14	0.988092	39.5588
13	14	0.988092	39.3572
13.0909	14	0.988092	39.1431
13.1818	14	0.988092	38.9138
13.2727	14	0.988092	38.6662
13.3636	14	0.988092	38.3955
13.4545	14	0.988092	38.0909
13.5455	14	0.988092	37.7359
13.6364	14	0.988092	37.3059
13.7273	14	0.988092	36.7669
13.8182	14	0.988092	36.0716
13.9091	14	0.988092	35.1643
14	14	0.988092	33.9787
14.0909	14	0.988092	32.4418
14.1818	14	0.988092	30.4717
14.2727	14	0.988092	27.9741
14.3636	14	0.988092	24.826
14.4545	14	0.988092	20.7107
14.5455	14	0.988092	14.9237
14.6364	14	0.988092	5.42896
14.7273	14	0.988092	-11.2973
14.8182	14	0.988092	-31.214
14.9091	14	0.988092	-32.4289
15	14	0.988092	-32.6646
15.0909	14	0.988092	-32.8653
15.1818	14	0.988092	-33.0368
15.2727	14	0.988092	-33.1855
15.3636	14	0.988092	-33.3141
15.4545	14	0.988092	-33.4257
15.5455	14	0.988092	-33.526
15.6364	14	0.988092	-33.6154
15.7273	14	0.988092	-33.701
15.8182	14	0.988092	-33.7816
15.9091	14	0.988092	-33.8612
16	14	0.988092	-33.9379
16.0909	14	0.988092	-34.0161
16.1818	14	0.988092	-34.0919
16.2727	14	0.988092	-34.1707
16.3636	14	0.988092	-34.2519
16.4545	14	0.988092	-34.3338
16.5455	14	0.988092	-34.4187
16.6364	14	0.988092	-34.501
16.7273	14	0.988092	-34.586
16.8182	14	0.988092	-34.6681
16.9091	14	0.988092	-34.7531
17	14	0.988092	-34.8389
17.0909	14	0.988092	-34.9268
17.1818	14	0.988092	-35.0143
17.2727	14	0.988092	-35.1045
17.3636	14	0.988092	-35.1889
17.4545	14	0.988092	-35.2785
17.5455	14	0.988092	-35.3583
17.6364	14	0.988092	-35.446
17.7273	14	0.988092	-35.526
17.8182	14	0.988092	-35.6149
17.9091	14	0.988092	-35.7029
18	14	0.988092	-33.4364
9	15	1.0533	42.4368
9.09091	15	1.0533	42.9848
9.18182	15	1.0533	43.289
9.27273	15	1.0533	43.5222
9.36364	15	1.0533	43.4574
9.45455	15	1.0533	43.3922
9.54545	15	1.0533	43.3266
9.63636	15	1.0533	43.2606
9.72727	15	1.0533	43.1941
9.81818	15	1.0533	43.1271
9.90909	15	1.0533	43.0596
10	15	1.0533	42.9914
10.0909	15	1.0533	42.9224
10.1818	15	1.0533	42.8527
10.2727	15	1.0533	42.7822
10.3636	15	1.0533	42.7107
10.4545	15	1.0533	42.6381
10.5455	15	1.0533	42.5643
10.6364	15	1.0533	42.4892
10.7273	15	1.0533	42.4127
10.8182	15	1.0533	42.3345
10.9091	15	1.0533	42.2544
11	15	1.0533	42.1724
11.0909	15	1.0533	42.0881
11.1818	15	1.0533	42.0013
11.2727	15	1.0533	41.9118
11.3636	15	1.0533	41.8192
11.4545	15	1.0533	41.7234
11.5455	15	1.0533	41.6239
11.6364	15	1.0533	41.5206
11.7273	15	1.0533	41.4129
11.8182	15	1.0533	41.3006
11.9091	15	1.0533	41.1832
12	15	1.0533	41.0605
12.0909	15	1.0533	40.9319
12.1818	15	1.0533	40.7972
12.2727	15	1.0533	40.6557
12.3636	15	1.0533	40.507
12.4545	15	1.0533	40.3506
12.5455	15	1.0533	40.1859
12.6364	15	1.0533	40.0124
12.7273	15	1.0533	39.8291
12.8182	15	1.0533	39.6354
12.9091	15	1.0533	39.4296
13	15	1.0533	39.2113
13.0909	15	1.0533	38.9795
13.1818	15	1.0533	38.7315
13.2727	15	1.0533	38.464
13.3636	15	1.0533	38.1722
13.4545	15	1.0533	37.8452
13.5455	15	1.0533	37.4659
13.6364	15	1.0533	37.0089
13.7273	15	1.0533	36.4388
13.8182	15	1.0533	35.7051
13.9091	15	1.0533	34.7483
14	15	1.0533	33.497
14.0909	15	1.0533	31.8722
14.1818	15	1.0533	29.7851
14.2727	15	1.0533	27.1338
14.3636	15	1.0533	23.7855
14.4545	15	1.0533	19.3978
14.5455	15	1.0533	13.1842
14.6364	15	1.0533	2.79155
14.7273	15	1.0533	-16.1098
14.8182	15	1.0533	-31.9634
14.9091	15	1.0533	-32.2497
15	15	1.0533	-32.4974
15.0909	15	1.0533	-32.7074
15.1818	15	1.0533	-32.8853
15.2727	15	1.0533	-33.0386
15.3636	15	1.0533	-33.1707
15.4545	15	1.0533	-33.2846
15.5455	15	1.0533	-33.3866
15.6364	15	1.0533	-33.4766
15.7273	15	1.0533	-33.5623
15.8182	15	1.0533	-33.6427
15.9091	15	1.0533	-33.7223
16	15	1.0533	-33.7992
16.0909	15	1.0533	-33.8776
16.1818	15	1.0533	-33.9533
16.2727	15	1.0533	-34.0321
16.3636	15	1.0533	-34.1131
16.4545	15	1.0533	-34.1952
16.5455	15	1.0533	-34.2809
16.6364	15	1.0533	-34.3641
16.7273	15	1.0533	-34.4501
16.8182	15	1.0533	-34.5326
16.9091	15	1.0533	-34.618
17	15	1.0533	-34.7037
17.0909	15	1.0533	-34.7919
17.1818	15	1.0533	-34.8801
17.2727	15	1.0533	-34.9715
17.3636	15	1.0533	-35.0571
17.4545	15	1.0533	-35.1484
17.5455	15	1.0533	-35.2289
17.6364	15	1.0533	-35.3176
17.7273	15	1.0533	-35.3975
17.8182	15	1.0533	-35.4864
17.9091	15	1.0533	-35.574
18	15	1.0533	-33.2329
9	16	1.11851	42.5171
9.09091	16	1.11851	43.0651
9.18182	16	1.11851	43.3694
9.27273	16	1.11851	43.6027
9.36364	16	1.11851	43.5374
9.45455	16	1.11851	43.4716
9.54545	16	1.11851	43.4054
9.63636	16	1.11851	43.3387
9.72727	16	1.11851	43.2714
9.81818	16	1.11851	43.2035
9.90909	16	1.11851	43.1349
10	16	1.11851	43.0656
10.0909	16	1.11851	42.9954
10.1818	16	1.11851	42.9243
10.2727	16	1.11851	42.8522
10.3636	16	1.11851	42.779
10.4545	16	1.11851	42.7044
10.5455	16	1.11851	42.6284
10.6364	16	1.11851	42.5509
10.7273	16	1.11851	42.4716
10.8182	16	1.11851	42.3903
10.9091	16	1.11851	42.3068
11	16	1.11851	42.221
11.0909	16	1.11851	42.1325
11.1818	16	1.11851	42.041
11.2727	16	1.11851	41.9464
11.3636	16	1.11851	41.8482
11.4545	16	1.11851	41.7462
11.5455	16	1.11851	41.6401
11.6364	16	1.11851	41.5294
11.7273	16	1.11851	41.4138
11.8182	16	1.11851	41.293
11.9091	16	1.11851	41.1666
12	16	1.11851	41.034
12.0909	16	1.11851	40.8951
12.1818	16	1.11851	40.7492
12.2727	16	1.11851	40.5959
12.3636	16	1.11851	40.4348
12.4545	16	1.11851	40.2653
12.5455	16	1.11851	40.0868
12.6364	16	1.11851	39.8986
12.7273	16	1.11851	39.7
12.8182	16	1.11851	39.4901
12.9091	16	1.11851	39.2675
13	16	1.11851	39.0314
13.0909	16	1.11851	38.7809
13.1818	16	1.11851	38.5131
13.2727	16	1.11851	38.2248
13.3636	16	1.11851	37.9109
13.4545	16	1.11851	37.5604
13.5455	16	1.11851	37.156
13.6364	16	1.11851	36.6718
13.7273	16	1.11851	36.0712
13.8182	16	1.11851	35.3018
13.9091	16	1.11851	34.3008
14	16	1.11851	32.9928
14.0909	16	1.11851	31.2941
14.1818	16	1.11851	29.1101
14.2727	16	1.11851	26.3328
14.3636	16	1.11851	22.822
14.4545	16	1.11851	18.2237
14.5455	16	1.11851	11.7287
14.6364	16	1.11851	0.934637
14.7273	16	1.11851	-18.5793
14.8182	16	1.11851	-31.746
14.9091	16	1.11851	-32.0318
15	16	1.11851	-32.2802
15.0909	16	1.11851	-32.4917
15.1818	16	1.11851	-32.6714
15.2727	16	1.11851	-32.8266
15.3636	16	1.11851	-32.9604
15.4545	16	1.11851	-33.0761
15.5455	16	1.11851	-33.1796
15.6364	16	1.11851	-33.2709
15.7273	16	1.11851	-33.3575
15.8182	16	1.11851	-33.4385
15.9091	16	1.11851	-33.5183
16	16	1.11851	-33.5952
16.0909	16	1.11851	-33.6736
16.1818	16	1.11851	-33.7493
16.2727	16	1.11851	-33.828
16.3636	16	1.11851	-33.9087
16.4545	16	1.11851	-33.9904
16.5455	16	1.11851	-34.0756
16.6364	16	1.11851	-34.1585
16.7273	16	1.11851	-34.2442
16.8182	16	1.11851	-34.3264
16.9091	16	1.11851	-34.4114
17	16	1.11851	-34.4964
17.0909	16	1.11851	-34.584
17.1818	16	1.11851	-34.6712
17.2727	16	1.11851	-34.7617
17.3636	16	1.11851	-34.8467
17.4545	16	1.11851	-34.9372
17.5455	16	1.11851	-35.0173
17.6364	16	1.11851	-35.1052
17.7273	16	1.11851	-35.1845
17.8182	16	1.11851	-35.2725
17.9091	16	1.11851	-35.3588
18	16	1.11851	-33.0305
9	17	1.18372	42.5945
9.09091	17	1.18372	43.1426
9.18182	17	1.18372	43.447
9.27273	17	1.18372	43.6805
9.36364	17	1.18372	43.6144
9.45455	17	1.18372	43.5479
9.54545	17	1.18372	43.4808
9.63636	17	1.18372	43.4131
9.72727	17	1.18372	43.3447
9.81818	17	1.18372	43.2757
9.90909	17	1.18372	43.2058
10	17	1.18372	43.135
10.0909	17	1.18372	43.0632
10.1818	17	1.18372	42.9903
10.2727	17	1.18372	42.9162
10.3636	17	1.18372	42.8407
10.4545	17	1.18372	42.7636
10.5455	17	1.18372	42.6849
10.6364	17	1.18372	42.6042
10.7273	17	1.18372	42.5214
10.8182	17	1.18372	42.4363
10.9091	17	1.18372	42.3486
11	17	1.18372	42.2581
11.0909	17	1.18372	42.1645
11.1818	17	1.18372	42.0674
11.2727	17	1.18372	41.9666
11.3636	17	1.18372	41.8617
11.4545	17	1.18372	41.7524
11.5455	17	1.18372	41.6384
11.6364	17	1.18372	41.5192
11.7273	17	1.18372	41.3945
11.8182	17	1.18372	41.2639
11.9091	17	1.18372	41.1271
12	17	1.18372	40.9835
12.0909	17	1.18372	40.8328
12.1818	17	1.18372	40.6745
12.2727	17	1.18372	40.5082
12.3636	17	1.18372	40.3333
12.4545	17	1.18372	40.1494
12.5455	17	1.18372	39.9557
12.6364	17	1.18372	39.7516
12.7273	17	1.18372	39.5365
12.8182	17	1.18372	39.3092
12.9091	17	1.18372	39.0683
13	17	1.18372	38.8132
13.0909	17	1.18372	38.5427
13.1818	17	1.18372	38.2539
13.2727	17	1.18372	37.9434
13.3636	17	1.18372	37.6061
13.4545	17	1.18372	37.2307
13.5455	17	1.18372	36.7997
13.6364	17	1.18372	36.2866
13.7273	17	1.18372	35.6537
13.8182	17	1.18372	34.8464
13.9091	17	1.18372	33.7988
14	17	1.18372	32.4314
14.0909	17	1.18372	30.6555
14.1818	17	1.18372	28.3711
14.2727	17	1.18372	25.4639
14.3636	17	1.18372	21.7862
14.4545	17	1.18372	16.9705
14.5455	17	1.18372	10.178
14.6364	17	1.18372	-1.0736
14.7273	17	1.18372	-21.3736
14.8182	17	1.18372	-31.5432
14.9091	17	1.18372	-31.8302
15	17	1.18372	-32.0802
15.0909	17	1.18372	-32.2935
15.1818	17	1.18372	-32.4749
15.2727	17	1.18372	-32.6318
15.3636	17	1.18372	-32.7671
15.4545	17	1.18372	-32.8842
15.5455	17	1.18372	-32.9889
15.6364	17	1.18372	-33.0814
15.7273	17	1.18372	-33.1688
15.8182	17	1.18372	-33.2504
15.9091	17	1.18372	-33.3304
16	17	1.18372	-33.4076
16.0909	17	1.18372	-33.4859
16.1818	17	1.18372	-33.5615
16.2727	17	1.18372	-33.6398
16.3636	17	1.18372	-33.7198
16.4545	17	1.18372	-33.8009
16.5455	17	1.18372	-33.8852
16.6364	17	1.18372	-33.9674
16.7273	17	1.18372	-34.0524
16.8182	17	1.18372	-34.134
16.9091	17	1.18372	-34.2183
17	17	1.18372	-34.3023
17.0909	17	1.18372	-34.3888
17.1818	17	1.18372	-34.4749
17.2727	17	1.18372	-34.5643
17.3636	17	1.18372	-34.6483
17.4545	17	1.18372	-34.7378
17.5455	17	1.18372	-34.8171
17.6364	17	1.18372	-34.904
17.7273	17	1.18372	-34.9822
17.8182	17	1.18372	-35.0688
17.9091	17	1.18372	-35.1533
18	17	1.18372	-32.8292
9	18	1.24893	42.6701
9.09091	18	1.24893	43.2183
9.18182	18	1.24893	43.5229
9.27273	18	1.24893	43.7566
9.36364	18	1.24893	43.6897
9.45455	18	1.24893	43.6221
9.54545	18	1.24893	43.5539
9.63636	18	1.24893	43.4851
9.72727	18	1.24893	43.4154
9.81818	18	1.24893	43.3448
9.90909	18	1.24893	43.2733
10	18	1.24893	43.2007
10.0909	18	1.24893	43.127
10.1818	18	1.24893	43.0518
10.2727	18	1.24893	42.9752
10.3636	18	1.24893	42.8969
10.4545	18	1.24893	42.8168
10.5455	18	1.24893	42.7346
10.6364	18	1.24893	42.6501
10.7273	18	1.24893	42.5632
10.8182	18	1.24893	42.4734
10.9091	18	1.24893	42.3806
11	18	1.24893	42.2844
11.0909	18	1.24893	42.1846
11.1818	18	1.24893	42.0808
11.2727	18	1.24893	41.9727
11.3636	18	1.24893	41.8599
11.4545	18	1.24893	41.7422
11.5455	18	1.24893	41.619
11.6364	18	1.24893	41.4901
11.7273	18	1.24893	41.355
11.8182	18	1.24893	41.2134
11.9091	18	1.24893	41.0648
12	18	1.24893	40.9089
12.0909	18	1.24893	40.7452
12.1818	18	1.24893	40.5733
12.2727	18	1.24893	40.3926
12.3636	18	1.24893	40.2027
12.4545	18	1.24893	40.0031
12.5455	18	1.24893	39.7931
12.6364	18	1.24893	39.572
12.7273	18	1.24893	39.339
12.8182	18	1.24893	39.0932
12.9091	18	1.24893	38.833
13	18	1.24893	38.5577
13.0909	18	1.24893	38.2662
13.1818	18	1.24893	37.9553
13.2727	18	1.24893	37.6216
13.3636	18	1.24893	37.26
13.4545	18	1.24893	36.8589
13.5455	18	1.24893	36.4009
13.6364	18	1.24893	35.8591
13.7273	18	1.24893	35.1953
13.8182	18	1.24893	34.3532
13.9091	18	1.24893	33.2648
14	18	1.24893	31.847
14.0909	18	1.24893	30.0073
14.1818	18	1.24893	27.641
14.2727	18	1.24893	24.6286
14.3636	18	1.24893	20.8163
14.4545	18	1.24893	15.8224
14.5455	18	1.24893	8.77123
14.6364	18	1.24893	-2.94986
14.7273	18	1.24893	-24.3299
14.8182	18	1.24893	-31.3223
14.9091	18	1.24893	-31.6204
15	18	1.24893	-31.8817
15.0909	18	1.24893	-32.1064
15.1818	18	1.24893	-32.2969
15.2727	18	1.24893	-32.4614
15.3636	18	1.24893	-32.6028
15.4545	18	1.24893	-32.7248
15.5455	18	1.24893	-32.8336
15.6364	18	1.24893	-32.9289
15.7273	18	1.24893	-33.0179
15.8182	18	1.24893	-33.1002
15.9091	18	1.24893	-33.1802
16	18	1.24893	-33.2575
16.0909	18	1.24893	-33.3358
16.1818	18	1.24893	-33.4112
16.2727	18	1.24893	-33.4892
16.3636	18	1.24893	-33.5683
16.4545	18	1.24893	-33.6487
16.5455	18	1.24893	-33.7327
16.6364	18	1.24893	-33.815
16.7273	18	1.24893	-33.9007
16.8182	18	1.24893	-33.9827
16.9091	18	1.24893	-34.0677
17	18	1.24893	-34.1512
17.0909	18	1.24893	-34.2377
17.1818	18	1.24893	-34.3232
17.2727	18	1.24893	-34.4128
17.3636	18	1.24893	-34.4974
17.4545	18	1.24893	-34.5881
17.5455	18	1.24893	-34.6683
17.6364	18	1.24893	-34.7563
17.7273	18	1.24893	-34.8348
17.8182	18	1.24893	-34.9215
17.9091	18	1.24893	-35.0049
18	18	1.24893	-32.6285
9	19	1.31414	42.7409
9.09091	19	1.31414	43.2892
9.18182	19	1.31414	43.5939
9.27273	19	1.31414	43.8279
9.36364	19	1.31414	43.76
9.45455	19	1.31414	43.6913
9.54545	19	1.31414	43.6219
9.63636	19	1.31414	43.5516
9.72727	19	1.31414	43.4804
9.81818	19	1.31414	43.4081
9.90909	19	1.31414	43.3346
10	19	1.31414	43.2598
10.0909	19	1.31414	43.1836
10.1818	19	1.31414	43.1057
10.2727	19	1.31414	43.0259
10.3636	19	1.31414	42.9442
10.4545	19	1.31414	42.8602
10.5455	19	1.31414	42.7738
10.6364	19	1.31414	42.6846
10.7273	19	1.31414	42.5924
10.8182	19	1.31414	42.497
10.9091	19	1.31414	42.3979
11	19	1.31414	42.2949
11.0909	19	1.31414	42.1877
11.1818	19	1.31414	42.0759
11.2727	19	1.31414	41.9592
11.3636	19	1.31414	41.8372
11.4545	19	1.31414	41.7095
11.5455	19	1.31414	41.5758
11.6364	19	1.31414	41.4357
11.7273	19	1.31414	41.2888
11.8182	19	1.31414	41.1347
11.9091	19	1.31414	40.973
12	19	1.31414	40.8033
12.0909	19	1.31414	40.6252
12.1818	19	1.31414	40.4382
12.2727	19	1.31414	40.2419
12.3636	19	1.31414	40.0356
12.4545	19	1.31414	39.819
12.5455	19	1.31414	39.5912
12.6364	19	1.31414	39.3518
12.7273	19	1.31414	39.0998
12.8182	19	1.31414	38.8342
12.9091	19	1.31414	38.5535
13	19	1.31414	38.2568
13.0909	19	1.31414	37.943
13.1818	19	1.31414	37.609
13.2727	19	1.31414	37.2511
13.3636	19	1.31414	36.8642
13.4545	19	1.31414	36.4368
13.5455	19	1.31414	35.9512
13.6364	19	1.31414	35.3807
13.7273	19	1.31414	34.6866
13.8182	19	1.31414	33.8116
13.9091	19	1.31414	32.6855
14	19	1.31414	31.2221
14.0909	19	1.31414	29.3251
14.1818	19	1.31414	26.885
14.2727	19	1.31414	23.7773
14.3636	19	1.31414	19.8415
14.4545	19	1.31414	14.6825
14.5455	19	1.31414	7.39546
14.6364	19	1.31414	-4.71314
14.7273	19	1.31414	-26.0844
14.8182	19	1.31414	-31.115
14.9091	19	1.31414	-31.4132
15	19	1.31414	-31.6753
15.0909	19	1.31414	-31.9012
15.1818	19	1.31414	-32.0934
15.2727	19	1.31414	-32.2596
15.3636	19	1.31414	-32.4026
15.4545	19	1.31414	-32.5261
15.5455	19	1.31414	-32.6363
15.6364	19	1.31414	-32.7327
15.7273	19	1.31414	-32.8226
15.8182	19	1.31414	-32.9055
15.9091	19	1.31414	-32.9858
16	19	1.31414	-33.0632
16.0909	19	1.31414	-33.1413
16.1818	19	1.31414	-33.2165
16.2727	19	1.31414	-33.294
16.3636	19	1.31414	-33.3726
16.4545	19	1.31414	-33.4523
16.5455	19	1.31414	-33.5353
16.6364	19	1.31414	-33.6169
16.7273	19	1.31414	-33.7017
16.8182	19	1.31414	-33.783
16.9091	19	1.31414	-33.8672
17	19	1.31414	-33.9499
17.0909	19	1.31414	-34.0355
17.1818	19	1.31414	-34.1199
17.2727	19	1.31414	-34.2083
17.3636	19	1.31414	-34.2917
17.4545	19	1.31414	-34.381
17.5455	19	1.31414	-34.4603
17.6364	19	1.31414	-34.5471
17.7273	19	1.31414	-34.6246
17.8182	19	1.31414	-34.7099
17.9091	19	1.31414	-34.7917
18	19	1.31414	-32.4282
9	20	1.37935	42.8071
9.09091	20	1.37935	43.3556
9.18182	20	1.37935	43.6607
9.27273	20	1.37935	43.8951
9.36364	20	1.37935	43.8257
9.45455	20	1.37935	43.7555
9.54545	20	1.37935	43.6844
9.63636	20	1.37935	43.6123
9.72727	20	1.37935	43.5389
9.81818	20	1.37935	43.4643
9.90909	20	1.37935	43.3882
10	20	1.37935	43.3105
10.0909	20	1.37935	43.231
10.1818	20	1.37935	43.1495
10.2727	20	1.37935	43.0658
10.3636	20	1.37935	42.9797
10.4545	20	1.37935	42.8908
10.5455	20	1.37935	42.799
10.6364	20	1.37935	42.704
10.7273	20	1.37935	42.6054
10.8182	20	1.37935	42.5029
10.9091	20	1.37935	42.3962
11	20	1.37935	42.285
11.0909	20	1.37935	42.169
11.1818	20	1.37935	42.0477
11.2727	20	1.37935	41.9209
11.3636	20	1.37935	41.7881
11.4545	20	1.37935	41.649
11.5455	20	1.37935	41.5032
11.6364	20	1.37935	41.3504
11.7273	20	1.37935	41.1901
11.8182	20	1.37935	41.022
11.9091	20	1.37935	40.8456
12	20	1.37935	40.6606
12.0909	20	1.37935	40.4666
12.1818	20	1.37935	40.263
12.2727	20	1.37935	40.0494
12.3636	20	1.37935	39.8254
12.4545	20	1.37935	39.5902
12.5455	20	1.37935	39.3434
12.6364	20	1.37935	39.0841
12.7273	20	1.37935	38.8116
12.8182	20	1.37935	38.5249
12.9091	20	1.37935	38.2221
13	20	1.37935	37.9027
13.0909	20	1.37935	37.5653
13.1818	20	1.37935	37.2066
13.2727	20	1.37935	36.8231
13.3636	20	1.37935	36.4095
13.4545	20	1.37935	35.9542
13.5455	20	1.37935	35.4397
13.6364	20	1.37935	34.8393
13.7273	20	1.37935	34.1144
13.8182	20	1.37935	33.2071
13.9091	20	1.37935	32.0454
14	20	1.37935	30.5409
14.0909	20	1.37935	28.594
14.1818	20	1.37935	26.0917
14.2727	20	1.37935	22.9046
14.3636	20	1.37935	18.867
14.4545	20	1.37935	13.5707
14.5455	20	1.37935	6.08073
14.6364	20	1.37935	-6.38929
14.7273	20	1.37935	-26.7352
14.8182	20	1.37935	-30.8872
14.9091	20	1.37935	-31.1897
15	20	1.37935	-31.4589
15.0909	20	1.37935	-31.6939
15.1818	20	1.37935	-31.8954
15.2727	20	1.37935	-32.0705
15.3636	20	1.37935	-32.2211
15.4545	20	1.37935	-32.3509
15.5455	20	1.37935	-32.4662
15.6364	20	1.37935	-32.5668
15.7273	20	1.37935	-32.6595
15.8182	20	1.37935	-32.744
15.9091	20	1.37935	-32.8247
16	20	1.37935	-32.9021
16.0909	20	1.37935	-32.9797
16.1818	20	1.37935	-33.0548
16.2727	20	1.37935	-33.132
16.3636	20	1.37935	-33.2099
16.4545	20	1.37935	-33.2888
16.5455	20	1.37935	-33.3708
16.6364	20	1.37935	-33.4518
16.7273	20	1.37935	-33.5364
16.8182	20	1.37935	-33.618
16.9091	20	1.37935	-33.7029
17	20	1.37935	-33.7855
17.0909	20	1.37935	-33.8712
17.1818	20	1.37935	-33.9546
17.2727	20	1.37935	-34.0424
17.3636	20	1.37935	-34.1254
17.4545	20	1.37935	-34.2148
17.5455	20	1.37935	-34.2947
17.6364	20	1.37935	-34.3823
17.7273	20	1.37935	-34.4605
17.8182	20	1.37935	-34.5462
17.9091	20	1.37935	-34.6271
18	20	1.37935	-32.2284
9	21	1.44456	42.8674
9.09091	21	1.44456	43.4162
9.18182	21	1.44456	43.7217
9.27273	21	1.44456	43.9566
9.36364	21	1.44456	43.8856
9.45455	21	1.44456	43.8135
9.54545	21	1.44456	43.7403
9.63636	21	1.44456	43.6658
9.72727	21	1.44456	43.5898
9.81818	21	1.44456	43.5122
9.90909	21	1.44456	43.4328
10	21	1.44456	43.3514
10.0909	21	1.44456	43.2678
10.1818	21	1.44456	43.1818
10.2727	21	1.44456	43.093
10.3636	21	1.44456	43.0014
10.4545	21	1.44456	42.9064
10.5455	21	1.44456	42.808
10.6364	21	1.44456	42.7057
10.7273	21	1.44456	42.5992
10.8182	21	1.44456	42.4883
10.9091	21	1.44456	42.3725
11	21	1.44456	42.2515
11.0909	21	1.44456	42.125
11.1818	21	1.44456	41.9927
11.2727	21	1.44456	41.8541
11.3636	21	1.44456	41.7089
11.4545	21	1.44456	41.5568
11.5455	21	1.44456	41.3973
11.6364	21	1.44456	41.2301
11.7273	21	1.44456	41.0549
11.8182	21	1.44456	40.8711
11.9091	21	1.44456	40.6786
12	21	1.44456	40.4767
12.0909	21	1.44456	40.2652
12.1818	21	1.44456	40.0436
12.2727	21	1.44456	39.8114
12.3636	21	1.44456	39.5681
12.4545	21	1.44456	39.3131
12.5455	21	1.44456	39.0457
12.6364	21	1.44456	38.7653
12.7273	21	1.44456	38.4709
12.8182	21	1.44456	38.1616
12.9091	21	1.44456	37.8356
13	21	1.44456	37.4921
13.0909	21	1.44456	37.1298
13.1818	21	1.44456	36.7454
13.2727	21	1.44456	36.335
13.3636	21	1.44456	35.8935
13.4545	21	1.44456	35.4093
13.5455	21	1.44456	34.8648
13.6364	21	1.44456	34.2338
13.7273	21	1.44456	33.4776
13.8182	21	1.44456	32.5381
13.9091	21	1.44456	31.3423
14	21	1.44456	29.7996
14.0909	21	1.44456	27.8075
14.1818	21	1.44456	25.2496
14.2727	21	1.44456	21.9926
14.3636	21	1.44456	17.8651
14.4545	21	1.44456	12.446
14.5455	21	1.44456	4.76917
14.6364	21	1.44456	-8.04862
14.7273	21	1.44456	-27.3473
14.8182	21	1.44456	-30.6756
14.9091	21	1.44456	-30.9778
15	21	1.44456	-31.2473
15.0909	21	1.44456	-31.4832
15.1818	21	1.44456	-31.6858
15.2727	21	1.44456	-31.8623
15.3636	21	1.44456	-32.0143
15.4545	21	1.44456	-32.1455
15.5455	21	1.44456	-32.2623
15.6364	21	1.44456	-32.3642
15.7273	21	1.44456	-32.4581
15.8182	21	1.44456	-32.5436
15.9091	21	1.44456	-32.625
16	21	1.44456	-32.703
16.0909	21	1.44456	-32.7807
16.1818	21	1.44456	-32.8559
16.2727	21	1.44456	-32.9329
16.3636	21	1.44456	-33.0103
16.4545	21	1.44456	-33.0888
16.5455	21	1.44456	-33.17
16.6364	21	1.44456	-33.2503
16.7273	21	1.44456	-33.3342
16.8182	21	1.44456	-33.4151
16.9091	21	1.44456	-33.4993
17	21	1.44456	-33.5811
17.0909	21	1.44456	-33.6659
17.1818	21	1.44456	-33.7485
17.2727	21	1.44456	-33.8352
17.3636	21	1.44456	-33.9171
17.4545	21	1.44456	-34.0053
17.5455	21	1.44456	-34.0843
17.6364	21	1.44456	-34.1706
17.7273	21	1.44456	-34.2477
17.8182	21	1.44456	-34.3321
17.9091	21	1.44456	-34.4115
18	21	1.44456	-32.0288
9	22	1.50977	42.919
9.09091	22	1.50977	43.4681
9.18182	22	1.50977	43.7742
9.27273	22	1.50977	44.01
9.36364	22	1.50977	43.9367
9.45455	22	1.50977	43.8621
9.54545	22	1.50977	43.786
9.63636	22	1.50977	43.7083
9.72727	22	1.50977	43.6288
9.81818	22	1.50977	43.5473
9.90909	22	1.50977	43.4635
10	22	1.50977	43.3773
10.0909	22	1.50977	43.2884
10.1818	22	1.50977	43.1965
10.2727	22	1.50977	43.1013
10.3636	22	1.50977	43.0026
10.4545	22	1.50977	42.9001
10.5455	22	1.50977	42.7933
10.6364	22	1.50977	42.6821
10.7273	22	1.50977	42.5661
10.8182	22	1.50977	42.4449
10.9091	22	1.50977	42.3182
11	22	1.50977	42.1857
11.0909	22	1.50977	42.047
11.1818	22	1.50977	41.9017
11.2727	22	1.50977	41.7496
11.3636	22	1.50977	41.5902
11.4545	22	1.50977	41.4232
11.5455	22	1.50977	41.2482
11.6364	22	1.50977	41.0649
11.7273	22	1.50977	40.873
11.8182	22	1.50977	40.6719
11.9091	22	1.50977	40.4614
12	22	1.50977	40.2411
12.0909	22	1.50977	40.0105
12.1818	22	1.50977	39.7691
12.2727	22	1.50977	39.5166
12.3636	22	1.50977	39.2524
12.4545	22	1.50977	38.9758
12.5455	22	1.50977	38.6863
12.6364	22	1.50977	38.3831
12.7273	22	1.50977	38.0653
12.8182	22	1.50977	37.7318
12.9091	22	1.50977	37.3809
13	22	1.50977	37.0117
13.0909	22	1.50977	36.6229
13.1818	22	1.50977	36.2109
13.2727	22	1.50977	35.7721
13.3636	22	1.50977	35.3009
13.4545	22	1.50977	34.7858
13.5455	22	1.50977	34.2094
13.6364	22	1.50977	33.5455
13.7273	22	1.50977	32.7555
13.8182	22	1.50977	31.781
13.9091	22	1.50977	30.548
14	22	1.50977	28.9638
14.0909	22	1.50977	26.9232
14.1818	22	1.50977	24.3057
14.2727	22	1.50977	20.9741
14.3636	22	1.50977	16.7513
14.4545	22	1.50977	11.2021
14.5455	22	1.50977	3.32716
14.6364	22	1.50977	-9.85875
14.7273	22	1.50977	-28.0136
14.8182	22	1.50977	-30.4697
14.9091	22	1.50977	-30.772
15	22	1.50977	-31.0419
15.0909	22	1.50977	-31.2783
15.1818	22	1.50977	-31.482
15.2727	22	1.50977	-31.6596
15.3636	22	1.50977	-31.8131
15.4545	22	1.50977	-31.9458
15.5455	22	1.50977	-32.064
15.6364	22	1.50977	-32.1673
15.7273	22	1.50977	-32.2624
15.8182	22	1.50977	-32.349
15.9091	22	1.50977	-32.431
16	22	1.50977	-32.5093
16.0909	22	1.50977	-32.587
16.1818	22	1.50977	-32.6619
16.2727	22	1.50977	-32.7384
16.3636	22	1.50977	-32.8152
16.4545	22	1.50977	-32.8928
16.5455	22	1.50977	-32.9731
16.6364	22	1.50977	-33.0524
16.7273	22	1.50977	-33.1351
16.8182	22	1.50977	-33.2151
16.9091	22	1.50977	-33.2982
17	22	1.50977	-33.379
17.0909	22	1.50977	-33.4626
17.1818	22	1.50977	-33.5439
17.2727	22	1.50977	-33.6292
17.3636	22	1.50977	-33.7097
17.4545	22	1.50977	-33.7962
17.5455	22	1.50977	-33.8737
17.6364	22	1.50977	-33.9583
17.7273	22	1.50977	-34.0337
17.8182	22	1.50977	-34.1161
17.9091	22	1.50977	-34.1935
18	22	1.50977	-31.8293
9	23	1.57498	42.9594
9.09091	23	1.57498	43.5091
9.18182	23	1.57498	43.8161
9.27273	23	1.57498	44.053
9.36364	23	1.57498	43.9767
9.45455	23	1.57498	43.8987
9.54545	23	1.57498	43.8188
9.63636	23	1.57498	43.7369
9.72727	23	1.57498	43.6527
9.81818	23	1.57498	43.566
9.90909	23	1.57498	43.4766
10	23	1.57498	43.3841
10.0909	23	1.57498	43.2883
10.1818	23	1.57498	43.1889
10.2727	23	1.57498	43.0856
10.3636	23	1.57498	42.9781
10.4545	23	1.57498	42.8661
10.5455	23	1.57498	42.7493
10.6364	23	1.57498	42.6273
10.7273	23	1.57498	42.4998
10.8182	23	1.57498	42.3664
10.9091	23	1.57498	42.2269
11	23	1.57498	42.0809
11.0909	23	1.57498	41.928
11.1818	23	1.57498	41.7679
11.2727	23	1.57498	41.6003
11.3636	23	1.57498	41.4248
11.4545	23	1.57498	41.2412
11.5455	23	1.57498	41.0489
11.6364	23	1.57498	40.8478
11.7273	23	1.57498	40.6373
11.8182	23	1.57498	40.4172
11.9091	23	1.57498	40.1871
12	23	1.57498	39.9466
12.0909	23	1.57498	39.6952
12.1818	23	1.57498	39.4326
12.2727	23	1.57498	39.1582
12.3636	23	1.57498	38.8715
12.4545	23	1.57498	38.5718
12.5455	23	1.57498	38.2586
12.6364	23	1.57498	37.9311
12.7273	23	1.57498	37.5883
12.8182	23	1.57498	37.2291
12.9091	23	1.57498	36.8517
13	23	1.57498	36.4552
13.0909	23	1.57498	36.0383
13.1818	23	1.57498	35.5973
13.2727	23	1.57498	35.1283
13.3636	23	1.57498	34.6259
13.4545	23	1.57498	34.0784
13.5455	23	1.57498	33.4684
13.6364	23	1.57498	32.7698
13.7273	23	1.57498	31.9445
13.8182	23	1.57498	30.9337
13.9091	23	1.57498	29.6627
14	23	1.57498	28.0369
14.0909	23	1.57498	25.9481
14.1818	23	1.57498	23.2728
14.2727	23	1.57498	19.869
14.3636	23	1.57498	15.5544
14.4545	23	1.57498	9.88004
14.5455	23	1.57498	1.81341
14.6364	23	1.57498	-11.7345
14.7273	23	1.57498	-28.6842
14.8182	23	1.57498	-30.2409
14.9091	23	1.57498	-30.5423
15	23	1.57498	-30.8142
15.0909	23	1.57498	-31.0548
15.1818	23	1.57498	-31.2653
15.2727	23	1.57498	-31.451
15.3636	23	1.57498	-31.613
15.4545	23	1.57498	-31.7535
15.5455	23	1.57498	-31.8786
15.6364	23	1.57498	-31.9877
15.7273	23	1.57498	-32.0873
15.8182	23	1.57498	-32.1775
15.9091	23	1.57498	-32.2618
16	23	1.57498	-32.3414
16.0909	23	1.57498	-32.4191
16.1818	23	1.57498	-32.4941
16.2727	23	1.57498	-32.5702
16.3636	23	1.57498	-32.6466
16.4545	23	1.57498	-32.7238
16.5455	23	1.57498	-32.803
16.6364	23	1.57498	-32.8814
16.7273	23	1.57498	-32.9631
16.8182	23	1.57498	-33.0425
16.9091	23	1.57498	-33.1254
17	23	1.57498	-33.2062
17.0909	23	1.57498	-33.2901
17.1818	23	1.57498	-33.3709
17.2727	23	1.57498	-33.4556
17.3636	23	1.57498	-33.5351
17.4545	23	1.57498	-33.6205
17.5455	23	1.57498	-33.6977
17.6364	23	1.57498	-33.782
17.7273	23	1.57498	-33.8579
17.8182	23	1.57498	-33.9407
17.9091	23	1.57498	-34.0178
18	23	1.57498	-31.6292
9	24	1.64018	42.986
9.09091	24	1.64018	43.5365
9.18182	24	1.64018	43.8448
9.27273	24	1.64018	44.0836
9.36364	24	1.64018	44.0031
9.45455	24	1.64018	43.9205
9.54545	24	1.64018	43.8356
9.63636	24	1.64018	43.7481
9.72727	24	1.64018	43.6577
9.81818	24	1.64018	43.5642
9.90909	24	1.64018	43.4673
10	24	1.64018	43.3667
10.0909	24	1.64018	43.2621
10.1818	24	1.64018	43.1533
10.2727	24	1.64018	43.0398
10.3636	24	1.64018	42.9215
10.4545	24	1.64018	42.7979
10.5455	24	1.64018	42.6689
10.6364	24	1.64018	42.5339
10.7273	24	1.64018	42.3928
10.8182	24	1.64018	42.2452
10.9091	24	1.64018	42.0907
11	24	1.64018	41.9291
11.0909	24	1.64018	41.7601
11.1818	24	1.64018	41.5832
11.2727	24	1.64018	41.3982
11.3636	24	1.64018	41.2048
11.4545	24	1.64018	41.0026
11.5455	24	1.64018	40.7912
11.6364	24	1.64018	40.5704
11.7273	24	1.64018	40.3398
11.8182	24	1.64018	40.099
11.9091	24	1.64018	39.8476
12	24	1.64018	39.5853
12.0909	24	1.64018	39.3117
12.1818	24	1.64018	39.0261
12.2727	24	1.64018	38.7283
12.3636	24	1.64018	38.4176
12.4545	24	1.64018	38.0935
12.5455	24	1.64018	37.7551
12.6364	24	1.64018	37.4017
12.7273	24	1.64018	37.0325
12.8182	24	1.64018	36.6462
12.9091	24	1.64018	36.241
13	24	1.64018	35.8159
13.0909	24	1.64018	35.3695
13.1818	24	1.64018	34.8981
13.2727	24	1.64018	34.3976
13.3636	24	1.64018	33.8626
13.4545	24	1.64018	33.2813
13.5455	24	1.64018	32.6363
13.6364	24	1.64018	31.9019
13.7273	24	1.64018	31.0399
13.8182	24	1.64018	29.9919
13.9091	24	1.64018	28.6824
14	24	1.64018	27.0151
14.0909	24	1.64018	24.8792
14.1818	24	1.64018	22.1475
14.2727	24	1.64018	18.6738
14.3636	24	1.64018	14.2704
14.4545	24	1.64018	8.4744
14.5455	24	1.64018	0.22045
14.6364	24	1.64018	-13.683
14.7273	24	1.64018	-29.3713
14.8182	24	1.64018	-30.0397
14.9091	24	1.64018	-30.3393
15	24	1.64018	-30.6101
15.0909	24	1.64018	-30.85
15.1818	24	1.64018	-31.0603
15.2727	24	1.64018	-31.2462
15.3636	24	1.64018	-31.4089
15.4545	24	1.64018	-31.5504
15.5455	24	1.64018	-31.6767
15.6364	24	1.64018	-31.7871
15.7273	24	1.64018	-31.8879
15.8182	24	1.64018	-31.9792
15.9091	24	1.64018	-32.0643
16	24	1.64018	-32.1446
16.0909	24	1.64018	-32.2227
16.1818	24	1.64018	-32.2978
16.2727	24	1.64018	-32.3736
16.3636	24	1.64018	-32.4495
16.4545	24	1.64018	-32.526
16.5455	24	1.64018	-32.6044
16.6364	24	1.64018	-32.6818
16.7273	24	1.64018	-32.7622
16.8182	24	1.64018	-32.8404
16.9091	24	1.64018	-32.9219
17	24	1.64018	-33.0014
17.0909	24	1.64018	-33.0837
17.1818	24	1.64018	-33.1631
17.2727	24	1.64018	-33.2463
17.3636	24	1.64018	-33.3242
17.4545	24	1.64018	-33.4077
17.5455	24	1.64018	-33.4831
17.6364	24	1.64018	-33.5652
17.7273	24	1.64018	-33.6391
17.8182	24	1.64018	-33.7195
17.9091	24	1.64018	-33.7944
18	24	1.64018	-31.4285
9	25	1.70539	42.9947
9.09091	25	1.70539	43.5465
9.18182	25	1.70539	43.857
9.27273	25	1.70539	44.0985
9.36364	25	1.70539	44.0124
9.45455	25	1.70539	43.9234
9.54545	25	1.70539	43.8315
9.63636	25	1.70539	43.7363
9.72727	25	1.70539	43.6376
9.81818	25	1.70539	43.535
9.90909	25	1.70539	43.4284
10	25	1.70539	43.3173
10.0909	25	1.70539	43.2015
10.1818	25	1.70539	43.0808
10.2727	25	1.70539	42.9547
10.3636	25	1.70539	42.823
10.4545	25	1.70539	42.6854
10.5455	25	1.70539	42.5417
10.6364	25	1.70539	42.3914
10.7273	25	1.70539	42.2343
10.8182	25	1.70539	42.07
10.9091	25	1.70539	41.8984
11	25	1.70539	41.7191
11.0909	25	1.70539	41.5317
11.1818	25	1.70539	41.3359
11.2727	25	1.70539	41.1316
11.3636	25	1.70539	40.9182
11.4545	25	1.70539	40.6956
11.5455	25	1.70539	40.4633
11.6364	25	1.70539	40.2211
11.7273	25	1.70539	39.9685
11.8182	25	1.70539	39.7053
11.9091	25	1.70539	39.4311
12	25	1.70539	39.1453
12.0909	25	1.70539	38.8478
12.1818	25	1.70539	38.5378
12.2727	25	1.70539	38.2151
12.3636	25	1.70539	37.8789
12.4545	25	1.70539	37.5286
12.5455	25	1.70539	37.1636
12.6364	25	1.70539	36.783
12.7273	25	1.70539	36.3859
12.8182	25	1.70539	35.9709
12.9091	25	1.70539	35.5364
13	25	1.70539	35.0811
13.0909	25	1.70539	34.6037
13.1818	25	1.70539	34.1003
13.2727	25	1.70539	33.5668
13.3636	25	1.70539	32.9976
13.4545	25	1.70539	32.3808
13.5455	25	1.70539	31.6992
13.6364	25	1.70539	30.9271
13.7273	25	1.70539	30.0269
13.8182	25	1.70539	28.9402
13.9091	25	1.70539	27.5914
14	25	1.70539	25.8828
14.0909	25	1.70539	23.7012
14.1818	25	1.70539	20.9159
14.2727	25	1.70539	17.377
14.3636	25	1.70539	12.891
14.4545	25	1.70539	6.98144
14.5455	25	1.70539	-1.44994
14.6364	25	1.70539	-15.6985
14.7273	25	1.70539	-29.52
14.8182	25	1.70539	-29.8464
14.9091	25	1.70539	-30.1441
15	25	1.70539	-30.4137
15.0909	25	1.70539	-30.6531
15.1818	25	1.70539	-30.8636
15.2727	25	1.70539	-31.0502
15.3636	25	1.70539	-31.2143
15.4545	25	1.70539	-31.3575
15.5455	25	1.70539	-31.4857
15.6364	25	1.70539	-31.598
15.7273	25	1.70539	-31.7005
15.8182	25	1.70539	-31.7932
15.9091	25	1.70539	-31.8794
16	25	1.70539	-31.9603
16.0909	25	1.70539	-32.0385
16.1818	25	1.70539	-32.1135
16.2727	25	1.70539	-32.1886
16.3636	25	1.70539	-32.2638
16.4545	25	1.70539	-32.3393
16.5455	25	1.70539	-32.4165
16.6364	25	1.70539	-32.4928
16.7273	25	1.70539	-32.5718
16.8182	25	1.70539	-32.6485
16.9091	25	1.70539	-32.7284
17	25	1.70539	-32.8062
17.0909	25	1.70539	-32.8869
17.1818	25	1.70539	-32.9646
17.2727	25	1.70539	-33.0459
17.3636	25	1.70539	-33.1219
17.4545	25	1.70539	-33.2032
17.5455	25	1.70539	-33.2764
17.6364	25	1.70539	-33.3559
17.7273	25	1.70539	-33.4274
17.8182	25	1.70539	-33.5051
17.9091	25	1.70539	-33.5772
18	25	1.70539	-31.227
9	26	1.7706	42.9763
9.09091	26	1.7706	43.5303
9.18182	26	1.7706	43.8445
9.27273	26	1.7706	44.0907
9.36364	26	1.7706	43.9963
9.45455	26	1.7706	43.8984
9.54545	26	1.7706	43.7968
9.63636	26	1.7706	43.691
9.72727	26	1.7706	43.581
9.81818	26	1.7706	43.4663
9.90909	26	1.7706	43.3468
10	26	1.7706	43.2222
10.0909	26	1.7706	43.0921
10.1818	26	1.7706	42.9563
10.2727	26	1.7706	42.8146
10.3636	26	1.7706	42.6666
10.4545	26	1.7706	42.5121
10.5455	26	1.7706	42.3508
10.6364	26	1.7706	42.1825
10.7273	26	1.7706	42.0067
10.8182	26	1.7706	41.8234
10.9091	26	1.7706	41.6321
11	26	1.7706	41.4326
11.0909	26	1.7706	41.2245
11.1818	26	1.7706	41.0077
11.2727	26	1.7706	40.7818
11.3636	26	1.7706	40.5464
11.4545	26	1.7706	40.3014
11.5455	26	1.7706	40.0462
11.6364	26	1.7706	39.7807
11.7273	26	1.7706	39.5044
11.8182	26	1.7706	39.217
11.9091	26	1.7706	38.9181
12	26	1.7706	38.6072
12.0909	26	1.7706	38.2841
12.1818	26	1.7706	37.9481
12.2727	26	1.7706	37.5987
12.3636	26	1.7706	37.2354
12.4545	26	1.7706	36.8575
12.5455	26	1.7706	36.4642
12.6364	26	1.7706	36.0547
12.7273	26	1.7706	35.6279
12.8182	26	1.7706	35.1827
12.9091	26	1.7706	34.7171
13	26	1.7706	34.2299
13.0909	26	1.7706	33.7196
13.1818	26	1.7706	33.1824
13.2727	26	1.7706	32.6139
13.3636	26	1.7706	32.0084
13.4545	26	1.7706	31.354
13.5455	26	1.7706	30.6333
13.6364	26	1.7706	29.8209
13.7273	26	1.7706	28.8793
13.8182	26	1.7706	27.7503
13.9091	26	1.7706	26.3579
14	26	1.7706	24.6032
14.0909	26	1.7706	22.3706
14.1818	26	1.7706	19.5258
14.2727	26	1.7706	15.9144
14.3636	26	1.7706	11.3373
14.4545	26	1.7706	5.30329
14.5455	26	1.7706	-3.32091
14.6364	26	1.7706	-17.9425
14.7273	26	1.7706	-29.3401
14.8182	26	1.7706	-29.654
14.9091	26	1.7706	-29.9461
15	26	1.7706	-30.2128
15.0909	26	1.7706	-30.4508
15.1818	26	1.7706	-30.6622
15.2727	26	1.7706	-30.8515
15.3636	26	1.7706	-31.0202
15.4545	26	1.7706	-31.1688
15.5455	26	1.7706	-31.3027
15.6364	26	1.7706	-31.4201
15.7273	26	1.7706	-31.5267
15.8182	26	1.7706	-31.6231
15.9091	26	1.7706	-31.7119
16	26	1.7706	-31.7946
16.0909	26	1.7706	-31.8734
16.1818	26	1.7706	-31.9485
16.2727	26	1.7706	-32.0229
16.3636	26	1.7706	-32.0972
16.4545	26	1.7706	-32.1717
16.5455	26	1.7706	-32.2476
16.6364	26	1.7706	-32.3227
16.7273	26	1.7706	-32.4001
16.8182	26	1.7706	-32.4752
16.9091	26	1.7706	-32.5535
17	26	1.7706	-32.63
17.0909	26	1.7706	-32.7095
17.1818	26	1.7706	-32.7862
17.2727	26	1.7706	-32.8662
17.3636	26	1.7706	-32.9408
17.4545	26	1.7706	-33.0201
17.5455	26	1.7706	-33.0916
17.6364	26	1.7706	-33.1689
17.7273	26	1.7706	-33.2388
17.8182	26	1.7706	-33.3147
17.9091	26	1.7706	-33.3851
18	26	1.7706	-31.0247
9	27	1.83581	42.9107
9.09091	27	1.83581	43.4688
9.18182	27	1.83581	43.7898
9.27273	27	1.83581	44.0444
9.36364	27	1.83581	43.9376
9.45455	27	1.83581	43.8264
9.54545	27	1.83581	43.7106
9.63636	27	1.83581	43.5899
9.72727	27	1.83581	43.4642
9.81818	27	1.83581	43.3332
9.90909	27	1.83581	43.1966
10	27	1.83581	43.0542
10.0909	27	1.83581	42.9058
10.1818	27	1.83581	42.7512
10.2727	27	1.83581	42.59
10.3636	27	1.83581	42.4221
10.4545	27	1.83581	42.2472
10.5455	27	1.83581	42.065
10.6364	27	1.83581	41.8753
10.7273	27	1.83581	41.6778
10.8182	27	1.83581	41.4723
10.9091	27	1.83581	41.2585
11	27	1.83581	41.036
11.0909	27	1.83581	40.8047
11.1818	27	1.83581	40.5641
11.2727	27	1.83581	40.3141
11.3636	27	1.83581	40.0543
11.4545	27	1.83581	39.7844
11.5455	27	1.83581	39.504
11.6364	27	1.83581	39.2128
11.7273	27	1.83581	38.9105
11.8182	27	1.83581	38.5966
11.9091	27	1.83581	38.2708
12	27	1.83581	37.9326
12.0909	27	1.83581	37.5816
12.1818	27	1.83581	37.2173
12.2727	27	1.83581	36.8391
12.3636	27	1.83581	36.4464
12.4545	27	1.83581	36.0385
12.5455	27	1.83581	35.6145
12.6364	27	1.83581	35.1737
12.7273	27	1.83581	34.7149
12.8182	27	1.83581	34.2367
12.9091	27	1.83581	33.7373
13	27	1.83581	33.2154
13.0909	27	1.83581	32.6694
13.1818	27	1.83581	32.0951
13.2727	27	1.83581	31.4883
13.3636	27	1.83581	30.843
13.4545	27	1.83581	30.147
13.5455	27	1.83581	29.3827
13.6364	27	1.83581	28.5247
13.7273	27	1.83581	27.5354
13.8182	27	1.83581	26.3566
13.9091	27	1.83581	24.9115
14	27	1.83581	23.0995
14.0909	27	1.83581	20.8021
14.1818	27	1.83581	17.8812
14.2727	27	1.83581	14.1769
14.3636	27	1.83581	9.48342
14.4545	27	1.83581	3.29229
14.5455	27	1.83581	-5.57149
14.6364	27	1.83581	-20.6466
14.7273	27	1.83581	-29.2428
14.8182	27	1.83581	-29.5402
14.9091	27	1.83581	-29.8226
15	27	1.83581	-30.0829
15.0909	27	1.83581	-30.3166
15.1818	27	1.83581	-30.5248
15.2727	27	1.83581	-30.7118
15.3636	27	1.83581	-30.8787
15.4545	27	1.83581	-31.0261
15.5455	27	1.83581	-31.1591
15.6364	27	1.83581	-31.276
15.7273	27	1.83581	-31.3823
15.8182	27	1.83581	-31.4783
15.9091	27	1.83581	-31.5666
16	27	1.83581	-31.6488
16.0909	27	1.83581	-31.7268
16.1818	27	1.83581	-31.8008
16.2727	27	1.83581	-31.8737
16.3636	27	1.83581	-31.9462
16.4545	27	1.83581	-32.0186
16.5455	27	1.83581	-32.0922
16.6364	27	1.83581	-32.1647
16.7273	27	1.83581	-32.2393
16.8182	27	1.83581	-32.3115
16.9091	27	1.83581	-32.3866
17	27	1.83581	-32.4598
17.0909	27	1.83581	-32.5357
17.1818	27	1.83581	-32.6087
17.2727	27	1.83581	-32.6849
17.3636	27	1.83581	-32.7555
17.4545	27	1.83581	-32.8306
17.5455	27	1.83581	-32.8977
17.6364	27	1.83581	-32.9702
17.7273	27	1.83581	-33.0352
17.8182	27	1.83581	-33.1057
17.9091	27	1.83581	-33.1706
18	27	1.83581	-30.8211
9	28	1.90102	42.7486
9.09091	28	1.90102	43.3147
9.18182	28	1.90102	43.6491
9.27273	28	1.90102	43.921
9.36364	28	1.90102	43.7942
9.45455	28	1.90102	43.6624
9.54545	28	1.90102	43.5255
9.63636	28	1.90102	43.3833
9.72727	28	1.90102	43.2355
9.81818	28	1.90102	43.082
9.90909	28	1.90102	42.9226
10	28	1.90102	42.757
10.0909	28	1.90102	42.585
10.1818	28	1.90102	42.4065
10.2727	28	1.90102	42.2211
10.3636	28	1.90102	42.0287
10.4545	28	1.90102	41.8289
10.5455	28	1.90102	41.6216
10.6364	28	1.90102	41.4065
10.7273	28	1.90102	41.1833
10.8182	28	1.90102	40.9517
10.9091	28	1.90102	40.7115
11	28	1.90102	40.4624
11.0909	28	1.90102	40.2041
11.1818	28	1.90102	39.9363
11.2727	28	1.90102	39.6586
11.3636	28	1.90102	39.3708
11.4545	28	1.90102	39.0725
11.5455	28	1.90102	38.7633
11.6364	28	1.90102	38.443
11.7273	28	1.90102	38.111
11.8182	28	1.90102	37.7671
11.9091	28	1.90102	37.4107
12	28	1.90102	37.0415
12.0909	28	1.90102	36.6588
12.1818	28	1.90102	36.2623
12.2727	28	1.90102	35.8512
12.3636	28	1.90102	35.4249
12.4545	28	1.90102	34.9826
12.5455	28	1.90102	34.5235
12.6364	28	1.90102	34.0466
12.7273	28	1.90102	33.5507
12.8182	28	1.90102	33.0345
12.9091	28	1.90102	32.4958
13	28	1.90102	31.9332
13.0909	28	1.90102	31.3451
13.1818	28	1.90102	30.727
13.2727	28	1.90102	30.0744
13.3636	28	1.90102	29.381
13.4545	28	1.90102	28.634
13.5455	28	1.90102	27.8154
13.6364	28	1.90102	26.8987
13.7273	28	1.90102	25.8456
13.8182	28	1.90102	24.5963
13.9091	28	1.90102	23.0718
14	28	1.90102	21.1679
14.0909	28	1.90102	18.7612
14.1818	28	1.90102	15.7065
14.2727	28	1.90102	11.836
14.3636	28	1.90102	6.93327
14.4545	28	1.90102	0.462856
14.5455	28	1.90102	-8.81469
14.6364	28	1.90102	-24.6089
14.7273	28	1.90102	-29.3565
14.8182	28	1.90102	-29.6263
14.9091	28	1.90102	-29.8917
15	28	1.90102	-30.1409
15.0909	28	1.90102	-30.367
15.1818	28	1.90102	-30.57
15.2727	28	1.90102	-30.754
15.3636	28	1.90102	-30.92
15.4545	28	1.90102	-31.0687
15.5455	28	1.90102	-31.2043
15.6364	28	1.90102	-31.3245
15.7273	28	1.90102	-31.4338
15.8182	28	1.90102	-31.5324
15.9091	28	1.90102	-31.6225
16	28	1.90102	-31.7056
16.0909	28	1.90102	-31.7836
16.1818	28	1.90102	-31.8568
16.2727	28	1.90102	-31.9277
16.3636	28	1.90102	-31.9976
16.4545	28	1.90102	-32.0668
16.5455	28	1.90102	-32.1369
16.6364	28	1.90102	-32.2061
16.7273	28	1.90102	-32.2768
16.8182	28	1.90102	-32.3452
16.9091	28	1.90102	-32.4159
17	28	1.90102	-32.4846
17.0909	28	1.90102	-32.5559
17.1818	28	1.90102	-32.6244
17.2727	28	1.90102	-32.696
17.3636	28	1.90102	-32.7622
17.4545	28	1.90102	-32.8324
17.5455	28	1.90102	-32.8943
17.6364	28	1.90102	-32.961
17.7273	28	1.90102	-33.0201
17.8182	28	1.90102	-33.084
17.9091	28	1.90102	-33.1424
18	28	1.90102	-30.6162
9	29	1.96623	42.3327
9.09091	29	1.96623	42.9129
9.18182	29	1.96623	43.2714
9.27273	29	1.96623	43.5747
9.36364	29	1.96623	43.4178
9.45455	29	1.96623	43.2558
9.54545	29	1.96623	43.0887
9.63636	29	1.96623	42.9162
9.72727	29	1.96623	42.7381
9.81818	29	1.96623	42.5541
9.90909	29	1.96623	42.364
10	29	1.96623	42.1676
10.0909	29	1.96623	41.9647
10.1818	29	1.96623	41.7549
10.2727	29	1.96623	41.5381
10.3636	29	1.96623	41.3139
10.4545	29	1.96623	41.0822
10.5455	29	1.96623	40.8425
10.6364	29	1.96623	40.5946
10.7273	29	1.96623	40.3383
10.8182	29	1.96623	40.0732
10.9091	29	1.96623	39.7989
11	29	1.96623	39.5153
11.0909	29	1.96623	39.2218
11.1818	29	1.96623	38.9183
11.2727	29	1.96623	38.6043
11.3636	29	1.96623	38.2794
11.4545	29	1.96623	37.9433
11.5455	29	1.96623	37.5955
11.6364	29	1.96623	37.2357
11.7273	29	1.96623	36.8633
11.8182	29	1.96623	36.4779
11.9091	29	1.96623	36.079
12	29	1.96623	35.666
12.0909	29	1.96623	35.2384
12.1818	29	1.96623	34.7955
12.2727	29	1.96623	34.3366
12.3636	29	1.96623	33.8609
12.4545	29	1.96623	33.3674
12.5455	29	1.96623	32.8552
12.6364	29	1.96623	32.323
12.7273	29	1.96623	31.7697
12.8182	29	1.96623	31.1933
12.9091	29	1.96623	30.5917
13	29	1.96623	29.9631
13.0909	29	1.96623	29.3054
13.1818	29	1.96623	28.6137
13.2727	29	1.96623	27.8825
13.3636	29	1.96623	27.1044
13.4545	29	1.96623	26.265
13.5455	29	1.96623	25.3434
13.6364	29	1.96623	24.3099
13.7273	29	1.96623	23.1208
13.8182	29	1.96623	21.7084
13.9091	29	1.96623	19.9831
14	29	1.96623	17.8266
14.0909	29	1.96623	15.0979
14.1818	29	1.96623	11.6318
14.2727	29	1.96623	7.23643
14.3636	29	1.96623	1.66422
14.4545	29	1.96623	-5.69823
14.5455	29	1.96623	-16.2715
14.6364	29	1.96623	-34.3458
14.7273	29	1.96623	-68.2474
14.8182	29	1.96623	-134.611
14.9091	29	1.96623	-105.63
15	29	1.96623	-56.385
15.0909	29	1.96623	-56.385
15.1818	29	1.96623	-56.385
15.2727	29	1.96623	-56.385
15.3636	29	1.96623	-56.385
15.4545	29	1.96623	-56.385
15.5455	29	1.96623	-56.385
15.6364	29	1.96623	-56.385
15.7273	29	1.96623	-56.385
15.8182	29	1.96623	-56.385
15.9091	29	1.96623	-56.385
16	29	1.96623	-56.385
16.0909	29	1.96623	-56.385
16.1818	29	1.96623	-56.385
16.2727	29	1.96623	-56.385
16.3636	29	1.96623	-56.385
16.4545	29	1.96623	-56.385
16.5455	29	1.96623	-56.385
16.6364	29	1.96623	-56.385
16.7273	29	1.96623	-56.385
16.8182	29	1.96623	-56.385
16.9091	29	1.96623	-56.385
17	29	1.96623	-56.385
17.0909	29	1.96623	-56.385
17.1818	29	1.96623	-56.385
17.2727	29	1.96623	-56.385
17.3636	29	1.96623	-56.385
17.4545	29	1.96623	-56.385
17.5455	29	1.96623	-56.385
17.6364	29	1.96623	-56.385
17.7273	29	1.96623	-56.385
17.8182	29	1.96623	-56.385
17.9091	29	1.96623	-56.385
18	29	1.96623	-30.4097
