9	0	0.0751617	31.3186
9.09091	0	0.0751617	31.6895
9.18182	0	0.0751617	31.9731
9.27273	0	0.0751617	32.1861
9.36364	0	0.0751617	32.3416
9.45455	0	0.0751617	32.4506
9.54545	0	0.0751617	32.5219
9.63636	0	0.0751617	32.5625
9.72727	0	0.0751617	32.5783
9.81818	0	0.0751617	32.5739
9.90909	0	0.0751617	32.5532
10	0	0.0751617	32.5192
10.0909	0	0.0751617	32.4745
10.1818	0	0.0751617	32.421
10.2727	0	0.0751617	32.3605
10.3636	0	0.0751617	32.2942
10.4545	0	0.0751617	32.2233
10.5455	0	0.0751617	32.1486
10.6364	0	0.0751617	32.0709
10.7273	0	0.0751617	31.9906
10.8182	0	0.0751617	31.9084
10.9091	0	0.0751617	31.8245
11	0	0.0751617	31.7393
11.0909	0	0.0751617	31.653
11.1818	0	0.0751617	31.5658
11.2727	0	0.0751617	31.4779
11.3636	0	0.0751617	31.3895
11.4545	0	0.0751617	31.3006
11.5455	0	0.0751617	31.2113
11.6364	0	0.0751617	31.1217
11.7273	0	0.0751617	31.0318
11.8182	0	0.0751617	30.9418
11.9091	0	0.0751617	30.8516
12	0	0.0751617	30.7612
12.0909	0	0.0751617	30.6707
12.1818	0	0.0751617	30.5802
12.2727	0	0.0751617	30.4896
12.3636	0	0.0751617	30.3989
12.4545	0	0.0751617	30.3081
12.5455	0	0.0751617	30.2173
12.6364	0	0.0751617	30.1265
12.7273	0	0.0751617	30.0356
12.8182	0	0.0751617	29.9447
12.9091	0	0.0751617	29.8538
13	0	0.0751617	29.7628
13.0909	0	0.0751617	29.6718
13.1818	0	0.0751617	29.5808
13.2727	0	0.0751617	29.4897
13.3636	0	0.0751617	29.3985
13.4545	0	0.0751617	29.3073
13.5455	0	0.0751617	29.216
13.6364	0	0.0751617	29.1246
13.7273	0	0.0751617	29.033
13.8182	0	0.0751617	28.9413
13.9091	0	0.0751617	28.8495
14	0	0.0751617	28.7574
14.0909	0	0.0751617	28.665
14.1818	0	0.0751617	28.5722
14.2727	0	0.0751617	28.4791
14.3636	0	0.0751617	28.3854
14.4545	0	0.0751617	28.2911
14.5455	0	0.0751617	28.196
14.6364	0	0.0751617	28.0999
14.7273	0	0.0751617	28.0026
14.8182	0	0.0751617	27.9038
14.9091	0	0.0751617	27.8032
15	0	0.0751617	27.7003
15.0909	0	0.0751617	27.5947
15.1818	0	0.0751617	27.4856
15.2727	0	0.0751617	27.3722
15.3636	0	0.0751617	27.2537
15.4545	0	0.0751617	27.1286
15.5455	0	0.0751617	26.9957
15.6364	0	0.0751617	26.853
15.7273	0	0.0751617	26.6982
15.8182	0	0.0751617	26.5285
15.9091	0	0.0751617	26.3405
16	0	0.0751617	26.1299
16.0909	0	0.0751617	25.8914
16.1818	0	0.0751617	25.6185
16.2727	0	0.0751617	25.3033
16.3636	0	0.0751617	24.9358
16.4545	0	0.0751617	24.504
16.5455	0	0.0751617	23.9927
16.6364	0	0.0751617	23.3836
16.7273	0	0.0751617	22.6538
16.8182	0	0.0751617	21.7752
16.9091	0	0.0751617	20.7133
17	0	0.0751617	19.4252
17.0909	0	0.0751617	17.8584
17.1818	0	0.0751617	15.948
17.2727	0	0.0751617	13.6138
17.3636	0	0.0751617	10.7574
17.4545	0	0.0751617	7.25697
17.5455	0	0.0751617	2.96267
17.6364	0	0.0751617	-2.31038
17.7273	0	0.0751617	-8.79008
17.8182	0	0.0751617	-16.7574
17.9091	0	0.0751617	-26.5587
18	0	0.0751617	-38.621
9	1	0.140371	31.5813
9.09091	1	0.140371	31.9522
9.18182	1	0.140371	32.2359
9.27273	1	0.140371	32.4488
9.36364	1	0.140371	32.6043
9.45455	1	0.140371	32.7133
9.54545	1	0.140371	32.7846
9.63636	1	0.140371	32.8252
9.72727	1	0.140371	32.841
9.81818	1	0.140371	32.8366
9.90909	1	0.140371	32.8159
10	1	0.140371	32.7819
10.0909	1	0.140371	32.7372
10.1818	1	0.140371	32.6837
10.2727	1	0.140371	32.6232
10.3636	1	0.140371	32.5569
10.4545	1	0.140371	32.486
10.5455	1	0.140371	32.4113
10.6364	1	0.140371	32.3336
10.7273	1	0.140371	32.2533
10.8182	1	0.140371	32.1711
10.9091	1	0.140371	32.0872
11	1	0.140371	32.002
11.0909	1	0.140371	31.9157
11.1818	1	0.140371	31.8285
11.2727	1	0.140371	31.7406
11.3636	1	0.140371	31.6522
11.4545	1	0.140371	31.5633
11.5455	1	0.140371	31.474
11.6364	1	0.140371	31.3844
11.7273	1	0.140371	31.2945
11.8182	1	0.140371	31.2045
11.9091	1	0.140371	31.1143
12	1	0.140371	31.0239
12.0909	1	0.140371	30.9335
12.1818	1	0.140371	30.8429
12.2727	1	0.140371	30.7523
12.3636	1	0.140371	30.6616
12.4545	1	0.140371	30.5709
12.5455	1	0.140371	30.4801
12.6364	1	0.140371	30.3893
12.7273	1	0.140371	30.2985
12.8182	1	0.140371	30.2076
12.9091	1	0.140371	30.1167
13	1	0.140371	30.0257
13.0909	1	0.140371	29.9348
13.1818	1	0.140371	29.8438
13.2727	1	0.140371	29.7527
13.3636	1	0.140371	29.6617
13.4545	1	0.140371	29.5705
13.5455	1	0.140371	29.4794
13.6364	1	0.140371	29.3881
13.7273	1	0.140371	29.2968
13.8182	1	0.140371	29.2053
13.9091	1	0.140371	29.1137
14	1	0.140371	29.022
14.0909	1	0.140371	28.9301
14.1818	1	0.140371	28.8379
14.2727	1	0.140371	28.7455
14.3636	1	0.140371	28.6526
14.4545	1	0.140371	28.5594
14.5455	1	0.140371	28.4656
14.6364	1	0.140371	28.3711
14.7273	1	0.140371	28.2757
14.8182	1	0.140371	28.1794
14.9091	1	0.140371	28.0817
15	1	0.140371	27.9825
15.0909	1	0.140371	27.8814
15.1818	1	0.140371	27.7779
15.2727	1	0.140371	27.6714
15.3636	1	0.140371	27.5614
15.4545	1	0.140371	27.4469
15.5455	1	0.140371	27.3269
15.6364	1	0.140371	27.2001
15.7273	1	0.140371	27.0649
15.8182	1	0.140371	26.9195
15.9091	1	0.140371	26.7613
16	1	0.140371	26.5875
16.0909	1	0.140371	26.3944
16.1818	1	0.140371	26.1775
16.2727	1	0.140371	25.9312
16.3636	1	0.140371	25.6488
16.4545	1	0.140371	25.3218
16.5455	1	0.140371	24.9398
16.6364	1	0.140371	24.49
16.7273	1	0.140371	23.9567
16.8182	1	0.140371	23.3204
16.9091	1	0.140371	22.5571
17	1	0.140371	21.6371
17.0909	1	0.140371	20.5242
17.1818	1	0.140371	19.1733
17.2727	1	0.140371	17.529
17.3636	1	0.140371	15.523
17.4545	1	0.140371	13.071
17.5455	1	0.140371	10.0694
17.6364	1	0.140371	6.38991
17.7273	1	0.140371	1.87488
17.8182	1	0.140371	-3.6703
17.9091	1	0.140371	-10.4855
18	1	0.140371	-18.8664
9	2	0.20558	31.8128
9.09091	2	0.20558	32.1837
9.18182	2	0.20558	32.4674
9.27273	2	0.20558	32.6803
9.36364	2	0.20558	32.8358
9.45455	2	0.20558	32.9448
9.54545	2	0.20558	33.0161
9.63636	2	0.20558	33.0567
9.72727	2	0.20558	33.0725
9.81818	2	0.20558	33.0681
9.90909	2	0.20558	33.0474
10	2	0.20558	33.0134
10.0909	2	0.20558	32.9687
10.1818	2	0.20558	32.9152
10.2727	2	0.20558	32.8547
10.3636	2	0.20558	32.7884
10.4545	2	0.20558	32.7175
10.5455	2	0.20558	32.6428
10.6364	2	0.20558	32.5651
10.7273	2	0.20558	32.4848
10.8182	2	0.20558	32.4026
10.9091	2	0.20558	32.3187
11	2	0.20558	32.2335
11.0909	2	0.20558	32.1472
11.1818	2	0.20558	32.06
11.2727	2	0.20558	31.9721
11.3636	2	0.20558	31.8837
11.4545	2	0.20558	31.7948
11.5455	2	0.20558	31.7055
11.6364	2	0.20558	31.6159
11.7273	2	0.20558	31.5261
11.8182	2	0.20558	31.436
11.9091	2	0.20558	31.3458
12	2	0.20558	31.2554
12.0909	2	0.20558	31.165
12.1818	2	0.20558	31.0744
12.2727	2	0.20558	30.9838
12.3636	2	0.20558	30.8932
12.4545	2	0.20558	30.8024
12.5455	2	0.20558	30.7117
12.6364	2	0.20558	30.6208
12.7273	2	0.20558	30.53
12.8182	2	0.20558	30.4391
12.9091	2	0.20558	30.3483
13	2	0.20558	30.2573
13.0909	2	0.20558	30.1664
13.1818	2	0.20558	30.0754
13.2727	2	0.20558	29.9844
13.3636	2	0.20558	29.8934
13.4545	2	0.20558	29.8023
13.5455	2	0.20558	29.7112
13.6364	2	0.20558	29.62
13.7273	2	0.20558	29.5287
13.8182	2	0.20558	29.4374
13.9091	2	0.20558	29.346
14	2	0.20558	29.2544
14.0909	2	0.20558	29.1627
14.1818	2	0.20558	29.0708
14.2727	2	0.20558	28.9786
14.3636	2	0.20558	28.8862
14.4545	2	0.20558	28.7934
14.5455	2	0.20558	28.7002
14.6364	2	0.20558	28.6064
14.7273	2	0.20558	28.5119
14.8182	2	0.20558	28.4167
14.9091	2	0.20558	28.3204
15	2	0.20558	28.2229
15.0909	2	0.20558	28.1238
15.1818	2	0.20558	28.0228
15.2727	2	0.20558	27.9195
15.3636	2	0.20558	27.8133
15.4545	2	0.20558	27.7035
15.5455	2	0.20558	27.5893
15.6364	2	0.20558	27.4697
15.7273	2	0.20558	27.3435
15.8182	2	0.20558	27.209
15.9091	2	0.20558	27.0643
16	2	0.20558	26.9072
16.0909	2	0.20558	26.7346
16.1818	2	0.20558	26.543
16.2727	2	0.20558	26.328
16.3636	2	0.20558	26.084
16.4545	2	0.20558	25.8045
16.5455	2	0.20558	25.481
16.6364	2	0.20558	25.1033
16.7273	2	0.20558	24.6589
16.8182	2	0.20558	24.1321
16.9091	2	0.20558	23.5039
17	2	0.20558	22.7505
17.0909	2	0.20558	21.8429
17.1818	2	0.20558	20.7452
17.2727	2	0.20558	19.413
17.3636	2	0.20558	17.7918
17.4545	2	0.20558	15.8142
17.5455	2	0.20558	13.3974
17.6364	2	0.20558	10.4389
17.7273	2	0.20558	6.81278
17.8182	2	0.20558	2.36347
17.9091	2	0.20558	-3.10068
18	2	0.20558	-9.81596
9	3	0.27079	32.035
9.09091	3	0.27079	32.4059
9.18182	3	0.27079	32.6896
9.27273	3	0.27079	32.9025
9.36364	3	0.27079	33.0581
9.45455	3	0.27079	33.1671
9.54545	3	0.27079	33.2383
9.63636	3	0.27079	33.2789
9.72727	3	0.27079	33.2947
9.81818	3	0.27079	33.2904
9.90909	3	0.27079	33.2696
10	3	0.27079	33.2357
10.0909	3	0.27079	33.1909
10.1818	3	0.27079	33.1375
10.2727	3	0.27079	33.077
10.3636	3	0.27079	33.0107
10.4545	3	0.27079	32.9398
10.5455	3	0.27079	32.8651
10.6364	3	0.27079	32.7873
10.7273	3	0.27079	32.7071
10.8182	3	0.27079	32.6248
10.9091	3	0.27079	32.5409
11	3	0.27079	32.4557
11.0909	3	0.27079	32.3694
11.1818	3	0.27079	32.2823
11.2727	3	0.27079	32.1944
11.3636	3	0.27079	32.1059
11.4545	3	0.27079	32.017
11.5455	3	0.27079	31.9277
11.6364	3	0.27079	31.8381
11.7273	3	0.27079	31.7483
11.8182	3	0.27079	31.6583
11.9091	3	0.27079	31.568
12	3	0.27079	31.4777
12.0909	3	0.27079	31.3872
12.1818	3	0.27079	31.2967
12.2727	3	0.27079	31.2061
12.3636	3	0.27079	31.1154
12.4545	3	0.27079	31.0247
12.5455	3	0.27079	30.9339
12.6364	3	0.27079	30.8431
12.7273	3	0.27079	30.7523
12.8182	3	0.27079	30.6614
12.9091	3	0.27079	30.5705
13	3	0.27079	30.4796
13.0909	3	0.27079	30.3887
13.1818	3	0.27079	30.2977
13.2727	3	0.27079	30.2068
13.3636	3	0.27079	30.1157
13.4545	3	0.27079	30.0247
13.5455	3	0.27079	29.9336
13.6364	3	0.27079	29.8424
13.7273	3	0.27079	29.7512
13.8182	3	0.27079	29.66
13.9091	3	0.27079	29.5686
14	3	0.27079	29.4771
14.0909	3	0.27079	29.3855
14.1818	3	0.27079	29.2938
14.2727	3	0.27079	29.2018
14.3636	3	0.27079	29.1096
14.4545	3	0.27079	29.017
14.5455	3	0.27079	28.9241
14.6364	3	0.27079	28.8307
14.7273	3	0.27079	28.7368
14.8182	3	0.27079	28.6421
14.9091	3	0.27079	28.5466
15	3	0.27079	28.45
15.0909	3	0.27079	28.352
15.1818	3	0.27079	28.2525
15.2727	3	0.27079	28.1509
15.3636	3	0.27079	28.0468
15.4545	3	0.27079	27.9396
15.5455	3	0.27079	27.8287
15.6364	3	0.27079	27.7131
15.7273	3	0.27079	27.5918
15.8182	3	0.27079	27.4633
15.9091	3	0.27079	27.3262
16	3	0.27079	27.1782
16.0909	3	0.27079	27.017
16.1818	3	0.27079	26.8394
16.2727	3	0.27079	26.6417
16.3636	3	0.27079	26.419
16.4545	3	0.27079	26.1657
16.5455	3	0.27079	25.8746
16.6364	3	0.27079	25.5368
16.7273	3	0.27079	25.1416
16.8182	3	0.27079	24.6755
16.9091	3	0.27079	24.122
17	3	0.27079	23.4609
17.0909	3	0.27079	22.6669
17.1818	3	0.27079	21.7093
17.2727	3	0.27079	20.5498
17.3636	3	0.27079	19.1415
17.4545	3	0.27079	17.4265
17.5455	3	0.27079	15.3333
17.6364	3	0.27079	12.7739
17.7273	3	0.27079	9.63976
17.8182	3	0.27079	5.79695
17.9091	3	0.27079	1.08054
18	3	0.27079	-4.71292
9	4	0.335999	32.2548
9.09091	4	0.335999	32.6257
9.18182	4	0.335999	32.9094
9.27273	4	0.335999	33.1223
9.36364	4	0.335999	33.2778
9.45455	4	0.335999	33.3868
9.54545	4	0.335999	33.4581
9.63636	4	0.335999	33.4987
9.72727	4	0.335999	33.5145
9.81818	4	0.335999	33.5101
9.90909	4	0.335999	33.4894
10	4	0.335999	33.4554
10.0909	4	0.335999	33.4107
10.1818	4	0.335999	33.3572
10.2727	4	0.335999	33.2967
10.3636	4	0.335999	33.2304
10.4545	4	0.335999	33.1595
10.5455	4	0.335999	33.0848
10.6364	4	0.335999	33.0071
10.7273	4	0.335999	32.9268
10.8182	4	0.335999	32.8446
10.9091	4	0.335999	32.7607
11	4	0.335999	32.6755
11.0909	4	0.335999	32.5892
11.1818	4	0.335999	32.502
11.2727	4	0.335999	32.4141
11.3636	4	0.335999	32.3257
11.4545	4	0.335999	32.2368
11.5455	4	0.335999	32.1475
11.6364	4	0.335999	32.0579
11.7273	4	0.335999	31.9681
11.8182	4	0.335999	31.878
11.9091	4	0.335999	31.7878
12	4	0.335999	31.6974
12.0909	4	0.335999	31.607
12.1818	4	0.335999	31.5165
12.2727	4	0.335999	31.4258
12.3636	4	0.335999	31.3352
12.4545	4	0.335999	31.2444
12.5455	4	0.335999	31.1537
12.6364	4	0.335999	31.0629
12.7273	4	0.335999	30.972
12.8182	4	0.335999	30.8812
12.9091	4	0.335999	30.7903
13	4	0.335999	30.6994
13.0909	4	0.335999	30.6085
13.1818	4	0.335999	30.5175
13.2727	4	0.335999	30.4266
13.3636	4	0.335999	30.3355
13.4545	4	0.335999	30.2445
13.5455	4	0.335999	30.1534
13.6364	4	0.335999	30.0623
13.7273	4	0.335999	29.9711
13.8182	4	0.335999	29.8799
13.9091	4	0.335999	29.7886
14	4	0.335999	29.6972
14.0909	4	0.335999	29.6056
14.1818	4	0.335999	29.5139
14.2727	4	0.335999	29.4221
14.3636	4	0.335999	29.33
14.4545	4	0.335999	29.2376
14.5455	4	0.335999	29.1449
14.6364	4	0.335999	29.0517
14.7273	4	0.335999	28.9581
14.8182	4	0.335999	28.8638
14.9091	4	0.335999	28.7687
15	4	0.335999	28.6726
15.0909	4	0.335999	28.5753
15.1818	4	0.335999	28.4766
15.2727	4	0.335999	28.376
15.3636	4	0.335999	28.2732
15.4545	4	0.335999	28.1676
15.5455	4	0.335999	28.0586
15.6364	4	0.335999	27.9453
15.7273	4	0.335999	27.8269
15.8182	4	0.335999	27.7021
15.9091	4	0.335999	27.5693
16	4	0.335999	27.4268
16.0909	4	0.335999	27.2723
16.1818	4	0.335999	27.103
16.2727	4	0.335999	26.9154
16.3636	4	0.335999	26.7054
16.4545	4	0.335999	26.4676
16.5455	4	0.335999	26.1955
16.6364	4	0.335999	25.8813
16.7273	4	0.335999	25.5151
16.8182	4	0.335999	25.0849
16.9091	4	0.335999	24.5756
17	4	0.335999	23.9688
17.0909	4	0.335999	23.242
17.1818	4	0.335999	22.3671
17.2727	4	0.335999	21.3096
17.3636	4	0.335999	20.0271
17.4545	4	0.335999	18.4671
17.5455	4	0.335999	16.5651
17.6364	4	0.335999	14.2413
17.7273	4	0.335999	11.3976
17.8182	4	0.335999	7.91295
17.9091	4	0.335999	3.63807
18	4	0.335999	-1.61104
9	5	0.401208	32.4725
9.09091	5	0.401208	32.8434
9.18182	5	0.401208	33.1271
9.27273	5	0.401208	33.34
9.36364	5	0.401208	33.4955
9.45455	5	0.401208	33.6045
9.54545	5	0.401208	33.6758
9.63636	5	0.401208	33.7164
9.72727	5	0.401208	33.7322
9.81818	5	0.401208	33.7278
9.90909	5	0.401208	33.7071
10	5	0.401208	33.6731
10.0909	5	0.401208	33.6284
10.1818	5	0.401208	33.5749
10.2727	5	0.401208	33.5144
10.3636	5	0.401208	33.4481
10.4545	5	0.401208	33.3772
10.5455	5	0.401208	33.3025
10.6364	5	0.401208	33.2248
10.7273	5	0.401208	33.1445
10.8182	5	0.401208	33.0623
10.9091	5	0.401208	32.9784
11	5	0.401208	32.8932
11.0909	5	0.401208	32.8069
11.1818	5	0.401208	32.7197
11.2727	5	0.401208	32.6318
11.3636	5	0.401208	32.5434
11.4545	5	0.401208	32.4545
11.5455	5	0.401208	32.3652
11.6364	5	0.401208	32.2756
11.7273	5	0.401208	32.1858
11.8182	5	0.401208	32.0957
11.9091	5	0.401208	32.0055
12	5	0.401208	31.9151
12.0909	5	0.401208	31.8247
12.1818	5	0.401208	31.7342
12.2727	5	0.401208	31.6435
12.3636	5	0.401208	31.5529
12.4545	5	0.401208	31.4621
12.5455	5	0.401208	31.3714
12.6364	5	0.401208	31.2806
12.7273	5	0.401208	31.1898
12.8182	5	0.401208	31.0989
12.9091	5	0.401208	31.008
13	5	0.401208	30.9171
13.0909	5	0.401208	30.8262
13.1818	5	0.401208	30.7353
13.2727	5	0.401208	30.6443
13.3636	5	0.401208	30.5533
13.4545	5	0.401208	30.4623
13.5455	5	0.401208	30.3712
13.6364	5	0.401208	30.2801
13.7273	5	0.401208	30.1889
13.8182	5	0.401208	30.0977
13.9091	5	0.401208	30.0064
14	5	0.401208	29.915
14.0909	5	0.401208	29.8235
14.1818	5	0.401208	29.7319
14.2727	5	0.401208	29.6401
14.3636	5	0.401208	29.5481
14.4545	5	0.401208	29.4558
14.5455	5	0.401208	29.3632
14.6364	5	0.401208	29.2702
14.7273	5	0.401208	29.1767
14.8182	5	0.401208	29.0827
14.9091	5	0.401208	28.9878
15	5	0.401208	28.8921
15.0909	5	0.401208	28.7953
15.1818	5	0.401208	28.697
15.2727	5	0.401208	28.5971
15.3636	5	0.401208	28.4951
15.4545	5	0.401208	28.3905
15.5455	5	0.401208	28.2826
15.6364	5	0.401208	28.1709
15.7273	5	0.401208	28.0543
15.8182	5	0.401208	27.9317
15.9091	5	0.401208	27.8017
16	5	0.401208	27.6626
16.0909	5	0.401208	27.5124
16.1818	5	0.401208	27.3482
16.2727	5	0.401208	27.1671
16.3636	5	0.401208	26.9649
16.4545	5	0.401208	26.7369
16.5455	5	0.401208	26.4769
16.6364	5	0.401208	26.1775
16.7273	5	0.401208	25.8296
16.8182	5	0.401208	25.4218
16.9091	5	0.401208	24.9403
17	5	0.401208	24.3678
17.0909	5	0.401208	23.6831
17.1818	5	0.401208	22.8603
17.2727	5	0.401208	21.867
17.3636	5	0.401208	20.6635
17.4545	5	0.401208	19.201
17.5455	5	0.401208	17.4192
17.6364	5	0.401208	15.2436
17.7273	5	0.401208	12.5826
17.8182	5	0.401208	9.3232
17.9091	5	0.401208	5.326
18	5	0.401208	0.419226
9	6	0.466417	32.6938
9.09091	6	0.466417	33.0647
9.18182	6	0.466417	33.3484
9.27273	6	0.466417	33.5613
9.36364	6	0.466417	33.7168
9.45455	6	0.466417	33.8258
9.54545	6	0.466417	33.8971
9.63636	6	0.466417	33.9377
9.72727	6	0.466417	33.9535
9.81818	6	0.466417	33.9491
9.90909	6	0.466417	33.9284
10	6	0.466417	33.8944
10.0909	6	0.466417	33.8497
10.1818	6	0.466417	33.7962
10.2727	6	0.466417	33.7357
10.3636	6	0.466417	33.6694
10.4545	6	0.466417	33.5985
10.5455	6	0.466417	33.5238
10.6364	6	0.466417	33.4461
10.7273	6	0.466417	33.3658
10.8182	6	0.466417	33.2836
10.9091	6	0.466417	33.1997
11	6	0.466417	33.1145
11.0909	6	0.466417	33.0282
11.1818	6	0.466417	32.941
11.2727	6	0.466417	32.8531
11.3636	6	0.466417	32.7647
11.4545	6	0.466417	32.6758
11.5455	6	0.466417	32.5865
11.6364	6	0.466417	32.4969
11.7273	6	0.466417	32.4071
11.8182	6	0.466417	32.317
11.9091	6	0.466417	32.2268
12	6	0.466417	32.1365
12.0909	6	0.466417	32.046
12.1818	6	0.466417	31.9555
12.2727	6	0.466417	31.8649
12.3636	6	0.466417	31.7742
12.4545	6	0.466417	31.6835
12.5455	6	0.466417	31.5927
12.6364	6	0.466417	31.5019
12.7273	6	0.466417	31.4111
12.8182	6	0.466417	31.3202
12.9091	6	0.466417	31.2293
13	6	0.466417	31.1384
13.0909	6	0.466417	31.0475
13.1818	6	0.466417	30.9566
13.2727	6	0.466417	30.8656
13.3636	6	0.466417	30.7746
13.4545	6	0.466417	30.6836
13.5455	6	0.466417	30.5925
13.6364	6	0.466417	30.5014
13.7273	6	0.466417	30.4103
13.8182	6	0.466417	30.3191
13.9091	6	0.466417	30.2278
14	6	0.466417	30.1364
14.0909	6	0.466417	30.045
14.1818	6	0.466417	29.9534
14.2727	6	0.466417	29.8616
14.3636	6	0.466417	29.7696
14.4545	6	0.466417	29.6774
14.5455	6	0.466417	29.5848
14.6364	6	0.466417	29.4919
14.7273	6	0.466417	29.3985
14.8182	6	0.466417	29.3045
14.9091	6	0.466417	29.2099
15	6	0.466417	29.1143
15.0909	6	0.466417	29.0177
15.1818	6	0.466417	28.9197
15.2727	6	0.466417	28.8201
15.3636	6	0.466417	28.7184
15.4545	6	0.466417	28.6143
15.5455	6	0.466417	28.507
15.6364	6	0.466417	28.396
15.7273	6	0.466417	28.2803
15.8182	6	0.466417	28.1588
15.9091	6	0.466417	28.0302
16	6	0.466417	27.8928
16.0909	6	0.466417	27.7445
16.1818	6	0.466417	27.583
16.2727	6	0.466417	27.4049
16.3636	6	0.466417	27.2066
16.4545	6	0.466417	26.9833
16.5455	6	0.466417	26.7292
16.6364	6	0.466417	26.437
16.7273	6	0.466417	26.098
16.8182	6	0.466417	25.7012
16.9091	6	0.466417	25.2331
17	6	0.466417	24.6773
17.0909	6	0.466417	24.0132
17.1818	6	0.466417	23.2157
17.2727	6	0.466417	22.2536
17.3636	6	0.466417	21.0886
17.4545	6	0.466417	19.6736
17.5455	6	0.466417	17.9502
17.6364	6	0.466417	15.8468
17.7273	6	0.466417	13.2747
17.8182	6	0.466417	10.1249
17.9091	6	0.466417	6.26284
18	6	0.466417	1.52268
9	7	0.531627	32.9868
9.09091	7	0.531627	33.3577
9.18182	7	0.531627	33.6414
9.27273	7	0.531627	33.8543
9.36364	7	0.531627	34.0098
9.45455	7	0.531627	34.1188
9.54545	7	0.531627	34.1901
9.63636	7	0.531627	34.2307
9.72727	7	0.531627	34.2465
9.81818	7	0.531627	34.2421
9.90909	7	0.531627	34.2214
10	7	0.531627	34.1874
10.0909	7	0.531627	34.1427
10.1818	7	0.531627	34.0892
10.2727	7	0.531627	34.0287
10.3636	7	0.531627	33.9625
10.4545	7	0.531627	33.8915
10.5455	7	0.531627	33.8168
10.6364	7	0.531627	33.7391
10.7273	7	0.531627	33.6588
10.8182	7	0.531627	33.5766
10.9091	7	0.531627	33.4927
11	7	0.531627	33.4075
11.0909	7	0.531627	33.3212
11.1818	7	0.531627	33.234
11.2727	7	0.531627	33.1462
11.3636	7	0.531627	33.0577
11.4545	7	0.531627	32.9688
11.5455	7	0.531627	32.8795
11.6364	7	0.531627	32.7899
11.7273	7	0.531627	32.7001
11.8182	7	0.531627	32.61
11.9091	7	0.531627	32.5198
12	7	0.531627	32.4295
12.0909	7	0.531627	32.339
12.1818	7	0.531627	32.2485
12.2727	7	0.531627	32.1578
12.3636	7	0.531627	32.0672
12.4545	7	0.531627	31.9764
12.5455	7	0.531627	31.8857
12.6364	7	0.531627	31.7949
12.7273	7	0.531627	31.704
12.8182	7	0.531627	31.6132
12.9091	7	0.531627	31.5223
13	7	0.531627	31.4314
13.0909	7	0.531627	31.3405
13.1818	7	0.531627	31.2495
13.2727	7	0.531627	31.1585
13.3636	7	0.531627	31.0675
13.4545	7	0.531627	30.9765
13.5455	7	0.531627	30.8854
13.6364	7	0.531627	30.7943
13.7273	7	0.531627	30.7031
13.8182	7	0.531627	30.6118
13.9091	7	0.531627	30.5205
14	7	0.531627	30.4291
14.0909	7	0.531627	30.3375
14.1818	7	0.531627	30.2458
14.2727	7	0.531627	30.1538
14.3636	7	0.531627	30.0617
14.4545	7	0.531627	29.9692
14.5455	7	0.531627	29.8764
14.6364	7	0.531627	29.7832
14.7273	7	0.531627	29.6894
14.8182	7	0.531627	29.595
14.9091	7	0.531627	29.4997
15	7	0.531627	29.4034
15.0909	7	0.531627	29.3058
15.1818	7	0.531627	29.2067
15.2727	7	0.531627	29.1057
15.3636	7	0.531627	29.0024
15.4545	7	0.531627	28.8961
15.5455	7	0.531627	28.7863
15.6364	7	0.531627	28.672
15.7273	7	0.531627	28.5523
15.8182	7	0.531627	28.4259
15.9091	7	0.531627	28.2913
16	7	0.531627	28.1465
16.0909	7	0.531627	27.9891
16.1818	7	0.531627	27.8163
16.2727	7	0.531627	27.6243
16.3636	7	0.531627	27.4089
16.4545	7	0.531627	27.1644
16.5455	7	0.531627	26.8842
16.6364	7	0.531627	26.5599
16.7273	7	0.531627	26.1813
16.8182	7	0.531627	25.7357
16.9091	7	0.531627	25.2075
17	7	0.531627	24.5775
17.0909	7	0.531627	23.8219
17.1818	7	0.531627	22.9116
17.2727	7	0.531627	21.8104
17.3636	7	0.531627	20.4741
17.4545	7	0.531627	18.8477
17.5455	7	0.531627	16.8639
17.6364	7	0.531627	14.4392
17.7273	7	0.531627	11.4712
17.8182	7	0.531627	7.83323
17.9091	7	0.531627	3.36934
18	7	0.531627	-2.11278
9	8	0.596836	33.2105
9.09091	8	0.596836	33.5814
9.18182	8	0.596836	33.8651
9.27273	8	0.596836	34.0781
9.36364	8	0.596836	34.2336
9.45455	8	0.596836	34.3426
9.54545	8	0.596836	34.4138
9.63636	8	0.596836	34.4545
9.72727	8	0.596836	34.4702
9.81818	8	0.596836	34.4659
9.90909	8	0.596836	34.4452
10	8	0.596836	34.4112
10.0909	8	0.596836	34.3664
10.1818	8	0.596836	34.313
10.2727	8	0.596836	34.2525
10.3636	8	0.596836	34.1862
10.4545	8	0.596836	34.1153
10.5455	8	0.596836	34.0406
10.6364	8	0.596836	33.9628
10.7273	8	0.596836	33.8826
10.8182	8	0.596836	33.8003
10.9091	8	0.596836	33.7165
11	8	0.596836	33.6312
11.0909	8	0.596836	33.5449
11.1818	8	0.596836	33.4578
11.2727	8	0.596836	33.3699
11.3636	8	0.596836	33.2815
11.4545	8	0.596836	33.1926
11.5455	8	0.596836	33.1033
11.6364	8	0.596836	33.0137
11.7273	8	0.596836	32.9238
11.8182	8	0.596836	32.8338
11.9091	8	0.596836	32.7436
12	8	0.596836	32.6532
12.0909	8	0.596836	32.5628
12.1818	8	0.596836	32.4722
12.2727	8	0.596836	32.3816
12.3636	8	0.596836	32.2909
12.4545	8	0.596836	32.2002
12.5455	8	0.596836	32.1094
12.6364	8	0.596836	32.0186
12.7273	8	0.596836	31.9278
12.8182	8	0.596836	31.837
12.9091	8	0.596836	31.7461
13	8	0.596836	31.6552
13.0909	8	0.596836	31.5642
13.1818	8	0.596836	31.4733
13.2727	8	0.596836	31.3823
13.3636	8	0.596836	31.2913
13.4545	8	0.596836	31.2002
13.5455	8	0.596836	31.1092
13.6364	8	0.596836	31.018
13.7273	8	0.596836	30.9268
13.8182	8	0.596836	30.8356
13.9091	8	0.596836	30.7442
14	8	0.596836	30.6528
14.0909	8	0.596836	30.5612
14.1818	8	0.596836	30.4695
14.2727	8	0.596836	30.3776
14.3636	8	0.596836	30.2854
14.4545	8	0.596836	30.193
14.5455	8	0.596836	30.1002
14.6364	8	0.596836	30.0069
14.7273	8	0.596836	29.9131
14.8182	8	0.596836	29.8187
14.9091	8	0.596836	29.7234
15	8	0.596836	29.6271
15.0909	8	0.596836	29.5295
15.1818	8	0.596836	29.4304
15.2727	8	0.596836	29.3293
15.3636	8	0.596836	29.2259
15.4545	8	0.596836	29.1196
15.5455	8	0.596836	29.0097
15.6364	8	0.596836	28.8954
15.7273	8	0.596836	28.7756
15.8182	8	0.596836	28.6491
15.9091	8	0.596836	28.5144
16	8	0.596836	28.3694
16.0909	8	0.596836	28.2118
16.1818	8	0.596836	28.0387
16.2727	8	0.596836	27.8465
16.3636	8	0.596836	27.6307
16.4545	8	0.596836	27.3858
16.5455	8	0.596836	27.105
16.6364	8	0.596836	26.78
16.7273	8	0.596836	26.4005
16.8182	8	0.596836	25.9539
16.9091	8	0.596836	25.4243
17	8	0.596836	24.7927
17.0909	8	0.596836	24.0352
17.1818	8	0.596836	23.1224
17.2727	8	0.596836	22.0183
17.3636	8	0.596836	20.6782
17.4545	8	0.596836	19.0473
17.5455	8	0.596836	17.0577
17.6364	8	0.596836	14.6261
17.7273	8	0.596836	11.6495
17.8182	8	0.596836	8.00097
17.9091	8	0.596836	3.52403
18	8	0.596836	-1.97418
9	9	0.662045	33.4833
9.09091	9	0.662045	33.8542
9.18182	9	0.662045	34.1379
9.27273	9	0.662045	34.3508
9.36364	9	0.662045	34.5064
9.45455	9	0.662045	34.6154
9.54545	9	0.662045	34.6866
9.63636	9	0.662045	34.7272
9.72727	9	0.662045	34.743
9.81818	9	0.662045	34.7386
9.90909	9	0.662045	34.7179
10	9	0.662045	34.6839
10.0909	9	0.662045	34.6392
10.1818	9	0.662045	34.5857
10.2727	9	0.662045	34.5252
10.3636	9	0.662045	34.459
10.4545	9	0.662045	34.388
10.5455	9	0.662045	34.3133
10.6364	9	0.662045	34.2356
10.7273	9	0.662045	34.1553
10.8182	9	0.662045	34.0731
10.9091	9	0.662045	33.9892
11	9	0.662045	33.904
11.0909	9	0.662045	33.8177
11.1818	9	0.662045	33.7305
11.2727	9	0.662045	33.6427
11.3636	9	0.662045	33.5542
11.4545	9	0.662045	33.4653
11.5455	9	0.662045	33.376
11.6364	9	0.662045	33.2864
11.7273	9	0.662045	33.1966
11.8182	9	0.662045	33.1065
11.9091	9	0.662045	33.0163
12	9	0.662045	32.926
12.0909	9	0.662045	32.8355
12.1818	9	0.662045	32.745
12.2727	9	0.662045	32.6543
12.3636	9	0.662045	32.5637
12.4545	9	0.662045	32.4729
12.5455	9	0.662045	32.3822
12.6364	9	0.662045	32.2914
12.7273	9	0.662045	32.2005
12.8182	9	0.662045	32.1097
12.9091	9	0.662045	32.0188
13	9	0.662045	31.9279
13.0909	9	0.662045	31.8369
13.1818	9	0.662045	31.746
13.2727	9	0.662045	31.655
13.3636	9	0.662045	31.5639
13.4545	9	0.662045	31.4729
13.5455	9	0.662045	31.3818
13.6364	9	0.662045	31.2906
13.7273	9	0.662045	31.1994
13.8182	9	0.662045	31.1081
13.9091	9	0.662045	31.0167
14	9	0.662045	30.9252
14.0909	9	0.662045	30.8335
14.1818	9	0.662045	30.7417
14.2727	9	0.662045	30.6496
14.3636	9	0.662045	30.5573
14.4545	9	0.662045	30.4646
14.5455	9	0.662045	30.3716
14.6364	9	0.662045	30.278
14.7273	9	0.662045	30.1838
14.8182	9	0.662045	30.0889
14.9091	9	0.662045	29.993
15	9	0.662045	29.896
15.0909	9	0.662045	29.7975
15.1818	9	0.662045	29.6972
15.2727	9	0.662045	29.5948
15.3636	9	0.662045	29.4898
15.4545	9	0.662045	29.3814
15.5455	9	0.662045	29.2689
15.6364	9	0.662045	29.1515
15.7273	9	0.662045	29.0278
15.8182	9	0.662045	28.8965
15.9091	9	0.662045	28.7559
16	9	0.662045	28.6036
16.0909	9	0.662045	28.4371
16.1818	9	0.662045	28.2529
16.2727	9	0.662045	28.047
16.3636	9	0.662045	27.8144
16.4545	9	0.662045	27.5488
16.5455	9	0.662045	27.2425
16.6364	9	0.662045	26.886
16.7273	9	0.662045	26.4677
16.8182	9	0.662045	25.9731
16.9091	9	0.662045	25.3846
17	9	0.662045	24.6802
17.0909	9	0.662045	23.8329
17.1818	9	0.662045	22.8096
17.2727	9	0.662045	21.5691
17.3636	9	0.662045	20.0609
17.4545	9	0.662045	18.2227
17.5455	9	0.662045	15.9777
17.6364	9	0.662045	13.2311
17.7273	9	0.662045	9.86618
17.8182	9	0.662045	5.73888
17.9091	9	0.662045	0.671716
18	9	0.662045	-5.55415
9	10	0.727255	33.8432
9.09091	10	0.727255	34.2141
9.18182	10	0.727255	34.4978
9.27273	10	0.727255	34.7107
9.36364	10	0.727255	34.8663
9.45455	10	0.727255	34.9753
9.54545	10	0.727255	35.0465
9.63636	10	0.727255	35.0871
9.72727	10	0.727255	35.1029
9.81818	10	0.727255	35.0985
9.90909	10	0.727255	35.0778
10	10	0.727255	35.0438
10.0909	10	0.727255	34.9991
10.1818	10	0.727255	34.9456
10.2727	10	0.727255	34.8851
10.3636	10	0.727255	34.8189
10.4545	10	0.727255	34.7479
10.5455	10	0.727255	34.6732
10.6364	10	0.727255	34.5955
10.7273	10	0.727255	34.5152
10.8182	10	0.727255	34.433
10.9091	10	0.727255	34.3491
11	10	0.727255	34.2639
11.0909	10	0.727255	34.1776
11.1818	10	0.727255	34.0904
11.2727	10	0.727255	34.0026
11.3636	10	0.727255	33.9141
11.4545	10	0.727255	33.8252
11.5455	10	0.727255	33.7359
11.6364	10	0.727255	33.6463
11.7273	10	0.727255	33.5565
11.8182	10	0.727255	33.4664
11.9091	10	0.727255	33.3762
12	10	0.727255	33.2858
12.0909	10	0.727255	33.1954
12.1818	10	0.727255	33.1048
12.2727	10	0.727255	33.0142
12.3636	10	0.727255	32.9235
12.4545	10	0.727255	32.8328
12.5455	10	0.727255	32.742
12.6364	10	0.727255	32.6512
12.7273	10	0.727255	32.5604
12.8182	10	0.727255	32.4695
12.9091	10	0.727255	32.3786
13	10	0.727255	32.2876
13.0909	10	0.727255	32.1967
13.1818	10	0.727255	32.1057
13.2727	10	0.727255	32.0146
13.3636	10	0.727255	31.9235
13.4545	10	0.727255	31.8324
13.5455	10	0.727255	31.7412
13.6364	10	0.727255	31.65
13.7273	10	0.727255	31.5586
13.8182	10	0.727255	31.4671
13.9091	10	0.727255	31.3755
14	10	0.727255	31.2838
14.0909	10	0.727255	31.1918
14.1818	10	0.727255	31.0996
14.2727	10	0.727255	31.0071
14.3636	10	0.727255	30.9142
14.4545	10	0.727255	30.8208
14.5455	10	0.727255	30.7269
14.6364	10	0.727255	30.6323
14.7273	10	0.727255	30.5368
14.8182	10	0.727255	30.4403
14.9091	10	0.727255	30.3424
15	10	0.727255	30.2429
15.0909	10	0.727255	30.1414
15.1818	10	0.727255	30.0375
15.2727	10	0.727255	29.9305
15.3636	10	0.727255	29.8198
15.4545	10	0.727255	29.7044
15.5455	10	0.727255	29.5834
15.6364	10	0.727255	29.4553
15.7273	10	0.727255	29.3186
15.8182	10	0.727255	29.1713
15.9091	10	0.727255	29.0107
16	10	0.727255	28.834
16.0909	10	0.727255	28.6373
16.1818	10	0.727255	28.416
16.2727	10	0.727255	28.1643
16.3636	10	0.727255	27.8752
16.4545	10	0.727255	27.5399
16.5455	10	0.727255	27.1477
16.6364	10	0.727255	26.6854
16.7273	10	0.727255	26.1366
16.8182	10	0.727255	25.4811
16.9091	10	0.727255	24.6942
17	10	0.727255	23.7453
17.0909	10	0.727255	22.5966
17.1818	10	0.727255	21.2015
17.2727	10	0.727255	19.5028
17.3636	10	0.727255	17.4297
17.4545	10	0.727255	14.895
17.5455	10	0.727255	11.7914
17.6364	10	0.727255	7.98623
17.7273	10	0.727255	3.31622
17.8182	10	0.727255	-2.42002
17.9091	10	0.727255	-9.47076
18	10	0.727255	-18.1421
9	11	0.792464	34.0496
9.09091	11	0.792464	34.4205
9.18182	11	0.792464	34.7042
9.27273	11	0.792464	34.9171
9.36364	11	0.792464	35.0727
9.45455	11	0.792464	35.1817
9.54545	11	0.792464	35.2529
9.63636	11	0.792464	35.2935
9.72727	11	0.792464	35.3093
9.81818	11	0.792464	35.3049
9.90909	11	0.792464	35.2842
10	11	0.792464	35.2502
10.0909	11	0.792464	35.2055
10.1818	11	0.792464	35.152
10.2727	11	0.792464	35.0915
10.3636	11	0.792464	35.0253
10.4545	11	0.792464	34.9543
10.5455	11	0.792464	34.8796
10.6364	11	0.792464	34.8019
10.7273	11	0.792464	34.7216
10.8182	11	0.792464	34.6394
10.9091	11	0.792464	34.5555
11	11	0.792464	34.4703
11.0909	11	0.792464	34.384
11.1818	11	0.792464	34.2968
11.2727	11	0.792464	34.209
11.3636	11	0.792464	34.1205
11.4545	11	0.792464	34.0316
11.5455	11	0.792464	33.9423
11.6364	11	0.792464	33.8527
11.7273	11	0.792464	33.7629
11.8182	11	0.792464	33.6728
11.9091	11	0.792464	33.5826
12	11	0.792464	33.4923
12.0909	11	0.792464	33.4018
12.1818	11	0.792464	33.3112
12.2727	11	0.792464	33.2206
12.3636	11	0.792464	33.1299
12.4545	11	0.792464	33.0392
12.5455	11	0.792464	32.9484
12.6364	11	0.792464	32.8576
12.7273	11	0.792464	32.7668
12.8182	11	0.792464	32.6759
12.9091	11	0.792464	32.585
13	11	0.792464	32.494
13.0909	11	0.792464	32.4031
13.1818	11	0.792464	32.3121
13.2727	11	0.792464	32.221
13.3636	11	0.792464	32.13
13.4545	11	0.792464	32.0388
13.5455	11	0.792464	31.9476
13.6364	11	0.792464	31.8564
13.7273	11	0.792464	31.765
13.8182	11	0.792464	31.6736
13.9091	11	0.792464	31.582
14	11	0.792464	31.4902
14.0909	11	0.792464	31.3983
14.1818	11	0.792464	31.3061
14.2727	11	0.792464	31.2136
14.3636	11	0.792464	31.1207
14.4545	11	0.792464	31.0274
14.5455	11	0.792464	30.9335
14.6364	11	0.792464	30.8389
14.7273	11	0.792464	30.7435
14.8182	11	0.792464	30.647
14.9091	11	0.792464	30.5492
15	11	0.792464	30.4498
15.0909	11	0.792464	30.3484
15.1818	11	0.792464	30.2446
15.2727	11	0.792464	30.1377
15.3636	11	0.792464	30.0272
15.4545	11	0.792464	29.9121
15.5455	11	0.792464	29.7913
15.6364	11	0.792464	29.6637
15.7273	11	0.792464	29.5274
15.8182	11	0.792464	29.3806
15.9091	11	0.792464	29.2208
16	11	0.792464	29.0449
16.0909	11	0.792464	28.8493
16.1818	11	0.792464	28.6292
16.2727	11	0.792464	28.3791
16.3636	11	0.792464	28.092
16.4545	11	0.792464	27.7591
16.5455	11	0.792464	27.3699
16.6364	11	0.792464	26.9112
16.7273	11	0.792464	26.3669
16.8182	11	0.792464	25.717
16.9091	11	0.792464	24.937
17	11	0.792464	23.9965
17.0909	11	0.792464	22.8582
17.1818	11	0.792464	21.476
17.2727	11	0.792464	19.7931
17.3636	11	0.792464	17.7396
17.4545	11	0.792464	15.2291
17.5455	11	0.792464	12.1551
17.6364	11	0.792464	8.38659
17.7273	11	0.792464	3.76174
17.8182	11	0.792464	-1.91882
17.9091	11	0.792464	-8.90092
18	11	0.792464	-17.4876
9	12	0.857673	34.2975
9.09091	12	0.857673	34.6684
9.18182	12	0.857673	34.9521
9.27273	12	0.857673	35.165
9.36364	12	0.857673	35.3206
9.45455	12	0.857673	35.4296
9.54545	12	0.857673	35.5008
9.63636	12	0.857673	35.5415
9.72727	12	0.857673	35.5572
9.81818	12	0.857673	35.5529
9.90909	12	0.857673	35.5321
10	12	0.857673	35.4982
10.0909	12	0.857673	35.4534
10.1818	12	0.857673	35.4
10.2727	12	0.857673	35.3395
10.3636	12	0.857673	35.2732
10.4545	12	0.857673	35.2023
10.5455	12	0.857673	35.1276
10.6364	12	0.857673	35.0498
10.7273	12	0.857673	34.9696
10.8182	12	0.857673	34.8873
10.9091	12	0.857673	34.8034
11	12	0.857673	34.7182
11.0909	12	0.857673	34.6319
11.1818	12	0.857673	34.5448
11.2727	12	0.857673	34.4569
11.3636	12	0.857673	34.3684
11.4545	12	0.857673	34.2795
11.5455	12	0.857673	34.1902
11.6364	12	0.857673	34.1006
11.7273	12	0.857673	34.0108
11.8182	12	0.857673	33.9207
11.9091	12	0.857673	33.8305
12	12	0.857673	33.7402
12.0909	12	0.857673	33.6497
12.1818	12	0.857673	33.5592
12.2727	12	0.857673	33.4686
12.3636	12	0.857673	33.3779
12.4545	12	0.857673	33.2871
12.5455	12	0.857673	33.1964
12.6364	12	0.857673	33.1055
12.7273	12	0.857673	33.0147
12.8182	12	0.857673	32.9238
12.9091	12	0.857673	32.8329
13	12	0.857673	32.7419
13.0909	12	0.857673	32.651
13.1818	12	0.857673	32.5599
13.2727	12	0.857673	32.4689
13.3636	12	0.857673	32.3778
13.4545	12	0.857673	32.2866
13.5455	12	0.857673	32.1954
13.6364	12	0.857673	32.1041
13.7273	12	0.857673	32.0127
13.8182	12	0.857673	31.9212
13.9091	12	0.857673	31.8296
14	12	0.857673	31.7377
14.0909	12	0.857673	31.6457
14.1818	12	0.857673	31.5533
14.2727	12	0.857673	31.4607
14.3636	12	0.857673	31.3676
14.4545	12	0.857673	31.2741
14.5455	12	0.857673	31.1799
14.6364	12	0.857673	31.085
14.7273	12	0.857673	30.9891
14.8182	12	0.857673	30.892
14.9091	12	0.857673	30.7936
15	12	0.857673	30.6934
15.0909	12	0.857673	30.591
15.1818	12	0.857673	30.4859
15.2727	12	0.857673	30.3775
15.3636	12	0.857673	30.2651
15.4545	12	0.857673	30.1477
15.5455	12	0.857673	30.0241
15.6364	12	0.857673	29.8928
15.7273	12	0.857673	29.7522
15.8182	12	0.857673	29.6
15.9091	12	0.857673	29.4336
16	12	0.857673	29.2495
16.0909	12	0.857673	29.0438
16.1818	12	0.857673	28.8113
16.2727	12	0.857673	28.5459
16.3636	12	0.857673	28.2398
16.4545	12	0.857673	27.8836
16.5455	12	0.857673	27.4657
16.6364	12	0.857673	26.9716
16.7273	12	0.857673	26.3836
16.8182	12	0.857673	25.6799
16.9091	12	0.857673	24.8334
17	12	0.857673	23.8111
17.0909	12	0.857673	22.5719
17.1818	12	0.857673	21.0653
17.2727	12	0.857673	19.2291
17.3636	12	0.857673	16.9865
17.4545	12	0.857673	14.2429
17.5455	12	0.857673	10.8816
17.6364	12	0.857673	6.75876
17.7273	12	0.857673	1.69715
17.8182	12	0.857673	-4.52188
17.9091	12	0.857673	-12.1678
18	12	0.857673	-21.5729
9	13	0.922882	34.594
9.09091	13	0.922882	34.9649
9.18182	13	0.922882	35.2485
9.27273	13	0.922882	35.4615
9.36364	13	0.922882	35.617
9.45455	13	0.922882	35.726
9.54545	13	0.922882	35.7973
9.63636	13	0.922882	35.8379
9.72727	13	0.922882	35.8537
9.81818	13	0.922882	35.8493
9.90909	13	0.922882	35.8286
10	13	0.922882	35.7946
10.0909	13	0.922882	35.7499
10.1818	13	0.922882	35.6964
10.2727	13	0.922882	35.6359
10.3636	13	0.922882	35.5696
10.4545	13	0.922882	35.4987
10.5455	13	0.922882	35.424
10.6364	13	0.922882	35.3463
10.7273	13	0.922882	35.266
10.8182	13	0.922882	35.1838
10.9091	13	0.922882	35.0999
11	13	0.922882	35.0147
11.0909	13	0.922882	34.9284
11.1818	13	0.922882	34.8412
11.2727	13	0.922882	34.7533
11.3636	13	0.922882	34.6649
11.4545	13	0.922882	34.576
11.5455	13	0.922882	34.4867
11.6364	13	0.922882	34.3971
11.7273	13	0.922882	34.3072
11.8182	13	0.922882	34.2172
11.9091	13	0.922882	34.127
12	13	0.922882	34.0366
12.0909	13	0.922882	33.9461
12.1818	13	0.922882	33.8556
12.2727	13	0.922882	33.765
12.3636	13	0.922882	33.6743
12.4545	13	0.922882	33.5835
12.5455	13	0.922882	33.4927
12.6364	13	0.922882	33.4019
12.7273	13	0.922882	33.3111
12.8182	13	0.922882	33.2202
12.9091	13	0.922882	33.1292
13	13	0.922882	33.0383
13.0909	13	0.922882	32.9473
13.1818	13	0.922882	32.8562
13.2727	13	0.922882	32.7651
13.3636	13	0.922882	32.674
13.4545	13	0.922882	32.5827
13.5455	13	0.922882	32.4915
13.6364	13	0.922882	32.4001
13.7273	13	0.922882	32.3085
13.8182	13	0.922882	32.2169
13.9091	13	0.922882	32.1251
14	13	0.922882	32.033
14.0909	13	0.922882	31.9407
14.1818	13	0.922882	31.848
14.2727	13	0.922882	31.755
14.3636	13	0.922882	31.6614
14.4545	13	0.922882	31.5673
14.5455	13	0.922882	31.4723
14.6364	13	0.922882	31.3765
14.7273	13	0.922882	31.2794
14.8182	13	0.922882	31.181
14.9091	13	0.922882	31.0808
15	13	0.922882	30.9784
15.0909	13	0.922882	30.8733
15.1818	13	0.922882	30.765
15.2727	13	0.922882	30.6526
15.3636	13	0.922882	30.5352
15.4545	13	0.922882	30.4116
15.5455	13	0.922882	30.2805
15.6364	13	0.922882	30.1399
15.7273	13	0.922882	29.9878
15.8182	13	0.922882	29.8214
15.9091	13	0.922882	29.6375
16	13	0.922882	29.4319
16.0909	13	0.922882	29.1996
16.1818	13	0.922882	28.9344
16.2727	13	0.922882	28.6286
16.3636	13	0.922882	28.2728
16.4545	13	0.922882	27.8553
16.5455	13	0.922882	27.3617
16.6364	13	0.922882	26.7744
16.7273	13	0.922882	26.0715
16.8182	13	0.922882	25.2261
16.9091	13	0.922882	24.205
17	13	0.922882	22.9673
17.0909	13	0.922882	21.4626
17.1818	13	0.922882	19.6287
17.2727	13	0.922882	17.3889
17.3636	13	0.922882	14.6488
17.4545	13	0.922882	11.2919
17.5455	13	0.922882	7.17439
17.6364	13	0.922882	2.11936
17.7273	13	0.922882	-4.09155
17.8182	13	0.922882	-11.7275
17.9091	13	0.922882	-21.1202
18	13	0.922882	-32.6789
9	14	0.988092	34.8165
9.09091	14	0.988092	35.1874
9.18182	14	0.988092	35.4711
9.27273	14	0.988092	35.684
9.36364	14	0.988092	35.8396
9.45455	14	0.988092	35.9486
9.54545	14	0.988092	36.0198
9.63636	14	0.988092	36.0604
9.72727	14	0.988092	36.0762
9.81818	14	0.988092	36.0718
9.90909	14	0.988092	36.0511
10	14	0.988092	36.0171
10.0909	14	0.988092	35.9724
10.1818	14	0.988092	35.9189
10.2727	14	0.988092	35.8584
10.3636	14	0.988092	35.7922
10.4545	14	0.988092	35.7212
10.5455	14	0.988092	35.6465
10.6364	14	0.988092	35.5688
10.7273	14	0.988092	35.4885
10.8182	14	0.988092	35.4063
10.9091	14	0.988092	35.3224
11	14	0.988092	35.2372
11.0909	14	0.988092	35.1509
11.1818	14	0.988092	35.0637
11.2727	14	0.988092	34.9759
11.3636	14	0.988092	34.8874
11.4545	14	0.988092	34.7985
11.5455	14	0.988092	34.7092
11.6364	14	0.988092	34.6196
11.7273	14	0.988092	34.5298
11.8182	14	0.988092	34.4397
11.9091	14	0.988092	34.3495
12	14	0.988092	34.2591
12.0909	14	0.988092	34.1687
12.1818	14	0.988092	34.0781
12.2727	14	0.988092	33.9875
12.3636	14	0.988092	33.8968
12.4545	14	0.988092	33.8061
12.5455	14	0.988092	33.7153
12.6364	14	0.988092	33.6244
12.7273	14	0.988092	33.5336
12.8182	14	0.988092	33.4427
12.9091	14	0.988092	33.3517
13	14	0.988092	33.2608
13.0909	14	0.988092	33.1698
13.1818	14	0.988092	33.0787
13.2727	14	0.988092	32.9876
13.3636	14	0.988092	32.8964
13.4545	14	0.988092	32.8052
13.5455	14	0.988092	32.7139
13.6364	14	0.988092	32.6225
13.7273	14	0.988092	32.5309
13.8182	14	0.988092	32.4393
13.9091	14	0.988092	32.3474
14	14	0.988092	32.2553
14.0909	14	0.988092	32.1629
14.1818	14	0.988092	32.0702
14.2727	14	0.988092	31.977
14.3636	14	0.988092	31.8834
14.4545	14	0.988092	31.7891
14.5455	14	0.988092	31.694
14.6364	14	0.988092	31.5979
14.7273	14	0.988092	31.5006
14.8182	14	0.988092	31.4018
14.9091	14	0.988092	31.3012
15	14	0.988092	31.1984
15.0909	14	0.988092	31.0927
15.1818	14	0.988092	30.9836
15.2727	14	0.988092	30.8703
15.3636	14	0.988092	30.7518
15.4545	14	0.988092	30.6269
15.5455	14	0.988092	30.494
15.6364	14	0.988092	30.3514
15.7273	14	0.988092	30.1967
15.8182	14	0.988092	30.0271
15.9091	14	0.988092	29.8393
16	14	0.988092	29.6288
16.0909	14	0.988092	29.3906
16.1818	14	0.988092	29.118
16.2727	14	0.988092	28.8032
16.3636	14	0.988092	28.4362
16.4545	14	0.988092	28.0049
16.5455	14	0.988092	27.4943
16.6364	14	0.988092	26.8861
16.7273	14	0.988092	26.1573
16.8182	14	0.988092	25.2801
16.9091	14	0.988092	24.2198
17	14	0.988092	22.9337
17.0909	14	0.988092	21.3694
17.1818	14	0.988092	19.462
17.2727	14	0.988092	17.1316
17.3636	14	0.988092	14.2797
17.4545	14	0.988092	10.785
17.5455	14	0.988092	6.49766
17.6364	14	0.988092	1.23323
17.7273	14	0.988092	-5.23582
17.8182	14	0.988092	-13.19
17.9091	14	0.988092	-22.9751
18	14	0.988092	-35.0175
9	15	1.0533	35.1178
9.09091	15	1.0533	35.4887
9.18182	15	1.0533	35.7724
9.27273	15	1.0533	35.9854
9.36364	15	1.0533	36.1409
9.45455	15	1.0533	36.2499
9.54545	15	1.0533	36.3212
9.63636	15	1.0533	36.3618
9.72727	15	1.0533	36.3775
9.81818	15	1.0533	36.3732
9.90909	15	1.0533	36.3525
10	15	1.0533	36.3185
10.0909	15	1.0533	36.2738
10.1818	15	1.0533	36.2203
10.2727	15	1.0533	36.1598
10.3636	15	1.0533	36.0935
10.4545	15	1.0533	36.0226
10.5455	15	1.0533	35.9479
10.6364	15	1.0533	35.8701
10.7273	15	1.0533	35.7899
10.8182	15	1.0533	35.7076
10.9091	15	1.0533	35.6238
11	15	1.0533	35.5385
11.0909	15	1.0533	35.4522
11.1818	15	1.0533	35.3651
11.2727	15	1.0533	35.2772
11.3636	15	1.0533	35.1888
11.4545	15	1.0533	35.0998
11.5455	15	1.0533	35.0106
11.6364	15	1.0533	34.921
11.7273	15	1.0533	34.8311
11.8182	15	1.0533	34.741
11.9091	15	1.0533	34.6508
12	15	1.0533	34.5605
12.0909	15	1.0533	34.47
12.1818	15	1.0533	34.3795
12.2727	15	1.0533	34.2888
12.3636	15	1.0533	34.1981
12.4545	15	1.0533	34.1074
12.5455	15	1.0533	34.0166
12.6364	15	1.0533	33.9257
12.7273	15	1.0533	33.8348
12.8182	15	1.0533	33.7439
12.9091	15	1.0533	33.653
13	15	1.0533	33.562
13.0909	15	1.0533	33.4709
13.1818	15	1.0533	33.3798
13.2727	15	1.0533	33.2887
13.3636	15	1.0533	33.1974
13.4545	15	1.0533	33.1061
13.5455	15	1.0533	33.0147
13.6364	15	1.0533	32.9231
13.7273	15	1.0533	32.8315
13.8182	15	1.0533	32.7396
13.9091	15	1.0533	32.6474
14	15	1.0533	32.555
14.0909	15	1.0533	32.4623
14.1818	15	1.0533	32.3691
14.2727	15	1.0533	32.2754
14.3636	15	1.0533	32.181
14.4545	15	1.0533	32.0859
14.5455	15	1.0533	31.9897
14.6364	15	1.0533	31.8923
14.7273	15	1.0533	31.7934
14.8182	15	1.0533	31.6927
14.9091	15	1.0533	31.5896
15	15	1.0533	31.4837
15.0909	15	1.0533	31.3743
15.1818	15	1.0533	31.2607
15.2727	15	1.0533	31.1417
15.3636	15	1.0533	31.0162
15.4545	15	1.0533	30.8826
15.5455	15	1.0533	30.7392
15.6364	15	1.0533	30.5834
15.7273	15	1.0533	30.4126
15.8182	15	1.0533	30.2232
15.9091	15	1.0533	30.0108
16	15	1.0533	29.7702
16.0909	15	1.0533	29.4946
16.1818	15	1.0533	29.1761
16.2727	15	1.0533	28.8046
16.3636	15	1.0533	28.3678
16.4545	15	1.0533	27.8504
16.5455	15	1.0533	27.2337
16.6364	15	1.0533	26.4946
16.7273	15	1.0533	25.6046
16.8182	15	1.0533	24.5285
16.9091	15	1.0533	23.2229
17	15	1.0533	21.6346
17.0909	15	1.0533	19.6976
17.1818	15	1.0533	17.3307
17.2727	15	1.0533	14.4339
17.3636	15	1.0533	10.8837
17.4545	15	1.0533	6.52805
17.5455	15	1.0533	1.17936
17.6364	15	1.0533	-5.39358
17.7273	15	1.0533	-13.4758
17.8182	15	1.0533	-23.4189
17.9091	15	1.0533	-35.6559
18	15	1.0533	-50.7211
9	16	1.11851	35.3126
9.09091	16	1.11851	35.6835
9.18182	16	1.11851	35.9672
9.27273	16	1.11851	36.1801
9.36364	16	1.11851	36.3356
9.45455	16	1.11851	36.4446
9.54545	16	1.11851	36.5159
9.63636	16	1.11851	36.5565
9.72727	16	1.11851	36.5723
9.81818	16	1.11851	36.5679
9.90909	16	1.11851	36.5472
10	16	1.11851	36.5132
10.0909	16	1.11851	36.4685
10.1818	16	1.11851	36.415
10.2727	16	1.11851	36.3545
10.3636	16	1.11851	36.2882
10.4545	16	1.11851	36.2173
10.5455	16	1.11851	36.1426
10.6364	16	1.11851	36.0649
10.7273	16	1.11851	35.9846
10.8182	16	1.11851	35.9024
10.9091	16	1.11851	35.8185
11	16	1.11851	35.7333
11.0909	16	1.11851	35.647
11.1818	16	1.11851	35.5598
11.2727	16	1.11851	35.4719
11.3636	16	1.11851	35.3835
11.4545	16	1.11851	35.2946
11.5455	16	1.11851	35.2053
11.6364	16	1.11851	35.1157
11.7273	16	1.11851	35.0258
11.8182	16	1.11851	34.9358
11.9091	16	1.11851	34.8456
12	16	1.11851	34.7552
12.0909	16	1.11851	34.6647
12.1818	16	1.11851	34.5742
12.2727	16	1.11851	34.4835
12.3636	16	1.11851	34.3928
12.4545	16	1.11851	34.3021
12.5455	16	1.11851	34.2113
12.6364	16	1.11851	34.1205
12.7273	16	1.11851	34.0296
12.8182	16	1.11851	33.9387
12.9091	16	1.11851	33.8477
13	16	1.11851	33.7567
13.0909	16	1.11851	33.6657
13.1818	16	1.11851	33.5746
13.2727	16	1.11851	33.4834
13.3636	16	1.11851	33.3922
13.4545	16	1.11851	33.3009
13.5455	16	1.11851	33.2095
13.6364	16	1.11851	33.1179
13.7273	16	1.11851	33.0262
13.8182	16	1.11851	32.9344
13.9091	16	1.11851	32.8423
14	16	1.11851	32.7499
14.0909	16	1.11851	32.6572
14.1818	16	1.11851	32.5641
14.2727	16	1.11851	32.4704
14.3636	16	1.11851	32.3761
14.4545	16	1.11851	32.281
14.5455	16	1.11851	32.1849
14.6364	16	1.11851	32.0876
14.7273	16	1.11851	31.9889
14.8182	16	1.11851	31.8883
14.9091	16	1.11851	31.7855
15	16	1.11851	31.6798
15.0909	16	1.11851	31.5708
15.1818	16	1.11851	31.4575
15.2727	16	1.11851	31.3391
15.3636	16	1.11851	31.2142
15.4545	16	1.11851	31.0814
15.5455	16	1.11851	30.9388
15.6364	16	1.11851	30.7842
15.7273	16	1.11851	30.6148
15.8182	16	1.11851	30.4271
15.9091	16	1.11851	30.2169
16	16	1.11851	29.9789
16.0909	16	1.11851	29.7066
16.1818	16	1.11851	29.3921
16.2727	16	1.11851	29.0255
16.3636	16	1.11851	28.5948
16.4545	16	1.11851	28.0849
16.5455	16	1.11851	27.4775
16.6364	16	1.11851	26.7498
16.7273	16	1.11851	25.8739
16.8182	16	1.11851	24.8151
16.9091	16	1.11851	23.531
17	16	1.11851	21.9691
17.0909	16	1.11851	20.0646
17.1818	16	1.11851	17.7378
17.2727	16	1.11851	14.8905
17.3636	16	1.11851	11.4013
17.4545	16	1.11851	7.1208
17.5455	16	1.11851	1.86479
17.6364	16	1.11851	-4.59389
17.7273	16	1.11851	-12.5353
17.8182	16	1.11851	-22.3046
17.9091	16	1.11851	-34.3276
18	16	1.11851	-49.1289
9	17	1.18372	35.5152
9.09091	17	1.18372	35.8861
9.18182	17	1.18372	36.1698
9.27273	17	1.18372	36.3827
9.36364	17	1.18372	36.5383
9.45455	17	1.18372	36.6473
9.54545	17	1.18372	36.7185
9.63636	17	1.18372	36.7591
9.72727	17	1.18372	36.7749
9.81818	17	1.18372	36.7705
9.90909	17	1.18372	36.7498
10	17	1.18372	36.7158
10.0909	17	1.18372	36.6711
10.1818	17	1.18372	36.6177
10.2727	17	1.18372	36.5571
10.3636	17	1.18372	36.4909
10.4545	17	1.18372	36.42
10.5455	17	1.18372	36.3453
10.6364	17	1.18372	36.2675
10.7273	17	1.18372	36.1873
10.8182	17	1.18372	36.105
10.9091	17	1.18372	36.0211
11	17	1.18372	35.9359
11.0909	17	1.18372	35.8496
11.1818	17	1.18372	35.7624
11.2727	17	1.18372	35.6746
11.3636	17	1.18372	35.5861
11.4545	17	1.18372	35.4972
11.5455	17	1.18372	35.4079
11.6364	17	1.18372	35.3183
11.7273	17	1.18372	35.2285
11.8182	17	1.18372	35.1384
11.9091	17	1.18372	35.0482
12	17	1.18372	34.9578
12.0909	17	1.18372	34.8674
12.1818	17	1.18372	34.7768
12.2727	17	1.18372	34.6862
12.3636	17	1.18372	34.5955
12.4545	17	1.18372	34.5047
12.5455	17	1.18372	34.4139
12.6364	17	1.18372	34.3231
12.7273	17	1.18372	34.2322
12.8182	17	1.18372	34.1413
12.9091	17	1.18372	34.0503
13	17	1.18372	33.9593
13.0909	17	1.18372	33.8683
13.1818	17	1.18372	33.7772
13.2727	17	1.18372	33.686
13.3636	17	1.18372	33.5948
13.4545	17	1.18372	33.5035
13.5455	17	1.18372	33.4121
13.6364	17	1.18372	33.3206
13.7273	17	1.18372	33.2289
13.8182	17	1.18372	33.137
13.9091	17	1.18372	33.0449
14	17	1.18372	32.9525
14.0909	17	1.18372	32.8598
14.1818	17	1.18372	32.7666
14.2727	17	1.18372	32.673
14.3636	17	1.18372	32.5787
14.4545	17	1.18372	32.4835
14.5455	17	1.18372	32.3875
14.6364	17	1.18372	32.2902
14.7273	17	1.18372	32.1914
14.8182	17	1.18372	32.0908
14.9091	17	1.18372	31.9879
15	17	1.18372	31.8822
15.0909	17	1.18372	31.7731
15.1818	17	1.18372	31.6598
15.2727	17	1.18372	31.5412
15.3636	17	1.18372	31.4162
15.4545	17	1.18372	31.2833
15.5455	17	1.18372	31.1406
15.6364	17	1.18372	30.9858
15.7273	17	1.18372	30.8161
15.8182	17	1.18372	30.6282
15.9091	17	1.18372	30.4176
16	17	1.18372	30.1791
16.0909	17	1.18372	29.9063
16.1818	17	1.18372	29.5911
16.2727	17	1.18372	29.2237
16.3636	17	1.18372	28.7919
16.4545	17	1.18372	28.2808
16.5455	17	1.18372	27.6718
16.6364	17	1.18372	26.9421
16.7273	17	1.18372	26.0638
16.8182	17	1.18372	25.002
16.9091	17	1.18372	23.7143
17	17	1.18372	22.1478
17.0909	17	1.18372	20.2378
17.1818	17	1.18372	17.9042
17.2727	17	1.18372	15.0484
17.3636	17	1.18372	11.5487
17.4545	17	1.18372	7.25542
17.5455	17	1.18372	1.98358
17.6364	17	1.18372	-4.49462
17.7273	17	1.18372	-12.4601
17.8182	17	1.18372	-22.2591
17.9091	17	1.18372	-34.3186
18	17	1.18372	-49.165
9	18	1.24893	35.7856
9.09091	18	1.24893	36.1565
9.18182	18	1.24893	36.4401
9.27273	18	1.24893	36.6531
9.36364	18	1.24893	36.8086
9.45455	18	1.24893	36.9176
9.54545	18	1.24893	36.9889
9.63636	18	1.24893	37.0295
9.72727	18	1.24893	37.0453
9.81818	18	1.24893	37.0409
9.90909	18	1.24893	37.0202
10	18	1.24893	36.9862
10.0909	18	1.24893	36.9415
10.1818	18	1.24893	36.888
10.2727	18	1.24893	36.8275
10.3636	18	1.24893	36.7612
10.4545	18	1.24893	36.6903
10.5455	18	1.24893	36.6156
10.6364	18	1.24893	36.5379
10.7273	18	1.24893	36.4576
10.8182	18	1.24893	36.3754
10.9091	18	1.24893	36.2915
11	18	1.24893	36.2062
11.0909	18	1.24893	36.12
11.1818	18	1.24893	36.0328
11.2727	18	1.24893	35.9449
11.3636	18	1.24893	35.8565
11.4545	18	1.24893	35.7676
11.5455	18	1.24893	35.6783
11.6364	18	1.24893	35.5887
11.7273	18	1.24893	35.4988
11.8182	18	1.24893	35.4087
11.9091	18	1.24893	35.3185
12	18	1.24893	35.2282
12.0909	18	1.24893	35.1377
12.1818	18	1.24893	35.0471
12.2727	18	1.24893	34.9565
12.3636	18	1.24893	34.8658
12.4545	18	1.24893	34.775
12.5455	18	1.24893	34.6842
12.6364	18	1.24893	34.5934
12.7273	18	1.24893	34.5025
12.8182	18	1.24893	34.4116
12.9091	18	1.24893	34.3206
13	18	1.24893	34.2295
13.0909	18	1.24893	34.1385
13.1818	18	1.24893	34.0473
13.2727	18	1.24893	33.9561
13.3636	18	1.24893	33.8648
13.4545	18	1.24893	33.7735
13.5455	18	1.24893	33.682
13.6364	18	1.24893	33.5903
13.7273	18	1.24893	33.4985
13.8182	18	1.24893	33.4065
13.9091	18	1.24893	33.3141
14	18	1.24893	33.2215
14.0909	18	1.24893	33.1285
14.1818	18	1.24893	33.0349
14.2727	18	1.24893	32.9408
14.3636	18	1.24893	32.8459
14.4545	18	1.24893	32.75
14.5455	18	1.24893	32.653
14.6364	18	1.24893	32.5546
14.7273	18	1.24893	32.4545
14.8182	18	1.24893	32.3522
14.9091	18	1.24893	32.2472
15	18	1.24893	32.139
15.0909	18	1.24893	32.0267
15.1818	18	1.24893	31.9095
15.2727	18	1.24893	31.7861
15.3636	18	1.24893	31.6552
15.4545	18	1.24893	31.515
15.5455	18	1.24893	31.3632
15.6364	18	1.24893	31.1973
15.7273	18	1.24893	31.014
15.8182	18	1.24893	30.8091
15.9091	18	1.24893	30.5777
16	18	1.24893	30.3136
16.0909	18	1.24893	30.0091
16.1818	18	1.24893	29.6549
16.2727	18	1.24893	29.2394
16.3636	18	1.24893	28.7484
16.4545	18	1.24893	28.1641
16.5455	18	1.24893	27.465
16.6364	18	1.24893	26.6243
16.7273	18	1.24893	25.609
16.8182	18	1.24893	24.3784
16.9091	18	1.24893	22.8825
17	18	1.24893	21.0594
17.0909	18	1.24893	18.833
17.1818	18	1.24893	16.1093
17.2727	18	1.24893	12.7727
17.3636	18	1.24893	8.68021
17.4545	18	1.24893	3.65601
17.5455	18	1.24893	-2.51689
17.6364	18	1.24893	-10.106
17.7273	18	1.24893	-19.441
17.8182	18	1.24893	-30.9284
17.9091	18	1.24893	-45.0695
18	18	1.24893	-62.4822
9	19	1.31414	35.9828
9.09091	19	1.31414	36.3537
9.18182	19	1.31414	36.6374
9.27273	19	1.31414	36.8503
9.36364	19	1.31414	37.0059
9.45455	19	1.31414	37.1149
9.54545	19	1.31414	37.1861
9.63636	19	1.31414	37.2267
9.72727	19	1.31414	37.2425
9.81818	19	1.31414	37.2381
9.90909	19	1.31414	37.2174
10	19	1.31414	37.1834
10.0909	19	1.31414	37.1387
10.1818	19	1.31414	37.0853
10.2727	19	1.31414	37.0247
10.3636	19	1.31414	36.9585
10.4545	19	1.31414	36.8875
10.5455	19	1.31414	36.8129
10.6364	19	1.31414	36.7351
10.7273	19	1.31414	36.6549
10.8182	19	1.31414	36.5726
10.9091	19	1.31414	36.4887
11	19	1.31414	36.4035
11.0909	19	1.31414	36.3172
11.1818	19	1.31414	36.23
11.2727	19	1.31414	36.1422
11.3636	19	1.31414	36.0537
11.4545	19	1.31414	35.9648
11.5455	19	1.31414	35.8755
11.6364	19	1.31414	35.7859
11.7273	19	1.31414	35.696
11.8182	19	1.31414	35.606
11.9091	19	1.31414	35.5158
12	19	1.31414	35.4254
12.0909	19	1.31414	35.3349
12.1818	19	1.31414	35.2444
12.2727	19	1.31414	35.1537
12.3636	19	1.31414	35.063
12.4545	19	1.31414	34.9723
12.5455	19	1.31414	34.8815
12.6364	19	1.31414	34.7906
12.7273	19	1.31414	34.6997
12.8182	19	1.31414	34.6088
12.9091	19	1.31414	34.5178
13	19	1.31414	34.4268
13.0909	19	1.31414	34.3357
13.1818	19	1.31414	34.2446
13.2727	19	1.31414	34.1534
13.3636	19	1.31414	34.0621
13.4545	19	1.31414	33.9707
13.5455	19	1.31414	33.8792
13.6364	19	1.31414	33.7876
13.7273	19	1.31414	33.6958
13.8182	19	1.31414	33.6037
13.9091	19	1.31414	33.5114
14	19	1.31414	33.4188
14.0909	19	1.31414	33.3258
14.1818	19	1.31414	33.2323
14.2727	19	1.31414	33.1381
14.3636	19	1.31414	33.0433
14.4545	19	1.31414	32.9475
14.5455	19	1.31414	32.8505
14.6364	19	1.31414	32.7522
14.7273	19	1.31414	32.6521
14.8182	19	1.31414	32.5498
14.9091	19	1.31414	32.445
15	19	1.31414	32.3369
15.0909	19	1.31414	32.2248
15.1818	19	1.31414	32.1077
15.2727	19	1.31414	31.9846
15.3636	19	1.31414	31.8539
15.4545	19	1.31414	31.714
15.5455	19	1.31414	31.5627
15.6364	19	1.31414	31.3973
15.7273	19	1.31414	31.2146
15.8182	19	1.31414	31.0105
15.9091	19	1.31414	30.7801
16	19	1.31414	30.5172
16.0909	19	1.31414	30.2142
16.1818	19	1.31414	29.8618
16.2727	19	1.31414	29.4486
16.3636	19	1.31414	28.9603
16.4545	19	1.31414	28.3795
16.5455	19	1.31414	27.6846
16.6364	19	1.31414	26.849
16.7273	19	1.31414	25.8401
16.8182	19	1.31414	24.6174
16.9091	19	1.31414	23.1312
17	19	1.31414	21.3201
17.0909	19	1.31414	19.1085
17.1818	19	1.31414	16.4031
17.2727	19	1.31414	13.0888
17.3636	19	1.31414	9.02409
17.4545	19	1.31414	4.03403
17.5455	19	1.31414	-2.09677
17.6364	19	1.31414	-9.63395
17.7273	19	1.31414	-18.905
17.8182	19	1.31414	-30.3135
17.9091	19	1.31414	-44.3574
18	19	1.31414	-61.6502
9	20	1.37935	36.2323
9.09091	20	1.37935	36.6032
9.18182	20	1.37935	36.8869
9.27273	20	1.37935	37.0998
9.36364	20	1.37935	37.2554
9.45455	20	1.37935	37.3644
9.54545	20	1.37935	37.4356
9.63636	20	1.37935	37.4762
9.72727	20	1.37935	37.492
9.81818	20	1.37935	37.4876
9.90909	20	1.37935	37.4669
10	20	1.37935	37.4329
10.0909	20	1.37935	37.3882
10.1818	20	1.37935	37.3348
10.2727	20	1.37935	37.2742
10.3636	20	1.37935	37.208
10.4545	20	1.37935	37.1371
10.5455	20	1.37935	37.0624
10.6364	20	1.37935	36.9846
10.7273	20	1.37935	36.9044
10.8182	20	1.37935	36.8221
10.9091	20	1.37935	36.7382
11	20	1.37935	36.653
11.0909	20	1.37935	36.5667
11.1818	20	1.37935	36.4795
11.2727	20	1.37935	36.3917
11.3636	20	1.37935	36.3032
11.4545	20	1.37935	36.2143
11.5455	20	1.37935	36.125
11.6364	20	1.37935	36.0354
11.7273	20	1.37935	35.9456
11.8182	20	1.37935	35.8555
11.9091	20	1.37935	35.7653
12	20	1.37935	35.6749
12.0909	20	1.37935	35.5844
12.1818	20	1.37935	35.4939
12.2727	20	1.37935	35.4032
12.3636	20	1.37935	35.3125
12.4545	20	1.37935	35.2218
12.5455	20	1.37935	35.131
12.6364	20	1.37935	35.0401
12.7273	20	1.37935	34.9492
12.8182	20	1.37935	34.8582
12.9091	20	1.37935	34.7672
13	20	1.37935	34.6762
13.0909	20	1.37935	34.5851
13.1818	20	1.37935	34.4939
13.2727	20	1.37935	34.4027
13.3636	20	1.37935	34.3114
13.4545	20	1.37935	34.2199
13.5455	20	1.37935	34.1284
13.6364	20	1.37935	34.0366
13.7273	20	1.37935	33.9447
13.8182	20	1.37935	33.8525
13.9091	20	1.37935	33.7601
14	20	1.37935	33.6672
14.0909	20	1.37935	33.5739
14.1818	20	1.37935	33.4801
14.2727	20	1.37935	33.3856
14.3636	20	1.37935	33.2902
14.4545	20	1.37935	33.1938
14.5455	20	1.37935	33.0962
14.6364	20	1.37935	32.9969
14.7273	20	1.37935	32.8957
14.8182	20	1.37935	32.7921
14.9091	20	1.37935	32.6855
15	20	1.37935	32.5754
15.0909	20	1.37935	32.4607
15.1818	20	1.37935	32.3405
15.2727	20	1.37935	32.2134
15.3636	20	1.37935	32.0779
15.4545	20	1.37935	31.9321
15.5455	20	1.37935	31.7735
15.6364	20	1.37935	31.5991
15.7273	20	1.37935	31.4053
15.8182	20	1.37935	31.1875
15.9091	20	1.37935	30.9401
16	20	1.37935	30.6564
16.0909	20	1.37935	30.3277
16.1818	20	1.37935	29.9437
16.2727	20	1.37935	29.4914
16.3636	20	1.37935	28.955
16.4545	20	1.37935	28.3148
16.5455	20	1.37935	27.5468
16.6364	20	1.37935	26.6211
16.7273	20	1.37935	25.501
16.8182	20	1.37935	24.1412
16.9091	20	1.37935	22.4861
17	20	1.37935	20.4666
17.0909	20	1.37935	17.9982
17.1818	20	1.37935	14.9761
17.2727	20	1.37935	11.2715
17.3636	20	1.37935	6.7255
17.4545	20	1.37935	1.14213
17.5455	20	1.37935	-5.72015
17.6364	20	1.37935	-14.1591
17.7273	20	1.37935	-24.5419
17.8182	20	1.37935	-37.3211
17.9091	20	1.37935	-53.0548
18	20	1.37935	-72.4308
9	21	1.44456	36.432
9.09091	21	1.44456	36.8029
9.18182	21	1.44456	37.0866
9.27273	21	1.44456	37.2995
9.36364	21	1.44456	37.4551
9.45455	21	1.44456	37.5641
9.54545	21	1.44456	37.6353
9.63636	21	1.44456	37.6759
9.72727	21	1.44456	37.6917
9.81818	21	1.44456	37.6873
9.90909	21	1.44456	37.6666
10	21	1.44456	37.6326
10.0909	21	1.44456	37.5879
10.1818	21	1.44456	37.5345
10.2727	21	1.44456	37.4739
10.3636	21	1.44456	37.4077
10.4545	21	1.44456	37.3368
10.5455	21	1.44456	37.2621
10.6364	21	1.44456	37.1843
10.7273	21	1.44456	37.1041
10.8182	21	1.44456	37.0218
10.9091	21	1.44456	36.9379
11	21	1.44456	36.8527
11.0909	21	1.44456	36.7664
11.1818	21	1.44456	36.6792
11.2727	21	1.44456	36.5914
11.3636	21	1.44456	36.5029
11.4545	21	1.44456	36.414
11.5455	21	1.44456	36.3247
11.6364	21	1.44456	36.2351
11.7273	21	1.44456	36.1452
11.8182	21	1.44456	36.0552
11.9091	21	1.44456	35.965
12	21	1.44456	35.8746
12.0909	21	1.44456	35.7841
12.1818	21	1.44456	35.6936
12.2727	21	1.44456	35.6029
12.3636	21	1.44456	35.5122
12.4545	21	1.44456	35.4215
12.5455	21	1.44456	35.3306
12.6364	21	1.44456	35.2398
12.7273	21	1.44456	35.1489
12.8182	21	1.44456	35.0579
12.9091	21	1.44456	34.9669
13	21	1.44456	34.8759
13.0909	21	1.44456	34.7848
13.1818	21	1.44456	34.6936
13.2727	21	1.44456	34.6024
13.3636	21	1.44456	34.5111
13.4545	21	1.44456	34.4196
13.5455	21	1.44456	34.328
13.6364	21	1.44456	34.2363
13.7273	21	1.44456	34.1444
13.8182	21	1.44456	34.0522
13.9091	21	1.44456	33.9597
14	21	1.44456	33.8669
14.0909	21	1.44456	33.7736
14.1818	21	1.44456	33.6798
14.2727	21	1.44456	33.5853
14.3636	21	1.44456	33.4899
14.4545	21	1.44456	33.3935
14.5455	21	1.44456	33.2958
14.6364	21	1.44456	33.1966
14.7273	21	1.44456	33.0954
14.8182	21	1.44456	32.9918
14.9091	21	1.44456	32.8852
15	21	1.44456	32.775
15.0909	21	1.44456	32.6603
15.1818	21	1.44456	32.5401
15.2727	21	1.44456	32.413
15.3636	21	1.44456	32.2776
15.4545	21	1.44456	32.1317
15.5455	21	1.44456	31.9731
15.6364	21	1.44456	31.7986
15.7273	21	1.44456	31.6048
15.8182	21	1.44456	31.387
15.9091	21	1.44456	31.1396
16	21	1.44456	30.8557
16.0909	21	1.44456	30.527
16.1818	21	1.44456	30.1429
16.2727	21	1.44456	29.6905
16.3636	21	1.44456	29.1539
16.4545	21	1.44456	28.5136
16.5455	21	1.44456	27.7453
16.6364	21	1.44456	26.8193
16.7273	21	1.44456	25.6989
16.8182	21	1.44456	24.3387
16.9091	21	1.44456	22.6831
17	21	1.44456	20.663
17.0909	21	1.44456	18.1938
17.1818	21	1.44456	15.1707
17.2727	21	1.44456	11.465
17.3636	21	1.44456	6.9175
17.4545	21	1.44456	1.33234
17.5455	21	1.44456	-5.53214
17.6364	21	1.44456	-13.9738
17.7273	21	1.44456	-24.36
17.8182	21	1.44456	-37.1433
17.9091	21	1.44456	-52.8821
18	21	1.44456	-72.2644
9	22	1.50977	36.6333
9.09091	22	1.50977	37.0042
9.18182	22	1.50977	37.2879
9.27273	22	1.50977	37.5008
9.36364	22	1.50977	37.6564
9.45455	22	1.50977	37.7654
9.54545	22	1.50977	37.8366
9.63636	22	1.50977	37.8772
9.72727	22	1.50977	37.893
9.81818	22	1.50977	37.8886
9.90909	22	1.50977	37.8679
10	22	1.50977	37.8339
10.0909	22	1.50977	37.7892
10.1818	22	1.50977	37.7358
10.2727	22	1.50977	37.6752
10.3636	22	1.50977	37.609
10.4545	22	1.50977	37.5381
10.5455	22	1.50977	37.4634
10.6364	22	1.50977	37.3856
10.7273	22	1.50977	37.3054
10.8182	22	1.50977	37.2231
10.9091	22	1.50977	37.1392
11	22	1.50977	37.054
11.0909	22	1.50977	36.9677
11.1818	22	1.50977	36.8805
11.2727	22	1.50977	36.7927
11.3636	22	1.50977	36.7042
11.4545	22	1.50977	36.6153
11.5455	22	1.50977	36.526
11.6364	22	1.50977	36.4364
11.7273	22	1.50977	36.3465
11.8182	22	1.50977	36.2565
11.9091	22	1.50977	36.1663
12	22	1.50977	36.0759
12.0909	22	1.50977	35.9854
12.1818	22	1.50977	35.8949
12.2727	22	1.50977	35.8042
12.3636	22	1.50977	35.7135
12.4545	22	1.50977	35.6228
12.5455	22	1.50977	35.5319
12.6364	22	1.50977	35.4411
12.7273	22	1.50977	35.3502
12.8182	22	1.50977	35.2592
12.9091	22	1.50977	35.1682
13	22	1.50977	35.0772
13.0909	22	1.50977	34.9861
13.1818	22	1.50977	34.8949
13.2727	22	1.50977	34.8037
13.3636	22	1.50977	34.7123
13.4545	22	1.50977	34.6209
13.5455	22	1.50977	34.5293
13.6364	22	1.50977	34.4376
13.7273	22	1.50977	34.3457
13.8182	22	1.50977	34.2535
13.9091	22	1.50977	34.161
14	22	1.50977	34.0682
14.0909	22	1.50977	33.9749
14.1818	22	1.50977	33.881
14.2727	22	1.50977	33.7865
14.3636	22	1.50977	33.6911
14.4545	22	1.50977	33.5947
14.5455	22	1.50977	33.497
14.6364	22	1.50977	33.3977
14.7273	22	1.50977	33.2964
14.8182	22	1.50977	33.1928
14.9091	22	1.50977	33.0862
15	22	1.50977	32.9759
15.0909	22	1.50977	32.8611
15.1818	22	1.50977	32.7408
15.2727	22	1.50977	32.6136
15.3636	22	1.50977	32.4779
15.4545	22	1.50977	32.3318
15.5455	22	1.50977	32.1729
15.6364	22	1.50977	31.9982
15.7273	22	1.50977	31.8039
15.8182	22	1.50977	31.5855
15.9091	22	1.50977	31.3375
16	22	1.50977	31.0529
16.0909	22	1.50977	30.7232
16.1818	22	1.50977	30.3379
16.2727	22	1.50977	29.8841
16.3636	22	1.50977	29.3457
16.4545	22	1.50977	28.7032
16.5455	22	1.50977	27.9322
16.6364	22	1.50977	27.0028
16.7273	22	1.50977	25.8782
16.8182	22	1.50977	24.5129
16.9091	22	1.50977	22.8509
17	22	1.50977	20.8231
17.0909	22	1.50977	18.3443
17.1818	22	1.50977	15.3094
17.2727	22	1.50977	11.5891
17.3636	22	1.50977	7.02367
17.4545	22	1.50977	1.41635
17.5455	22	1.50977	-5.47544
17.6364	22	1.50977	-13.9508
17.7273	22	1.50977	-24.3785
17.8182	22	1.50977	-37.213
17.9091	22	1.50977	-53.0148
18	22	1.50977	-72.4749
9	23	1.57498	36.8734
9.09091	23	1.57498	37.2443
9.18182	23	1.57498	37.528
9.27273	23	1.57498	37.7409
9.36364	23	1.57498	37.8964
9.45455	23	1.57498	38.0054
9.54545	23	1.57498	38.0767
9.63636	23	1.57498	38.1173
9.72727	23	1.57498	38.1331
9.81818	23	1.57498	38.1287
9.90909	23	1.57498	38.108
10	23	1.57498	38.074
10.0909	23	1.57498	38.0293
10.1818	23	1.57498	37.9758
10.2727	23	1.57498	37.9153
10.3636	23	1.57498	37.849
10.4545	23	1.57498	37.7781
10.5455	23	1.57498	37.7034
10.6364	23	1.57498	37.6257
10.7273	23	1.57498	37.5454
10.8182	23	1.57498	37.4632
10.9091	23	1.57498	37.3793
11	23	1.57498	37.2941
11.0909	23	1.57498	37.2078
11.1818	23	1.57498	37.1206
11.2727	23	1.57498	37.0327
11.3636	23	1.57498	36.9443
11.4545	23	1.57498	36.8554
11.5455	23	1.57498	36.7661
11.6364	23	1.57498	36.6765
11.7273	23	1.57498	36.5866
11.8182	23	1.57498	36.4965
11.9091	23	1.57498	36.4063
12	23	1.57498	36.316
12.0909	23	1.57498	36.2255
12.1818	23	1.57498	36.1349
12.2727	23	1.57498	36.0443
12.3636	23	1.57498	35.9536
12.4545	23	1.57498	35.8628
12.5455	23	1.57498	35.772
12.6364	23	1.57498	35.6811
12.7273	23	1.57498	35.5902
12.8182	23	1.57498	35.4992
12.9091	23	1.57498	35.4082
13	23	1.57498	35.3171
13.0909	23	1.57498	35.226
13.1818	23	1.57498	35.1348
13.2727	23	1.57498	35.0436
13.3636	23	1.57498	34.9522
13.4545	23	1.57498	34.8607
13.5455	23	1.57498	34.769
13.6364	23	1.57498	34.6772
13.7273	23	1.57498	34.5852
13.8182	23	1.57498	34.4929
13.9091	23	1.57498	34.4003
14	23	1.57498	34.3072
14.0909	23	1.57498	34.2137
14.1818	23	1.57498	34.1196
14.2727	23	1.57498	34.0247
14.3636	23	1.57498	33.9289
14.4545	23	1.57498	33.8319
14.5455	23	1.57498	33.7336
14.6364	23	1.57498	33.6335
14.7273	23	1.57498	33.5312
14.8182	23	1.57498	33.4263
14.9091	23	1.57498	33.3182
15	23	1.57498	33.2061
15.0909	23	1.57498	33.089
15.1818	23	1.57498	32.9658
15.2727	23	1.57498	32.8351
15.3636	23	1.57498	32.6951
15.4545	23	1.57498	32.5437
15.5455	23	1.57498	32.3782
15.6364	23	1.57498	32.1953
15.7273	23	1.57498	31.9911
15.8182	23	1.57498	31.7604
15.9091	23	1.57498	31.4972
16	23	1.57498	31.1939
16.0909	23	1.57498	30.8411
16.1818	23	1.57498	30.4274
16.2727	23	1.57498	29.9385
16.3636	23	1.57498	29.3569
16.4545	23	1.57498	28.661
16.5455	23	1.57498	27.8243
16.6364	23	1.57498	26.814
16.7273	23	1.57498	25.5895
16.8182	23	1.57498	24.1012
16.9091	23	1.57498	22.2874
17	23	1.57498	20.0724
17.0909	23	1.57498	17.3629
17.1818	23	1.57498	14.0436
17.2727	23	1.57498	9.97266
17.3636	23	1.57498	4.97494
17.4545	23	1.57498	-1.16532
17.5455	23	1.57498	-8.71414
17.6364	23	1.57498	-17.9995
17.7273	23	1.57498	-29.4258
17.8182	23	1.57498	-43.4915
17.9091	23	1.57498	-60.8111
18	23	1.57498	-82.1425
9	24	1.64018	37.0785
9.09091	24	1.64018	37.4494
9.18182	24	1.64018	37.7331
9.27273	24	1.64018	37.946
9.36364	24	1.64018	38.1015
9.45455	24	1.64018	38.2105
9.54545	24	1.64018	38.2818
9.63636	24	1.64018	38.3224
9.72727	24	1.64018	38.3382
9.81818	24	1.64018	38.3338
9.90909	24	1.64018	38.3131
10	24	1.64018	38.2791
10.0909	24	1.64018	38.2344
10.1818	24	1.64018	38.1809
10.2727	24	1.64018	38.1204
10.3636	24	1.64018	38.0541
10.4545	24	1.64018	37.9832
10.5455	24	1.64018	37.9085
10.6364	24	1.64018	37.8308
10.7273	24	1.64018	37.7505
10.8182	24	1.64018	37.6683
10.9091	24	1.64018	37.5844
11	24	1.64018	37.4992
11.0909	24	1.64018	37.4129
11.1818	24	1.64018	37.3257
11.2727	24	1.64018	37.2378
11.3636	24	1.64018	37.1494
11.4545	24	1.64018	37.0605
11.5455	24	1.64018	36.9712
11.6364	24	1.64018	36.8816
11.7273	24	1.64018	36.7917
11.8182	24	1.64018	36.7017
11.9091	24	1.64018	36.6114
12	24	1.64018	36.5211
12.0909	24	1.64018	36.4306
12.1818	24	1.64018	36.34
12.2727	24	1.64018	36.2494
12.3636	24	1.64018	36.1587
12.4545	24	1.64018	36.0679
12.5455	24	1.64018	35.9771
12.6364	24	1.64018	35.8862
12.7273	24	1.64018	35.7953
12.8182	24	1.64018	35.7043
12.9091	24	1.64018	35.6133
13	24	1.64018	35.5223
13.0909	24	1.64018	35.4311
13.1818	24	1.64018	35.3399
13.2727	24	1.64018	35.2486
13.3636	24	1.64018	35.1573
13.4545	24	1.64018	35.0658
13.5455	24	1.64018	34.9741
13.6364	24	1.64018	34.8823
13.7273	24	1.64018	34.7903
13.8182	24	1.64018	34.6979
13.9091	24	1.64018	34.6053
14	24	1.64018	34.5122
14.0909	24	1.64018	34.4187
14.1818	24	1.64018	34.3245
14.2727	24	1.64018	34.2296
14.3636	24	1.64018	34.1337
14.4545	24	1.64018	34.0367
14.5455	24	1.64018	33.9383
14.6364	24	1.64018	33.8381
14.7273	24	1.64018	33.7357
14.8182	24	1.64018	33.6307
14.9091	24	1.64018	33.5224
15	24	1.64018	33.41
15.0909	24	1.64018	33.2927
15.1818	24	1.64018	33.1692
15.2727	24	1.64018	33.038
15.3636	24	1.64018	32.8976
15.4545	24	1.64018	32.7456
15.5455	24	1.64018	32.5793
15.6364	24	1.64018	32.3955
15.7273	24	1.64018	32.1901
15.8182	24	1.64018	31.9581
15.9091	24	1.64018	31.6931
16	24	1.64018	31.3877
16.0909	24	1.64018	31.0322
16.1818	24	1.64018	30.6152
16.2727	24	1.64018	30.1223
16.3636	24	1.64018	29.5358
16.4545	24	1.64018	28.8338
16.5455	24	1.64018	27.9896
16.6364	24	1.64018	26.9699
16.7273	24	1.64018	25.734
16.8182	24	1.64018	24.2315
16.9091	24	1.64018	22.4003
17	24	1.64018	20.1639
17.0909	24	1.64018	17.4279
17.1818	24	1.64018	14.076
17.2727	24	1.64018	9.96484
17.3636	24	1.64018	4.91754
17.4545	24	1.64018	-1.28383
17.5455	24	1.64018	-8.90801
17.6364	24	1.64018	-18.2863
17.7273	24	1.64018	-29.8271
17.8182	24	1.64018	-44.034
17.9091	24	1.64018	-61.5277
18	24	1.64018	-83.0737
9	25	1.70539	37.2911
9.09091	25	1.70539	37.662
9.18182	25	1.70539	37.9457
9.27273	25	1.70539	38.1586
9.36364	25	1.70539	38.3142
9.45455	25	1.70539	38.4232
9.54545	25	1.70539	38.4944
9.63636	25	1.70539	38.535
9.72727	25	1.70539	38.5508
9.81818	25	1.70539	38.5464
9.90909	25	1.70539	38.5257
10	25	1.70539	38.4918
10.0909	25	1.70539	38.447
10.1818	25	1.70539	38.3936
10.2727	25	1.70539	38.333
10.3636	25	1.70539	38.2668
10.4545	25	1.70539	38.1959
10.5455	25	1.70539	38.1212
10.6364	25	1.70539	38.0434
10.7273	25	1.70539	37.9632
10.8182	25	1.70539	37.8809
10.9091	25	1.70539	37.797
11	25	1.70539	37.7118
11.0909	25	1.70539	37.6255
11.1818	25	1.70539	37.5383
11.2727	25	1.70539	37.4505
11.3636	25	1.70539	37.362
11.4545	25	1.70539	37.2731
11.5455	25	1.70539	37.1838
11.6364	25	1.70539	37.0942
11.7273	25	1.70539	37.0044
11.8182	25	1.70539	36.9143
11.9091	25	1.70539	36.8241
12	25	1.70539	36.7337
12.0909	25	1.70539	36.6432
12.1818	25	1.70539	36.5527
12.2727	25	1.70539	36.462
12.3636	25	1.70539	36.3713
12.4545	25	1.70539	36.2805
12.5455	25	1.70539	36.1897
12.6364	25	1.70539	36.0988
12.7273	25	1.70539	36.0079
12.8182	25	1.70539	35.9169
12.9091	25	1.70539	35.8259
13	25	1.70539	35.7349
13.0909	25	1.70539	35.6437
13.1818	25	1.70539	35.5525
13.2727	25	1.70539	35.4612
13.3636	25	1.70539	35.3698
13.4545	25	1.70539	35.2783
13.5455	25	1.70539	35.1867
13.6364	25	1.70539	35.0948
13.7273	25	1.70539	35.0027
13.8182	25	1.70539	34.9104
13.9091	25	1.70539	34.8177
14	25	1.70539	34.7246
14.0909	25	1.70539	34.631
14.1818	25	1.70539	34.5367
14.2727	25	1.70539	34.4417
14.3636	25	1.70539	34.3457
14.4545	25	1.70539	34.2485
14.5455	25	1.70539	34.1499
14.6364	25	1.70539	34.0494
14.7273	25	1.70539	33.9468
14.8182	25	1.70539	33.8414
14.9091	25	1.70539	33.7326
15	25	1.70539	33.6197
15.0909	25	1.70539	33.5017
15.1818	25	1.70539	33.3773
15.2727	25	1.70539	33.2451
15.3636	25	1.70539	33.1034
15.4545	25	1.70539	32.9498
15.5455	25	1.70539	32.7816
15.6364	25	1.70539	32.5954
15.7273	25	1.70539	32.387
15.8182	25	1.70539	32.1512
15.9091	25	1.70539	31.8818
16	25	1.70539	31.5707
16.0909	25	1.70539	31.2084
16.1818	25	1.70539	30.7829
16.2727	25	1.70539	30.2795
16.3636	25	1.70539	29.6801
16.4545	25	1.70539	28.9622
16.5455	25	1.70539	28.0984
16.6364	25	1.70539	27.0546
16.7273	25	1.70539	25.7889
16.8182	25	1.70539	24.2496
16.9091	25	1.70539	22.3731
17	25	1.70539	20.0809
17.0909	25	1.70539	17.2761
17.1818	25	1.70539	13.8393
17.2727	25	1.70539	9.62349
17.3636	25	1.70539	4.4472
17.4545	25	1.70539	-1.91321
17.5455	25	1.70539	-9.73345
17.6364	25	1.70539	-19.3534
17.7273	25	1.70539	-31.1922
17.8182	25	1.70539	-45.7665
17.9091	25	1.70539	-63.7132
18	25	1.70539	-85.8175
9	26	1.7706	37.5201
9.09091	26	1.7706	37.891
9.18182	26	1.7706	38.1747
9.27273	26	1.7706	38.3876
9.36364	26	1.7706	38.5432
9.45455	26	1.7706	38.6522
9.54545	26	1.7706	38.7234
9.63636	26	1.7706	38.764
9.72727	26	1.7706	38.7798
9.81818	26	1.7706	38.7754
9.90909	26	1.7706	38.7547
10	26	1.7706	38.7207
10.0909	26	1.7706	38.676
10.1818	26	1.7706	38.6226
10.2727	26	1.7706	38.562
10.3636	26	1.7706	38.4958
10.4545	26	1.7706	38.4248
10.5455	26	1.7706	38.3502
10.6364	26	1.7706	38.2724
10.7273	26	1.7706	38.1922
10.8182	26	1.7706	38.1099
10.9091	26	1.7706	38.026
11	26	1.7706	37.9408
11.0909	26	1.7706	37.8545
11.1818	26	1.7706	37.7673
11.2727	26	1.7706	37.6795
11.3636	26	1.7706	37.591
11.4545	26	1.7706	37.5021
11.5455	26	1.7706	37.4128
11.6364	26	1.7706	37.3232
11.7273	26	1.7706	37.2333
11.8182	26	1.7706	37.1433
11.9091	26	1.7706	37.053
12	26	1.7706	36.9627
12.0909	26	1.7706	36.8722
12.1818	26	1.7706	36.7816
12.2727	26	1.7706	36.691
12.3636	26	1.7706	36.6003
12.4545	26	1.7706	36.5095
12.5455	26	1.7706	36.4187
12.6364	26	1.7706	36.3278
12.7273	26	1.7706	36.2369
12.8182	26	1.7706	36.1459
12.9091	26	1.7706	36.0549
13	26	1.7706	35.9638
13.0909	26	1.7706	35.8726
13.1818	26	1.7706	35.7814
13.2727	26	1.7706	35.6901
13.3636	26	1.7706	35.5986
13.4545	26	1.7706	35.5071
13.5455	26	1.7706	35.4154
13.6364	26	1.7706	35.3235
13.7273	26	1.7706	35.2313
13.8182	26	1.7706	35.1389
13.9091	26	1.7706	35.0461
14	26	1.7706	34.9528
14.0909	26	1.7706	34.859
14.1818	26	1.7706	34.7646
14.2727	26	1.7706	34.6693
14.3636	26	1.7706	34.573
14.4545	26	1.7706	34.4754
14.5455	26	1.7706	34.3763
14.6364	26	1.7706	34.2752
14.7273	26	1.7706	34.1718
14.8182	26	1.7706	34.0655
14.9091	26	1.7706	33.9556
15	26	1.7706	33.8413
15.0909	26	1.7706	33.7216
15.1818	26	1.7706	33.5951
15.2727	26	1.7706	33.4603
15.3636	26	1.7706	33.3153
15.4545	26	1.7706	33.1578
15.5455	26	1.7706	32.9847
15.6364	26	1.7706	32.7924
15.7273	26	1.7706	32.5766
15.8182	26	1.7706	32.3317
15.9091	26	1.7706	32.0509
16	26	1.7706	31.726
16.0909	26	1.7706	31.3465
16.1818	26	1.7706	30.8998
16.2727	26	1.7706	30.3703
16.3636	26	1.7706	29.7387
16.4545	26	1.7706	28.9812
16.5455	26	1.7706	28.0684
16.6364	26	1.7706	26.9643
16.7273	26	1.7706	25.6243
16.8182	26	1.7706	23.9934
16.9091	26	1.7706	22.0039
17	26	1.7706	19.5723
17.0909	26	1.7706	16.5958
17.1818	26	1.7706	12.9473
17.2727	26	1.7706	8.47046
17.3636	26	1.7706	2.97236
17.4545	26	1.7706	-3.78477
17.5455	26	1.7706	-12.0941
17.6364	26	1.7706	-22.3171
17.7273	26	1.7706	-34.8993
17.8182	26	1.7706	-50.3901
17.9091	26	1.7706	-69.4666
18	26	1.7706	-92.9639
9	27	1.83581	37.7419
9.09091	27	1.83581	38.1128
9.18182	27	1.83581	38.3965
9.27273	27	1.83581	38.6094
9.36364	27	1.83581	38.7649
9.45455	27	1.83581	38.8739
9.54545	27	1.83581	38.9452
9.63636	27	1.83581	38.9858
9.72727	27	1.83581	39.0016
9.81818	27	1.83581	38.9972
9.90909	27	1.83581	38.9765
10	27	1.83581	38.9425
10.0909	27	1.83581	38.8978
10.1818	27	1.83581	38.8443
10.2727	27	1.83581	38.7838
10.3636	27	1.83581	38.7175
10.4545	27	1.83581	38.6466
10.5455	27	1.83581	38.5719
10.6364	27	1.83581	38.4942
10.7273	27	1.83581	38.4139
10.8182	27	1.83581	38.3317
10.9091	27	1.83581	38.2478
11	27	1.83581	38.1626
11.0909	27	1.83581	38.0763
11.1818	27	1.83581	37.9891
11.2727	27	1.83581	37.9012
11.3636	27	1.83581	37.8128
11.4545	27	1.83581	37.7239
11.5455	27	1.83581	37.6346
11.6364	27	1.83581	37.545
11.7273	27	1.83581	37.4551
11.8182	27	1.83581	37.365
11.9091	27	1.83581	37.2748
12	27	1.83581	37.1845
12.0909	27	1.83581	37.094
12.1818	27	1.83581	37.0034
12.2727	27	1.83581	36.9128
12.3636	27	1.83581	36.822
12.4545	27	1.83581	36.7313
12.5455	27	1.83581	36.6404
12.6364	27	1.83581	36.5495
12.7273	27	1.83581	36.4586
12.8182	27	1.83581	36.3676
12.9091	27	1.83581	36.2766
13	27	1.83581	36.1855
13.0909	27	1.83581	36.0943
13.1818	27	1.83581	36.0031
13.2727	27	1.83581	35.9117
13.3636	27	1.83581	35.8203
13.4545	27	1.83581	35.7287
13.5455	27	1.83581	35.637
13.6364	27	1.83581	35.545
13.7273	27	1.83581	35.4528
13.8182	27	1.83581	35.3603
13.9091	27	1.83581	35.2674
14	27	1.83581	35.1741
14.0909	27	1.83581	35.0802
14.1818	27	1.83581	34.9855
14.2727	27	1.83581	34.8901
14.3636	27	1.83581	34.7935
14.4545	27	1.83581	34.6957
14.5455	27	1.83581	34.5962
14.6364	27	1.83581	34.4947
14.7273	27	1.83581	34.3908
14.8182	27	1.83581	34.2838
14.9091	27	1.83581	34.1731
15	27	1.83581	34.0578
15.0909	27	1.83581	33.9368
15.1818	27	1.83581	33.8088
15.2727	27	1.83581	33.6721
15.3636	27	1.83581	33.5248
15.4545	27	1.83581	33.3644
15.5455	27	1.83581	33.1878
15.6364	27	1.83581	32.9912
15.7273	27	1.83581	32.77
15.8182	27	1.83581	32.5185
15.9091	27	1.83581	32.2296
16	27	1.83581	31.8946
16.0909	27	1.83581	31.5027
16.1818	27	1.83581	31.0408
16.2727	27	1.83581	30.4925
16.3636	27	1.83581	29.8377
16.4545	27	1.83581	29.0516
16.5455	27	1.83581	28.1036
16.6364	27	1.83581	26.956
16.7273	27	1.83581	25.5624
16.8182	27	1.83581	23.8655
16.9091	27	1.83581	21.7946
17	27	1.83581	19.2627
17.0909	27	1.83581	16.1624
17.1818	27	1.83581	12.3613
17.2727	27	1.83581	7.69641
17.3636	27	1.83581	1.96644
17.4545	27	1.83581	-5.07656
17.5455	27	1.83581	-13.7383
17.6364	27	1.83581	-24.3958
17.7273	27	1.83581	-37.5137
17.8182	27	1.83581	-53.6648
17.9091	27	1.83581	-73.5555
18	27	1.83581	-98.0566
9	28	1.90102	37.9908
9.09091	28	1.90102	38.3617
9.18182	28	1.90102	38.6454
9.27273	28	1.90102	38.8583
9.36364	28	1.90102	39.0139
9.45455	28	1.90102	39.1229
9.54545	28	1.90102	39.1941
9.63636	28	1.90102	39.2347
9.72727	28	1.90102	39.2505
9.81818	28	1.90102	39.2461
9.90909	28	1.90102	39.2254
10	28	1.90102	39.1914
10.0909	28	1.90102	39.1467
10.1818	28	1.90102	39.0933
10.2727	28	1.90102	39.0327
10.3636	28	1.90102	38.9665
10.4545	28	1.90102	38.8955
10.5455	28	1.90102	38.8209
10.6364	28	1.90102	38.7431
10.7273	28	1.90102	38.6629
10.8182	28	1.90102	38.5806
10.9091	28	1.90102	38.4967
11	28	1.90102	38.4115
11.0909	28	1.90102	38.3252
11.1818	28	1.90102	38.238
11.2727	28	1.90102	38.1501
11.3636	28	1.90102	38.0617
11.4545	28	1.90102	37.9728
11.5455	28	1.90102	37.8835
11.6364	28	1.90102	37.7939
11.7273	28	1.90102	37.704
11.8182	28	1.90102	37.614
11.9091	28	1.90102	37.5237
12	28	1.90102	37.4334
12.0909	28	1.90102	37.3429
12.1818	28	1.90102	37.2523
12.2727	28	1.90102	37.1617
12.3636	28	1.90102	37.0709
12.4545	28	1.90102	36.9801
12.5455	28	1.90102	36.8893
12.6364	28	1.90102	36.7984
12.7273	28	1.90102	36.7075
12.8182	28	1.90102	36.6165
12.9091	28	1.90102	36.5254
13	28	1.90102	36.4343
13.0909	28	1.90102	36.3431
13.1818	28	1.90102	36.2518
13.2727	28	1.90102	36.1604
13.3636	28	1.90102	36.0689
13.4545	28	1.90102	35.9772
13.5455	28	1.90102	35.8854
13.6364	28	1.90102	35.7933
13.7273	28	1.90102	35.701
13.8182	28	1.90102	35.6083
13.9091	28	1.90102	35.5152
14	28	1.90102	35.4216
14.0909	28	1.90102	35.3274
14.1818	28	1.90102	35.2324
14.2727	28	1.90102	35.1364
14.3636	28	1.90102	35.0393
14.4545	28	1.90102	34.9407
14.5455	28	1.90102	34.8403
14.6364	28	1.90102	34.7377
14.7273	28	1.90102	34.6323
14.8182	28	1.90102	34.5237
14.9091	28	1.90102	34.4108
15	28	1.90102	34.2929
15.0909	28	1.90102	34.1687
15.1818	28	1.90102	34.0367
15.2727	28	1.90102	33.8952
15.3636	28	1.90102	33.7419
15.4545	28	1.90102	33.5741
15.5455	28	1.90102	33.3883
15.6364	28	1.90102	33.1805
15.7273	28	1.90102	32.9454
15.8182	28	1.90102	32.6768
15.9091	28	1.90102	32.3667
16	28	1.90102	32.0057
16.0909	28	1.90102	31.5818
16.1818	28	1.90102	31.0803
16.2727	28	1.90102	30.4832
16.3636	28	1.90102	29.7683
16.4545	28	1.90102	28.908
16.5455	28	1.90102	27.8686
16.6364	28	1.90102	26.6084
16.7273	28	1.90102	25.0759
16.8182	28	1.90102	23.2077
16.9091	28	1.90102	20.9257
17	28	1.90102	18.1335
17.0909	28	1.90102	14.7123
17.1818	28	1.90102	10.5156
17.2727	28	1.90102	5.36298
17.3636	28	1.90102	-0.968279
17.4545	28	1.90102	-8.75258
17.5455	28	1.90102	-18.3283
17.6364	28	1.90102	-30.1125
17.7273	28	1.90102	-44.6194
17.8182	28	1.90102	-62.483
17.9091	28	1.90102	-84.485
18	28	1.90102	-111.589
9	29	1.96623	38.2981
9.09091	29	1.96623	38.669
9.18182	29	1.96623	38.9527
9.27273	29	1.96623	39.1656
9.36364	29	1.96623	39.3211
9.45455	29	1.96623	39.4301
9.54545	29	1.96623	39.5014
9.63636	29	1.96623	39.542
9.72727	29	1.96623	39.5578
9.81818	29	1.96623	39.5534
9.90909	29	1.96623	39.5327
10	29	1.96623	39.4987
10.0909	29	1.96623	39.454
10.1818	29	1.96623	39.4005
10.2727	29	1.96623	39.34
10.3636	29	1.96623	39.2737
10.4545	29	1.96623	39.2028
10.5455	29	1.96623	39.1281
10.6364	29	1.96623	39.0504
10.7273	29	1.96623	38.9701
10.8182	29	1.96623	38.8879
10.9091	29	1.96623	38.804
11	29	1.96623	38.7188
11.0909	29	1.96623	38.6325
11.1818	29	1.96623	38.5453
11.2727	29	1.96623	38.4574
11.3636	29	1.96623	38.369
11.4545	29	1.96623	38.28
11.5455	29	1.96623	38.1907
11.6364	29	1.96623	38.1011
11.7273	29	1.96623	38.0113
11.8182	29	1.96623	37.9212
11.9091	29	1.96623	37.831
12	29	1.96623	37.7406
12.0909	29	1.96623	37.6501
12.1818	29	1.96623	37.5595
12.2727	29	1.96623	37.4689
12.3636	29	1.96623	37.3781
12.4545	29	1.96623	37.2873
12.5455	29	1.96623	37.1964
12.6364	29	1.96623	37.1055
12.7273	29	1.96623	37.0145
12.8182	29	1.96623	36.9235
12.9091	29	1.96623	36.8324
13	29	1.96623	36.7412
13.0909	29	1.96623	36.6499
13.1818	29	1.96623	36.5585
13.2727	29	1.96623	36.467
13.3636	29	1.96623	36.3753
13.4545	29	1.96623	36.2835
13.5455	29	1.96623	36.1914
13.6364	29	1.96623	36.099
13.7273	29	1.96623	36.0063
13.8182	29	1.96623	35.9131
13.9091	29	1.96623	35.8195
14	29	1.96623	35.7252
14.0909	29	1.96623	35.6301
14.1818	29	1.96623	35.534
14.2727	29	1.96623	35.4367
14.3636	29	1.96623	35.3379
14.4545	29	1.96623	35.2373
14.5455	29	1.96623	35.1344
14.6364	29	1.96623	35.0288
14.7273	29	1.96623	34.9197
14.8182	29	1.96623	34.8064
14.9091	29	1.96623	34.6878
15	29	1.96623	34.5628
15.0909	29	1.96623	34.4299
15.1818	29	1.96623	34.2872
15.2727	29	1.96623	34.1325
15.3636	29	1.96623	33.9629
15.4545	29	1.96623	33.7749
15.5455	29	1.96623	33.5644
15.6364	29	1.96623	33.326
15.7273	29	1.96623	33.0533
15.8182	29	1.96623	32.7382
15.9091	29	1.96623	32.371
16	29	1.96623	31.9394
16.0909	29	1.96623	31.4284
16.1818	29	1.96623	30.8197
16.2727	29	1.96623	30.0904
16.3636	29	1.96623	29.2124
16.4545	29	1.96623	28.1512
16.5455	29	1.96623	26.864
16.6364	29	1.96623	25.2983
16.7273	29	1.96623	23.3892
16.8182	29	1.96623	21.0568
16.9091	29	1.96623	18.2024
17	29	1.96623	14.7045
17.0909	29	1.96623	10.4134
17.1818	29	1.96623	5.14418
17.2727	29	1.96623	-1.33074
17.3636	29	1.96623	-9.29216
17.4545	29	1.96623	-19.0862
17.5455	29	1.96623	-31.1396
17.6364	29	1.96623	-45.9784
17.7273	29	1.96623	-64.2512
17.8182	29	1.96623	-86.7576
17.9091	29	1.96623	-114.483
18	29	1.96623	-148.644
