r [M]	Log(gamma)	Acc	Adv	Diff	EmaxHillas	Sy	IC/pp	pg/Bremss
	1	0.027629	0.984039	2.90546	6.73095	21.7191	11.7108	13.4632	6.39739	inf	20.0383	11.4486
	1	0.128639	1.01778	2.90546	6.69721	21.7191	11.6098	13.3622	6.17815	6.78971	18.5217	11.184
	1	0.229649	1.05151	2.90546	6.66348	21.7191	11.5088	13.2612	6.00886	5.23898	17.7929	10.9372
	1	0.330659	1.08525	2.90546	6.62974	21.7191	11.4078	13.1602	5.86807	5.05969	17.1965	10.7134
	1	0.431669	1.11899	2.90546	6.596	21.7191	11.3068	13.0592	5.74459	5.00474	16.6477	10.5115
	1	0.53268	1.15273	2.90546	6.56226	21.7191	11.2058	12.9582	5.63199	4.98249	16.1398	10.3225
	1	0.63369	1.18646	2.90546	6.52853	21.7191	11.1048	12.8572	5.52641	4.97196	15.6761	10.1515
	1	0.7347	1.2202	2.90546	6.49479	21.7191	11.0038	12.7562	5.42548	4.96633	15.2563	9.99988
	1	0.83571	1.25394	2.90546	6.46105	21.7191	10.9027	12.6551	5.3277	4.96288	14.8729	9.85749
	1	0.93672	1.28768	2.90546	6.42732	21.7191	10.8017	12.5541	5.23215	4.96044	14.5147	9.73187
	1	1.03773	1.32141	2.90546	6.39358	21.7191	10.7007	12.4531	5.13826	4.9584	14.1632	9.60858
	1	1.13874	1.35515	2.90546	6.35984	21.7191	10.5997	12.3521	5.04572	4.95647	13.7695	9.5017
	1	1.23975	1.38889	2.90546	6.3261	21.7191	10.4987	12.2511	4.95432	4.95449	13.217	9.39906
	1	1.34076	1.42262	2.90546	6.29237	21.7191	10.3977	12.1501	4.86402	4.95236	12.4953	9.30697
	1	1.44177	1.45636	2.90546	6.25863	21.7191	10.2967	12.0491	4.77481	4.95006	11.7624	9.21285
	1	1.54278	1.4901	2.90546	6.22489	21.7191	10.1957	11.9481	4.68674	4.94753	11.0969	9.12811
	1	1.64379	1.52384	2.90546	6.19115	21.7191	10.0947	11.8471	4.59991	4.94478	10.5145	9.04696
	1	1.7448	1.55757	2.90546	6.15742	21.7191	9.99366	11.746	4.51444	4.94179	10.0254	8.96826
	1	1.84581	1.59131	2.90546	6.12368	21.7191	9.89265	11.645	4.43044	4.93856	9.61545	8.89195
	1	1.94682	1.62505	2.90546	6.08994	21.7191	9.79164	11.544	4.34803	4.93509	9.26017	8.81854
	1	2.04783	1.65879	2.90546	6.0562	21.7191	9.69063	11.443	4.26734	4.93139	8.9548	8.74872
	1	2.14884	1.69252	2.90546	6.02247	21.7191	9.58962	11.342	4.18844	4.92746	8.70026	8.67774
	1	2.24985	1.72626	2.90546	5.98873	21.7191	9.48861	11.241	4.11138	4.92331	8.47415	8.61084
	1	2.35086	1.76	2.90546	5.95499	21.7191	9.3876	11.14	4.03618	4.91894	8.27584	8.54254
	1	2.45187	1.79374	2.90546	5.92125	21.7191	9.28659	11.039	3.9628	4.91435	8.09986	8.47584
	1	2.55288	1.82747	2.90546	5.88752	21.7191	9.18558	10.938	3.89119	4.90956	7.94273	8.41334
	1	2.65389	1.86121	2.90546	5.85378	21.7191	9.08457	10.837	3.82127	4.90456	7.7997	8.34826
	1	2.7549	1.89495	2.90546	5.82004	21.7191	8.98356	10.7359	3.75293	4.89938	7.67011	8.28638
	1	2.85591	1.92869	2.90546	5.78631	21.7191	8.88255	10.6349	3.68609	4.89401	7.55111	8.22156
	1	2.95692	1.96242	2.90546	5.75257	21.7191	8.78154	10.5339	3.62063	4.88846	7.44139	8.15847
	1	3.05793	1.99616	2.90546	5.71883	21.7191	8.68053	10.4329	3.55643	4.88274	7.33927	8.09607
	1	3.15894	2.0299	2.90546	5.68509	21.7191	8.57952	10.3319	3.49335	4.87686	7.24335	8.0338
	1	3.25995	2.06364	2.90546	5.65136	21.7191	8.47851	10.2309	3.43124	4.87082	7.15307	7.96915
	1	3.36096	2.09737	2.90546	5.61762	21.7191	8.3775	10.1299	3.36993	4.86464	7.06727	7.90627
	1	3.46197	2.13111	2.90546	5.58388	21.7191	8.27649	10.0289	3.30922	4.85831	6.98522	7.84065
	1	3.56298	2.16485	2.90546	5.55014	21.7191	8.17548	9.92787	3.24891	4.85185	6.90672	7.77437
	1	3.66399	2.19858	2.90546	5.51641	21.7191	8.07447	9.82686	3.18885	4.84526	6.83059	7.70946
	1	3.765	2.23232	2.90546	5.48267	21.7191	7.97346	9.72585	3.12886	4.83855	6.75673	7.64387
	1	3.86601	2.26606	2.90546	5.44893	21.7191	7.87245	9.62484	3.06883	4.83173	6.6853	7.57519
	1	3.96702	2.2998	2.90546	5.41519	21.7191	7.77144	9.52383	3.00865	4.82481	6.61485	7.50691
	1	4.06803	2.33353	2.90546	5.38146	21.7191	7.67043	9.42282	2.94822	4.81779	6.5463	7.43601
	1	4.16904	2.36727	2.90546	5.34772	21.7191	7.56942	9.32181	2.88746	4.81067	6.47836	7.36723
	1	4.27005	2.40101	2.90546	5.31398	21.7191	7.46841	9.2208	2.82628	4.80347	6.41137	7.2943
	1	4.37106	2.43475	2.90546	5.28024	21.7191	7.3674	9.11979	2.76459	4.79618	6.34563	7.22023
	1	4.47207	2.46848	2.90546	5.24651	21.7191	7.26639	9.01878	2.70233	4.78883	6.28005	7.14512
	1	4.57308	2.50222	2.90546	5.21277	21.7191	7.16537	8.91777	2.63944	4.7814	6.21527	7.07042
	1	4.67409	2.53596	2.90546	5.17903	21.7191	7.06436	8.81676	2.57589	4.77391	6.15069	6.99476
	1	4.7751	2.5697	2.90546	5.1453	21.7191	6.96335	8.71575	2.51169	4.76636	6.08647	6.91631
	1	4.87611	2.60343	2.90546	5.11156	21.7191	6.86234	8.61474	2.44683	4.75876	6.02189	6.83905
	1	4.97712	2.63717	2.90546	5.07782	21.7191	6.76133	8.51373	2.38131	4.75112	5.95769	6.75831
	1	5.07813	2.67091	2.90546	5.04408	21.7191	6.66032	8.41272	2.31515	4.74343	5.8936	6.67653
	1	5.17914	2.70465	2.90546	5.01035	21.7191	6.55931	8.31171	2.24835	4.7357	5.8293	6.5937
	1	5.28015	2.73838	2.90546	4.97661	21.7191	6.4583	8.2107	2.18091	4.72794	5.7641	6.51168
	1	5.38116	2.77212	2.90546	4.94287	21.7191	6.35729	8.10969	2.11286	4.72014	5.69888	6.426
	1	5.48217	2.80586	2.90546	4.90913	21.7191	6.25628	8.00868	2.04421	4.71233	5.63285	6.33928
	1	5.58318	2.83959	2.90546	4.8754	21.7191	6.15527	7.90767	1.97503	4.70449	5.56629	6.25132
	1	5.68419	2.87333	2.90546	4.84166	21.7191	6.05426	7.80666	1.90536	4.69663	5.4991	6.16416
	1	5.7852	2.90707	2.90546	4.80792	21.7191	5.95325	7.70565	1.83526	4.68876	5.43065	6.07428
	1	5.88621	2.94081	2.90546	4.77418	21.7191	5.85224	7.60464	1.76477	4.68087	5.36166	5.98383
	1	5.98722	2.97454	2.90546	4.74045	21.7191	5.75123	7.50363	1.69394	4.67298	5.29145	5.8943
	1	6.08824	3.00828	2.90546	4.70671	21.7191	5.65022	7.40262	1.62282	4.66508	5.22026	5.8033
	1	6.18925	3.04202	2.90546	4.67297	21.7191	5.54921	7.30161	1.55144	4.65718	5.14818	5.71284
	1	6.29026	3.07576	2.90546	4.63923	21.7191	5.4482	7.2006	1.47987	4.64928	5.07505	5.6209
	1	6.39127	3.10949	2.90546	4.6055	21.7191	5.34719	7.09959	1.40816	4.64138	5.00142	5.5292
	1	6.49228	3.14323	2.90546	4.57176	21.7191	5.24618	6.99858	1.33638	4.63349	4.92658	5.43792
	1	6.59329	3.17697	2.90546	4.53802	21.7191	5.14517	6.89757	1.26462	4.6256	4.85081	5.3475
	1	6.6943	3.21071	2.90546	4.50429	21.7191	5.04416	6.79656	1.19293	4.61773	4.77351	5.25797
	1	6.79531	3.24444	2.90546	4.47055	21.7191	4.94315	6.69554	1.1214	4.60986	4.69567	5.17109
	1	6.89632	3.27818	2.90546	4.43681	21.7191	4.84214	6.59453	1.05008	4.60201	4.61672	5.08236
	1	6.99733	3.31192	2.90546	4.40307	21.7191	4.74113	6.49352	0.979036	4.59418	4.53698	4.99315
	1	7.09834	3.34566	2.90546	4.36934	21.7191	4.64012	6.39251	0.908349	4.58636	4.45569	4.90716
	1	7.19935	3.37939	2.90546	4.3356	21.7191	4.53911	6.2915	0.838104	4.57856	4.37287	4.81796
	1	7.30036	3.41313	2.90546	4.30186	21.7191	4.4381	6.19049	0.768402	4.57078	4.28856	4.73311
	1	7.40137	3.44687	2.90546	4.26812	21.7191	4.33709	6.08948	0.699348	4.56302	4.20298	4.65739
	1	7.50238	3.4806	2.90546	4.23439	21.7191	4.23608	5.98847	0.631051	4.55528	4.11612	4.57893
	1	7.60339	3.51434	2.90546	4.20065	21.7191	4.13507	5.88746	0.563615	4.54757	4.02877	4.51306
	1	7.7044	3.54808	2.90546	4.16691	21.7191	4.03406	5.78645	0.497138	4.53988	3.94124	4.4501
	1	7.80541	3.58182	2.90546	4.13317	21.7191	3.93305	5.68544	0.43172	4.53222	3.85253	4.38231
	1	7.90642	3.61555	2.90546	4.09944	21.7191	3.83204	5.58443	0.367468	4.52458	3.76335	4.32123
	1	8.00743	3.64929	2.90546	4.0657	21.7191	3.73103	5.48342	0.30451	4.51697	3.673	4.2774
	1	8.10844	3.68303	2.90546	4.03196	21.7191	3.63002	5.38241	0.242996	4.5094	3.58282	4.23773
	1	8.20945	3.71677	2.90546	3.99822	21.7191	3.52901	5.2814	0.183106	4.50185	3.49317	4.19311
	1	8.31046	3.7505	2.90546	3.96449	21.7191	3.428	5.18039	0.125039	4.49433	3.40431	4.2127
	1	8.41147	3.78424	2.90546	3.93075	21.7191	3.32699	5.07938	0.0690106	4.48684	3.31605	4.26077
	1	8.51248	3.81798	2.90546	3.89701	21.7191	3.22598	4.97837	0.0152472	4.47939	3.22772	4.28626
	1	8.61349	3.85172	2.90546	3.86327	21.7191	3.12497	4.87736	-0.036015	4.47196	3.13886	4.26529
	1	8.7145	3.88545	2.90546	3.82954	21.7191	3.02396	4.77635	-0.0845195	4.46457	3.05065	4.27058
	1	8.81551	3.91919	2.90546	3.7958	21.7191	2.92295	4.67534	-0.129975	4.45721	2.96317	4.28819
	1	8.91652	3.95293	2.90546	3.76206	21.7191	2.82194	4.57433	-0.172036	4.44989	2.87717	4.29539
	1	9.01753	3.98667	2.90546	3.72833	21.7191	2.72093	4.47332	-0.210296	4.4426	2.79215	4.28341
	1	9.11854	4.0204	2.90546	3.69459	21.7191	2.61992	4.37231	-0.244282	4.43534	2.70792	4.31786
	1	9.21955	4.05414	2.90546	3.66085	21.7191	2.51891	4.2713	-0.27347	4.42812	2.62335	4.37914
	1	9.32056	4.08788	2.90546	3.62711	21.7191	2.4179	4.17029	-0.297312	4.42093	2.53591	4.50157
	1	9.42157	4.12161	2.90546	3.59338	21.7191	2.31689	4.06928	-0.315275	4.41378	2.44685	4.54948
	1	9.52258	4.15535	2.90546	3.55964	21.7191	2.21588	3.96827	-0.32687	4.40666	2.35824	4.55765
	1	9.62359	4.18909	2.90546	3.5259	21.7191	2.11487	3.86726	-0.33169	4.39958	2.28333	4.59368
	1	9.7246	4.22283	2.90546	3.49216	21.7191	2.01386	3.76625	-0.329427	4.39253	2.22091	4.63433
	1	9.82561	4.25656	2.90546	3.45843	21.7191	1.91285	3.66524	-0.319883	4.38552	2.19112	4.67973
	1	9.92662	4.2903	2.90546	3.42469	21.7191	1.81184	3.56423	-0.302971	4.37855	2.19612	4.69038
	1	10.0276	4.32404	2.90546	3.39095	21.7191	1.71083	3.46322	-0.278707	4.37161	2.21688	4.69079
	5	0.027629	2.23018	4.32177	7.71669	21.9895	12.9609	14.8138	7.67553	inf	21.3337	12.9212
	5	0.128639	2.26392	4.32177	7.68295	21.9895	12.8599	14.7127	7.45626	7.59879	19.8127	12.6301
	5	0.229649	2.29766	4.32177	7.64921	21.9895	12.7589	14.6117	7.28693	6.04805	19.0777	12.3567
	5	0.330659	2.33139	4.32177	7.61548	21.9895	12.6579	14.5107	7.14609	5.86876	18.4741	12.1078
	5	0.431669	2.36513	4.32177	7.58174	21.9895	12.5569	14.4097	7.02252	5.81381	17.9217	11.8834
	5	0.53268	2.39887	4.32177	7.548	21.9895	12.4559	14.3087	6.90982	5.79156	17.4144	11.6727
	5	0.63369	2.43261	4.32177	7.51426	21.9895	12.3549	14.2077	6.80412	5.78104	16.9535	11.4841
	5	0.7347	2.46634	4.32177	7.48053	21.9895	12.2539	14.1067	6.70302	5.7754	16.5364	11.3169
	5	0.83571	2.50008	4.32177	7.44679	21.9895	12.1528	14.0057	6.60504	5.77196	16.1543	11.1607
	5	0.93672	2.53382	4.32177	7.41305	21.9895	12.0518	13.9047	6.50924	5.76951	15.7956	11.0247
	5	1.03773	2.56756	4.32177	7.37931	21.9895	11.9508	13.8037	6.41505	5.76747	15.4471	10.8915
	5	1.13874	2.60129	4.32177	7.34558	21.9895	11.8498	13.7026	6.32213	5.76554	15.0868	10.7771
	5	1.23975	2.63503	4.32177	7.31184	21.9895	11.7488	13.6016	6.23028	5.76356	14.6673	10.6677
	5	1.34076	2.66877	4.32177	7.2781	21.9895	11.6478	13.5006	6.13944	5.76144	14.127	10.5709
	5	1.44177	2.70251	4.32177	7.24436	21.9895	11.5468	13.3996	6.04958	5.75913	13.5002	10.4722
	5	1.54278	2.73624	4.32177	7.21063	21.9895	11.4458	13.2986	5.96077	5.75661	12.8587	10.3845
	5	1.64379	2.76998	4.32177	7.17689	21.9895	11.3448	13.1976	5.87307	5.75385	12.2458	10.3006
	5	1.7448	2.80372	4.32177	7.14315	21.9895	11.2438	13.0966	5.78661	5.75086	11.6968	10.2206
	5	1.84581	2.83746	4.32177	7.10941	21.9895	11.1427	12.9956	5.70151	5.74763	11.2186	10.1432
	5	1.94682	2.87119	4.32177	7.07568	21.9895	11.0417	12.8946	5.61789	5.74417	10.7996	10.0696
	5	2.04783	2.90493	4.32177	7.04194	21.9895	10.9407	12.7936	5.53588	5.74047	10.4363	9.99984
	5	2.14884	2.93867	4.32177	7.0082	21.9895	10.8397	12.6925	5.45558	5.73654	10.1357	9.92961
	5	2.24985	2.9724	4.32177	6.97447	21.9895	10.7387	12.5915	5.37706	5.73238	9.87221	9.8638
	5	2.35086	3.00614	4.32177	6.94073	21.9895	10.6377	12.4905	5.30036	5.72801	9.64253	9.79703
	5	2.45187	3.03988	4.32177	6.90699	21.9895	10.5367	12.3895	5.2255	5.72342	9.44122	9.73216
	5	2.55288	3.07362	4.32177	6.87325	21.9895	10.4357	12.2885	5.15244	5.71863	9.26382	9.67168
	5	2.65389	3.10735	4.32177	6.83952	21.9895	10.3347	12.1875	5.08116	5.71364	9.10481	9.60897
	5	2.7549	3.14109	4.32177	6.80578	21.9895	10.2337	12.0865	5.01157	5.70845	8.96248	9.54946
	5	2.85591	3.17483	4.32177	6.77204	21.9895	10.1326	11.9855	4.94362	5.70308	8.83278	9.48731
	5	2.95692	3.20857	4.32177	6.7383	21.9895	10.0316	11.8845	4.8772	5.69753	8.71493	9.42694
	5	3.05793	3.2423	4.32177	6.70457	21.9895	9.93062	11.7835	4.81222	5.69181	8.60624	9.36727
	5	3.15894	3.27604	4.32177	6.67083	21.9895	9.82961	11.6824	4.74854	5.68593	8.50557	9.3077
	5	3.25995	3.30978	4.32177	6.63709	21.9895	9.7286	11.5814	4.68598	5.6799	8.41145	9.24587
	5	3.36096	3.34352	4.32177	6.60335	21.9895	9.62759	11.4804	4.62435	5.67371	8.32278	9.18575
	5	3.46197	3.37725	4.32177	6.56962	21.9895	9.52658	11.3794	4.56342	5.66738	8.23877	9.12288
	5	3.56298	3.41099	4.32177	6.53588	21.9895	9.42557	11.2784	4.50299	5.66092	8.15899	9.05931
	5	3.66399	3.44473	4.32177	6.50214	21.9895	9.32456	11.1774	4.44282	5.65433	8.08232	8.99696
	5	3.765	3.47847	4.32177	6.4684	21.9895	9.22355	11.0764	4.38272	5.64763	8.00827	8.93383
	5	3.86601	3.5122	4.32177	6.43467	21.9895	9.12254	10.9754	4.32253	5.64081	7.93727	8.86757
	5	3.96702	3.54594	4.32177	6.40093	21.9895	9.02153	10.8744	4.2621	5.63388	7.86747	8.80148
	5	4.06803	3.57968	4.32177	6.36719	21.9895	8.92052	10.7734	4.2013	5.62686	7.80016	8.73256
	5	4.16904	3.61341	4.32177	6.33346	21.9895	8.81951	10.6723	4.14002	5.61974	7.73366	8.66547
	5	4.27005	3.64715	4.32177	6.29972	21.9895	8.7185	10.5713	4.07813	5.61254	7.66845	8.59393
	5	4.37106	3.68089	4.32177	6.26598	21.9895	8.61749	10.4703	4.01552	5.60526	7.60466	8.5209
	5	4.47207	3.71463	4.32177	6.23224	21.9895	8.51648	10.3693	3.95212	5.5979	7.54129	8.44647
	5	4.57308	3.74836	4.32177	6.19851	21.9895	8.41547	10.2683	3.88784	5.59047	7.47877	8.37195
	5	4.67409	3.7821	4.32177	6.16477	21.9895	8.31446	10.1673	3.82265	5.58298	7.41656	8.29596
	5	4.7751	3.81584	4.32177	6.13103	21.9895	8.21345	10.0663	3.75654	5.57544	7.35479	8.21669
	5	4.87611	3.84958	4.32177	6.09729	21.9895	8.11244	9.96527	3.6895	5.56784	7.29274	8.13821
	5	4.97712	3.88331	4.32177	6.06356	21.9895	8.01143	9.86426	3.62154	5.56019	7.23104	8.05581
	5	5.07813	3.91705	4.32177	6.02982	21.9895	7.91042	9.76325	3.55267	5.5525	7.16946	7.97203
	5	5.17914	3.95079	4.32177	5.99608	21.9895	7.80941	9.66224	3.4829	5.54477	7.10769	7.88688
	5	5.28015	3.98453	4.32177	5.96234	21.9895	7.7084	9.56123	3.41225	5.53701	7.04501	7.80243
	5	5.38116	4.01826	4.32177	5.92861	21.9895	7.60739	9.46022	3.34074	5.52922	6.98226	7.71401
	5	5.48217	4.052	4.32177	5.89487	21.9895	7.50638	9.35921	3.26842	5.5214	6.91866	7.62432
	5	5.58318	4.08574	4.32177	5.86113	21.9895	7.40537	9.2582	3.19533	5.51356	6.85452	7.53319
	5	5.68419	4.11948	4.32177	5.82739	21.9895	7.30436	9.15719	3.12154	5.5057	6.78966	7.44273
	5	5.7852	4.15321	4.32177	5.79366	21.9895	7.20335	9.05618	3.04712	5.49783	6.72342	7.34939
	5	5.88621	4.18695	4.32177	5.75992	21.9895	7.10234	8.95517	2.97212	5.48995	6.65646	7.25533
	5	5.98722	4.22069	4.32177	5.72618	21.9895	7.00133	8.85416	2.89659	5.48205	6.58807	7.16163
	5	6.08824	4.25442	4.32177	5.69245	21.9895	6.90032	8.75315	2.82059	5.47416	6.51837	7.06593
	5	6.18925	4.28816	4.32177	5.65871	21.9895	6.79931	8.65214	2.74417	5.46625	6.44753	6.97034
	5	6.29026	4.3219	4.32177	5.62497	21.9895	6.6983	8.55113	2.66739	5.45835	6.3753	6.87263
	5	6.39127	4.35564	4.32177	5.59123	21.9895	6.59729	8.45012	2.59031	5.45046	6.30217	6.77462
	5	6.49228	4.38937	4.32177	5.5575	21.9895	6.49628	8.34911	2.513	5.44256	6.22728	6.67652
	5	6.59329	4.42311	4.32177	5.52376	21.9895	6.39527	8.2481	2.43553	5.43468	6.1509	6.57862
	5	6.6943	4.45685	4.32177	5.49002	21.9895	6.29426	8.14709	2.35796	5.4268	6.07255	6.48097
	5	6.79531	4.49059	4.32177	5.45628	21.9895	6.19325	8.04608	2.28034	5.41894	5.99324	6.38536
	5	6.89632	4.52432	4.32177	5.42255	21.9895	6.09224	7.94507	2.20273	5.41109	5.91255	6.28711
	5	6.99733	4.55806	4.32177	5.38881	21.9895	5.99123	7.84406	2.12518	5.40325	5.83083	6.18815
	5	7.09834	4.5918	4.32177	5.35507	21.9895	5.89022	7.74305	2.04775	5.39543	5.74731	6.09297
	5	7.19935	4.62554	4.32177	5.32133	21.9895	5.78921	7.64204	1.97049	5.38763	5.66213	5.99436
	5	7.30036	4.65927	4.32177	5.2876	21.9895	5.6882	7.54103	1.89348	5.37985	5.57516	5.89772
	5	7.40137	4.69301	4.32177	5.25386	21.9895	5.58719	7.44002	1.81679	5.37209	5.4869	5.80943
	5	7.50238	4.72675	4.32177	5.22012	21.9895	5.48618	7.33901	1.74049	5.36435	5.39732	5.71406
	5	7.60339	4.76049	4.32177	5.18638	21.9895	5.38517	7.238	1.66465	5.35664	5.30735	5.61915
	5	7.7044	4.79422	4.32177	5.15265	21.9895	5.28416	7.13699	1.58932	5.34895	5.21665	5.52487
	5	7.80541	4.82796	4.32177	5.11891	21.9895	5.18315	7.03598	1.51457	5.34129	5.1243	5.44514
	5	7.90642	4.8617	4.32177	5.08517	21.9895	5.08214	6.93497	1.44047	5.33366	5.03107	5.35314
	5	8.00743	4.89543	4.32177	5.05144	21.9895	4.98113	6.83396	1.36708	5.32605	4.93627	5.26591
	5	8.10844	4.92917	4.32177	5.0177	21.9895	4.88012	6.73295	1.29451	5.31847	4.8412	5.18245
	5	8.20945	4.96291	4.32177	4.98396	21.9895	4.77911	6.63194	1.22285	5.31092	4.74613	5.11136
	5	8.31046	4.99665	4.32177	4.95022	21.9895	4.6781	6.53093	1.15223	5.3034	4.6513	5.03983
	5	8.41147	5.03038	4.32177	4.91649	21.9895	4.57709	6.42992	1.08274	5.29592	4.55636	4.97897
	5	8.51248	5.06412	4.32177	4.88275	21.9895	4.47608	6.32891	1.01451	5.28846	4.46033	4.91427
	5	8.61349	5.09786	4.32177	4.84901	21.9895	4.37507	6.2279	0.947648	5.28104	4.36316	4.85827
	5	8.7145	5.1316	4.32177	4.81527	21.9895	4.27406	6.12689	0.882287	5.27364	4.26602	4.81726
	5	8.81551	5.16533	4.32177	4.78154	21.9895	4.17305	6.02588	0.818572	5.26629	4.16904	4.7848
	5	8.91652	5.19907	4.32177	4.7478	21.9895	4.07204	5.92487	0.756677	5.25896	4.07326	4.75004
	5	9.01753	5.23281	4.32177	4.71406	21.9895	3.97103	5.82386	0.696811	5.25167	3.97788	4.73919
	5	9.11854	5.26655	4.32177	4.68032	21.9895	3.87002	5.72285	0.63921	5.24441	3.88267	4.76891
	5	9.21955	5.30028	4.32177	4.64659	21.9895	3.76901	5.62184	0.584136	5.23719	3.78684	4.83417
	5	9.32056	5.33402	4.32177	4.61285	21.9895	3.668	5.52083	0.531861	5.23	3.69002	4.86293
	5	9.42157	5.36776	4.32177	4.57911	21.9895	3.56699	5.41982	0.482662	5.22285	3.59335	4.85591
	5	9.52258	5.4015	4.32177	4.54537	21.9895	3.46598	5.31881	0.436826	5.21573	3.49722	4.84444
	5	9.62359	5.43523	4.32177	4.51164	21.9895	3.36497	5.2178	0.394661	5.20865	3.40549	4.88809
	5	9.7246	5.46897	4.32177	4.4779	21.9895	3.26396	5.11679	0.356514	5.2016	3.31539	4.89974
	5	9.82561	5.50271	4.32177	4.44416	21.9895	3.16295	5.01578	0.322795	5.19459	3.22592	4.89052
	5	9.92662	5.53644	4.32177	4.41042	21.9895	3.06194	4.91477	0.293986	5.18762	3.13797	4.91018
	5	10.0276	5.57018	4.32177	4.37669	21.9895	2.96093	4.81376	0.270645	5.18068	3.05096	4.97398
	15	0.027629	3.18101	5.14265	8.25664	21.9886	14.0432	15.7897	8.77836	inf	22.3182	14.0774
	15	0.128639	3.21475	5.14265	8.2229	21.9886	13.9421	15.6887	8.55908	8.27072	20.7662	13.7822
	15	0.229649	3.24849	5.14265	8.18917	21.9886	13.8411	15.5877	8.38974	6.71999	19.9986	13.505
	15	0.330659	3.28222	5.14265	8.15543	21.9886	13.7401	15.4867	8.24887	6.5407	19.3768	13.2526
	15	0.431669	3.31596	5.14265	8.12169	21.9886	13.6391	15.3857	8.12527	6.48574	18.8335	13.0253
	15	0.53268	3.3497	5.14265	8.08795	21.9886	13.5381	15.2847	8.01253	6.4635	18.3505	12.8119
	15	0.63369	3.38344	5.14265	8.05422	21.9886	13.4371	15.1837	7.90677	6.45297	17.915	12.6212
	15	0.7347	3.41717	5.14265	8.02048	21.9886	13.3361	15.0827	7.80561	6.44733	17.5151	12.4523
	15	0.83571	3.45091	5.14265	7.98674	21.9886	13.2351	14.9816	7.70754	6.44389	17.1373	12.2946
	15	0.93672	3.48465	5.14265	7.953	21.9886	13.1341	14.8806	7.61163	6.44144	16.7693	12.1574
	15	1.03773	3.51839	5.14265	7.91927	21.9886	13.0331	14.7796	7.51731	6.4394	16.405	12.0232
	15	1.13874	3.55212	5.14265	7.88553	21.9886	12.932	14.6786	7.42422	6.43747	16.0393	11.9079
	15	1.23975	3.58586	5.14265	7.85179	21.9886	12.831	14.5776	7.33217	6.43549	15.6544	11.7979
	15	1.34076	3.6196	5.14265	7.81805	21.9886	12.73	14.4766	7.24107	6.43337	15.2002	11.7004
	15	1.44177	3.65334	5.14265	7.78432	21.9886	12.629	14.3756	7.1509	6.43106	14.6575	11.6011
	15	1.54278	3.68707	5.14265	7.75058	21.9886	12.528	14.2746	7.0617	6.42854	14.0586	11.5128
	15	1.64379	3.72081	5.14265	7.71684	21.9886	12.427	14.1736	6.97355	6.42579	13.4529	11.4284
	15	1.7448	3.75455	5.14265	7.6831	21.9886	12.326	14.0726	6.88653	6.4228	12.8931	11.3477
	15	1.84581	3.78829	5.14265	7.64937	21.9886	12.225	13.9715	6.80076	6.41957	12.4001	11.2697
	15	1.94682	3.82202	5.14265	7.61563	21.9886	12.124	13.8705	6.71636	6.4161	11.9682	11.1953
	15	2.04783	3.85576	5.14265	7.58189	21.9886	12.023	13.7695	6.63342	6.4124	11.5942	11.1247
	15	2.14884	3.8895	5.14265	7.54816	21.9886	11.9219	13.6685	6.55204	6.40847	11.2863	11.0535
	15	2.24985	3.92324	5.14265	7.51442	21.9886	11.8209	13.5675	6.47228	6.40432	11.0175	10.9865
	15	2.35086	3.95697	5.14265	7.48068	21.9886	11.7199	13.4665	6.39417	6.39994	10.7838	10.9183
	15	2.45187	3.99071	5.14265	7.44694	21.9886	11.6189	13.3655	6.31769	6.39536	10.5795	10.8519
	15	2.55288	4.02445	5.14265	7.41321	21.9886	11.5179	13.2645	6.24281	6.39056	10.3997	10.7898
	15	2.65389	4.05818	5.14265	7.37947	21.9886	11.4169	13.1635	6.16948	6.38557	10.2389	10.725
	15	2.7549	4.09192	5.14265	7.34573	21.9886	11.3159	13.0625	6.09762	6.38039	10.0952	10.6634
	15	2.85591	4.12566	5.14265	7.31199	21.9886	11.2149	12.9614	6.02714	6.37502	9.96441	10.5987
	15	2.95692	4.1594	5.14265	7.27826	21.9886	11.1139	12.8604	5.95794	6.36947	9.84573	10.5355
	15	3.05793	4.19313	5.14265	7.24452	21.9886	11.0129	12.7594	5.88988	6.36375	9.73634	10.4727
	15	3.15894	4.22687	5.14265	7.21078	21.9886	10.9118	12.6584	5.82282	6.35787	9.63508	10.4099
	15	3.25995	4.26061	5.14265	7.17704	21.9886	10.8108	12.5574	5.75658	6.35183	9.5404	10.3442
	15	3.36096	4.29435	5.14265	7.14331	21.9886	10.7098	12.4564	5.69095	6.34564	9.4512	10.2801
	15	3.46197	4.32808	5.14265	7.10957	21.9886	10.6088	12.3554	5.62571	6.33932	9.36666	10.2128
	15	3.56298	4.36182	5.14265	7.07583	21.9886	10.5078	12.2544	5.56066	6.33286	9.28632	10.1444
	15	3.66399	4.39556	5.14265	7.04209	21.9886	10.4068	12.1534	5.49557	6.32627	9.20904	10.0772
	15	3.765	4.4293	5.14265	7.00836	21.9886	10.3058	12.0524	5.43029	6.31956	9.13429	10.0088
	15	3.86601	4.46303	5.14265	6.97462	21.9886	10.2048	11.9513	5.36465	6.31274	9.06244	9.93692
	15	3.96702	4.49677	5.14265	6.94088	21.9886	10.1038	11.8503	5.29854	6.30582	8.99167	9.86508
	15	4.06803	4.53051	5.14265	6.90715	21.9886	10.0028	11.7493	5.23185	6.29879	8.92325	9.79007
	15	4.16904	4.56425	5.14265	6.87341	21.9886	9.90174	11.6483	5.16449	6.29168	8.85546	9.71704
	15	4.27005	4.59798	5.14265	6.83967	21.9886	9.80073	11.5473	5.09639	6.28447	8.78883	9.63914
	15	4.37106	4.63172	5.14265	6.80593	21.9886	9.69972	11.4463	5.02746	6.27719	8.72342	9.55971
	15	4.47207	4.66546	5.14265	6.7722	21.9886	9.59871	11.3453	4.95768	6.26983	8.65817	9.47887
	15	4.57308	4.69919	5.14265	6.73846	21.9886	9.4977	11.2443	4.887	6.26241	8.59348	9.39795
	15	4.67409	4.73293	5.14265	6.70472	21.9886	9.39669	11.1433	4.81543	6.25492	8.52889	9.31539
	15	4.7751	4.76667	5.14265	6.67098	21.9886	9.29568	11.0422	4.74298	6.24737	8.46443	9.22962
	15	4.87611	4.80041	5.14265	6.63725	21.9886	9.19467	10.9412	4.66969	6.23977	8.39952	9.14496
	15	4.97712	4.83414	5.14265	6.60351	21.9886	9.09366	10.8402	4.59558	6.23212	8.33464	9.05651
	15	5.07813	4.86788	5.14265	6.56977	21.9886	8.99265	10.7392	4.52069	6.22443	8.26957	8.96694
	15	5.17914	4.90162	5.14265	6.53603	21.9886	8.89164	10.6382	4.44504	6.21671	8.20394	8.87612
	15	5.28015	4.93536	5.14265	6.5023	21.9886	8.79063	10.5372	4.36869	6.20894	8.13704	8.78608
	15	5.38116	4.96909	5.14265	6.46856	21.9886	8.68962	10.4362	4.29165	6.20115	8.06985	8.69216
	15	5.48217	5.00283	5.14265	6.43482	21.9886	8.58861	10.3352	4.214	6.19333	8.00156	8.59726
	15	5.58318	5.03657	5.14265	6.40108	21.9886	8.4876	10.2342	4.13579	6.18549	7.9326	8.50128
	15	5.68419	5.07031	5.14265	6.36735	21.9886	8.38659	10.1332	4.05706	6.17764	7.86254	8.4069
	15	5.7852	5.10404	5.14265	6.33361	21.9886	8.28558	10.0321	3.9779	6.16976	7.79078	8.30976
	15	5.88621	5.13778	5.14265	6.29987	21.9886	8.18457	9.93114	3.89833	6.16188	7.71801	8.212
	15	5.98722	5.17152	5.14265	6.26614	21.9886	8.08356	9.83013	3.81841	6.15399	7.64363	8.11439
	15	6.08824	5.20526	5.14265	6.2324	21.9886	7.98255	9.72912	3.73819	6.14609	7.56803	8.01461
	15	6.18925	5.23899	5.14265	6.19866	21.9886	7.88154	9.62811	3.65771	6.13819	7.49122	7.91518
	15	6.29026	5.27273	5.14265	6.16492	21.9886	7.78053	9.5271	3.57701	6.13029	7.41298	7.81416
	15	6.39127	5.30647	5.14265	6.13119	21.9886	7.67952	9.42609	3.49615	6.12239	7.33357	7.71323
	15	6.49228	5.3402	5.14265	6.09745	21.9886	7.57851	9.32508	3.41518	6.1145	7.25211	7.61246
	15	6.59329	5.37394	5.14265	6.06371	21.9886	7.4775	9.22407	3.33415	6.10661	7.16927	7.51179
	15	6.6943	5.40768	5.14265	6.02997	21.9886	7.37649	9.12306	3.25311	6.09874	7.08465	7.41066
	15	6.79531	5.44142	5.14265	5.99624	21.9886	7.27548	9.02205	3.17209	6.09087	6.9994	7.31133
	15	6.89632	5.47515	5.14265	5.9625	21.9886	7.17447	8.92104	3.09113	6.08302	6.91304	7.20912
	15	6.99733	5.50889	5.14265	5.92876	21.9886	7.07346	8.82003	3.01027	6.07518	6.8255	7.10691
	15	7.09834	5.54263	5.14265	5.89502	21.9886	6.97245	8.71902	2.92954	6.06737	6.73614	7.00889
	15	7.19935	5.57637	5.14265	5.86129	21.9886	6.87144	8.61801	2.849	6.05956	6.64507	6.90762
	15	7.30036	5.6101	5.14265	5.82755	21.9886	6.77043	8.517	2.7687	6.05178	6.55289	6.80744
	15	7.40137	5.64384	5.14265	5.79381	21.9886	6.66942	8.41599	2.68868	6.04402	6.46017	6.71523
	15	7.50238	5.67758	5.14265	5.76007	21.9886	6.56841	8.31498	2.609	6.03629	6.36651	6.6152
	15	7.60339	5.71132	5.14265	5.72634	21.9886	6.4674	8.21397	2.52971	6.02857	6.27268	6.51477
	15	7.7044	5.74505	5.14265	5.6926	21.9886	6.36639	8.11296	2.45084	6.02089	6.17755	6.41526
	15	7.80541	5.77879	5.14265	5.65886	21.9886	6.26538	8.01195	2.37245	6.01322	6.08077	6.33134
	15	7.90642	5.81253	5.14265	5.62513	21.9886	6.16437	7.91094	2.29459	6.00559	5.98335	6.23387
	15	8.00743	5.84627	5.14265	5.59139	21.9886	6.06336	7.80993	2.2173	5.99798	5.88514	6.13838
	15	8.10844	5.88	5.14265	5.55765	21.9886	5.96235	7.70892	2.14066	5.9904	5.78742	6.04394
	15	8.20945	5.91374	5.14265	5.52391	21.9886	5.86134	7.60791	2.06474	5.98286	5.68968	5.95902
	15	8.31046	5.94748	5.14265	5.49018	21.9886	5.76033	7.5069	1.98964	5.97534	5.59183	5.86709
	15	8.41147	5.98121	5.14265	5.45644	21.9886	5.65932	7.40589	1.91542	5.96785	5.49305	5.77874
	15	8.51248	6.01495	5.14265	5.4227	21.9886	5.55831	7.30488	1.84217	5.96039	5.39303	5.69501
	15	8.61349	6.04869	5.14265	5.38896	21.9886	5.4573	7.20387	1.76997	5.95297	5.29244	5.62616
	15	8.7145	6.08243	5.14265	5.35523	21.9886	5.35629	7.10286	1.69892	5.94558	5.1925	5.5522
	15	8.81551	6.11616	5.14265	5.32149	21.9886	5.25528	7.00185	1.62911	5.93822	5.09331	5.4852
	15	8.91652	6.1499	5.14265	5.28775	21.9886	5.15427	6.90084	1.56068	5.93089	4.9948	5.42463
	15	9.01753	6.18364	5.14265	5.25401	21.9886	5.05326	6.79983	1.49377	5.9236	4.89572	5.37171
	15	9.11854	6.21738	5.14265	5.22028	21.9886	4.95225	6.69882	1.42856	5.91635	4.79623	5.32478
	15	9.21955	6.25111	5.14265	5.18654	21.9886	4.85124	6.59781	1.36524	5.90912	4.69577	5.28997
	15	9.32056	6.28485	5.14265	5.1528	21.9886	4.75023	6.4968	1.304	5.90194	4.59548	5.26883
	15	9.42157	6.31859	5.14265	5.11906	21.9886	4.64922	6.39579	1.24505	5.89478	4.49609	5.25799
	15	9.52258	6.35233	5.14265	5.08533	21.9886	4.54821	6.29477	1.18859	5.88767	4.39733	5.26081
	15	9.62359	6.38606	5.14265	5.05159	21.9886	4.4472	6.19376	1.13487	5.88059	4.30101	5.3056
	15	9.7246	6.4198	5.14265	5.01785	21.9886	4.34619	6.09275	1.08415	5.87354	4.20442	5.34536
	15	9.82561	6.45354	5.14265	4.98412	21.9886	4.24518	5.99174	1.03676	5.86653	4.1078	5.36356
	15	9.92662	6.48728	5.14265	4.95038	21.9886	4.14417	5.89073	0.993084	5.85955	4.01145	5.38045
	15	10.0276	6.52101	5.14265	4.91664	21.9886	4.04316	5.78972	0.953569	5.85261	3.91606	5.39141
	50	0.027629	4.23511	5.96344	8.80913	21.9387	15.2812	16.4148	9.94655	inf	23.2331	15.2404
	50	0.128639	4.26885	5.96344	8.77539	21.9387	15.1802	16.3138	9.72726	9.04045	21.6741	14.9589
	50	0.229649	4.30258	5.96344	8.74165	21.9387	15.0792	16.2128	9.55789	7.48971	20.9011	14.6962
	50	0.330659	4.33632	5.96344	8.70792	21.9387	14.9781	16.1118	9.41699	7.31042	20.2802	14.4573
	50	0.431669	4.37006	5.96344	8.67418	21.9387	14.8771	16.0108	9.29334	7.25547	19.742	14.2429
	50	0.53268	4.40379	5.96344	8.64044	21.9387	14.7761	15.9098	9.18054	7.23322	19.2644	14.0418
	50	0.63369	4.43753	5.96344	8.6067	21.9387	14.6751	15.8087	9.0747	7.2227	18.8325	13.8606
	50	0.7347	4.47127	5.96344	8.57297	21.9387	14.5741	15.7077	8.97343	7.21706	18.4332	13.7007
	50	0.83571	4.50501	5.96344	8.53923	21.9387	14.4731	15.6067	8.87524	7.21362	18.0522	13.5508
	50	0.93672	4.53874	5.96344	8.50549	21.9387	14.3721	15.5057	8.77916	7.21117	17.6785	13.4193
	50	1.03773	4.57248	5.96344	8.47175	21.9387	14.2711	15.4047	8.68463	7.20913	17.3092	13.2903
	50	1.13874	4.60622	5.96344	8.43802	21.9387	14.1701	15.3037	8.59127	7.2072	16.9462	13.1789
	50	1.23975	4.63996	5.96344	8.40428	21.9387	14.0691	15.2027	8.49889	7.20522	16.585	13.0721
	50	1.34076	4.67369	5.96344	8.37054	21.9387	13.968	15.1017	8.40736	7.2031	16.184	12.9765
	50	1.44177	4.70743	5.96344	8.3368	21.9387	13.867	15.0007	8.31666	7.20079	15.6824	12.8787
	50	1.54278	4.74117	5.96344	8.30307	21.9387	13.766	14.8997	8.2268	7.19827	15.0854	12.7906
	50	1.64379	4.77491	5.96344	8.26933	21.9387	13.665	14.7986	8.13781	7.19551	14.4841	12.7061
	50	1.7448	4.80864	5.96344	8.23559	21.9387	13.564	14.6976	8.04977	7.19252	13.949	12.624
	50	1.84581	4.84238	5.96344	8.20185	21.9387	13.463	14.5966	7.96273	7.18929	13.4875	12.544
	50	1.94682	4.87612	5.96344	8.16812	21.9387	13.362	14.4956	7.87676	7.18583	13.0869	12.4665
	50	2.04783	4.90986	5.96344	8.13438	21.9387	13.261	14.3946	7.79193	7.18213	12.7457	12.3922
	50	2.14884	4.94359	5.96344	8.10064	21.9387	13.16	14.2936	7.70827	7.1782	12.4652	12.3162
	50	2.24985	4.97733	5.96344	8.06691	21.9387	13.059	14.1926	7.6258	7.17404	12.2181	12.2436
	50	2.35086	5.01107	5.96344	8.03317	21.9387	12.9579	14.0916	7.54448	7.16967	12.0027	12.1688
	50	2.45187	5.0448	5.96344	7.99943	21.9387	12.8569	13.9906	7.46427	7.16508	11.8132	12.0947
	50	2.55288	5.07854	5.96344	7.96569	21.9387	12.7559	13.8896	7.38509	7.16029	11.6455	12.0247
	50	2.65389	5.11228	5.96344	7.93196	21.9387	12.6549	13.7885	7.30684	7.1553	11.4939	11.9506
	50	2.7549	5.14602	5.96344	7.89822	21.9387	12.5539	13.6875	7.22943	7.15011	11.3576	11.8796
	50	2.85591	5.17975	5.96344	7.86448	21.9387	12.4529	13.5865	7.15272	7.14474	11.2327	11.8038
	50	2.95692	5.21349	5.96344	7.83074	21.9387	12.3519	13.4855	7.07662	7.13919	11.1184	11.7294
	50	3.05793	5.24723	5.96344	7.79701	21.9387	12.2509	13.3845	7.00097	7.13347	11.0122	11.6547
	50	3.15894	5.28097	5.96344	7.76327	21.9387	12.1499	13.2835	6.92567	7.12759	10.9128	11.5798
	50	3.25995	5.3147	5.96344	7.72953	21.9387	12.0489	13.1825	6.85055	7.12156	10.8193	11.501
	50	3.36096	5.34844	5.96344	7.69579	21.9387	11.9478	13.0815	6.77548	7.11537	10.7302	11.4239
	50	3.46197	5.38218	5.96344	7.66206	21.9387	11.8468	12.9805	6.70031	7.10904	10.6451	11.3428
	50	3.56298	5.41592	5.96344	7.62832	21.9387	11.7458	12.8795	6.62492	7.10258	10.5633	11.2606
	50	3.66399	5.44965	5.96344	7.59458	21.9387	11.6448	12.7784	6.54921	7.09599	10.4839	11.1799
	50	3.765	5.48339	5.96344	7.56084	21.9387	11.5438	12.6774	6.47309	7.08929	10.4062	11.0981
	50	3.86601	5.51713	5.96344	7.52711	21.9387	11.4428	12.5764	6.39652	7.08247	10.3305	11.0124
	50	3.96702	5.55087	5.96344	7.49337	21.9387	11.3418	12.4754	6.31945	7.07554	10.2552	10.9274
	50	4.06803	5.5846	5.96344	7.45963	21.9387	11.2408	12.3744	6.24187	7.06852	10.1812	10.8392
	50	4.16904	5.61834	5.96344	7.4259	21.9387	11.1398	12.2734	6.16376	7.0614	10.1071	10.7539
	50	4.27005	5.65208	5.96344	7.39216	21.9387	11.0388	12.1724	6.08513	7.0542	10.0334	10.6636
	50	4.37106	5.68581	5.96344	7.35842	21.9387	10.9377	12.0714	6.00596	7.04692	9.96012	10.5724
	50	4.47207	5.71955	5.96344	7.32468	21.9387	10.8367	11.9704	5.92627	7.03956	9.88616	10.4803
	50	4.57308	5.75329	5.96344	7.29095	21.9387	10.7357	11.8694	5.84608	7.03213	9.81199	10.3888
	50	4.67409	5.78703	5.96344	7.25721	21.9387	10.6347	11.7683	5.76543	7.02464	9.73724	10.2962
	50	4.7751	5.82076	5.96344	7.22347	21.9387	10.5337	11.6673	5.68434	7.0171	9.66195	10.2008
	50	4.87611	5.8545	5.96344	7.18973	21.9387	10.4327	11.5663	5.60285	7.0095	9.58576	10.1074
	50	4.97712	5.88824	5.96344	7.156	21.9387	10.3317	11.4653	5.521	7.00185	9.50913	10.0107
	50	5.07813	5.92198	5.96344	7.12226	21.9387	10.2307	11.3643	5.43882	6.99416	9.43188	9.91346
	50	5.17914	5.95571	5.96344	7.08852	21.9387	10.1297	11.2633	5.35632	6.98643	9.35362	9.81556
	50	5.28015	5.98945	5.96344	7.05478	21.9387	10.0287	11.1623	5.27353	6.97867	9.27367	9.71904
	50	5.38116	6.02319	5.96344	7.02105	21.9387	9.92764	11.0613	5.19049	6.97088	9.1934	9.61911
	50	5.48217	6.05693	5.96344	6.98731	21.9387	9.82663	10.9603	5.10722	6.96306	9.1119	9.51874
	50	5.58318	6.09066	5.96344	6.95357	21.9387	9.72562	10.8593	5.02376	6.95522	9.02983	9.41783
	50	5.68419	6.1244	5.96344	6.91983	21.9387	9.62461	10.7582	4.94015	6.94736	8.9467	9.31924
	50	5.7852	6.15814	5.96344	6.8861	21.9387	9.5236	10.6572	4.8564	6.93949	8.86192	9.21816
	50	5.88621	6.19188	5.96344	6.85236	21.9387	9.42259	10.5562	4.77255	6.93161	8.7763	9.11682
	50	5.98722	6.22561	5.96344	6.81862	21.9387	9.32158	10.4552	4.68861	6.92371	8.68932	9.01585
	50	6.08824	6.25935	5.96344	6.78489	21.9387	9.22057	10.3542	4.60461	6.91582	8.60167	8.91293
	50	6.18925	6.29309	5.96344	6.75115	21.9387	9.11956	10.2532	4.52057	6.90791	8.51324	8.81072
	50	6.29026	6.32682	5.96344	6.71741	21.9387	9.01855	10.1522	4.43651	6.90001	8.42379	8.70725
	50	6.39127	6.36056	5.96344	6.68367	21.9387	8.91754	10.0512	4.35247	6.89212	8.33359	8.6041
	50	6.49228	6.3943	5.96344	6.64994	21.9387	8.81653	9.95016	4.26847	6.88422	8.2417	8.50126
	50	6.59329	6.42804	5.96344	6.6162	21.9387	8.71552	9.84915	4.18454	6.87634	8.14901	8.39853
	50	6.6943	6.46177	5.96344	6.58246	21.9387	8.61451	9.74814	4.10071	6.86846	8.05516	8.29534
	50	6.79531	6.49551	5.96344	6.54872	21.9387	8.5135	9.64713	4.01699	6.8606	7.96135	8.19401
	50	6.89632	6.52925	5.96344	6.51499	21.9387	8.41249	9.54612	3.93341	6.85275	7.86702	8.08986
	50	6.99733	6.56299	5.96344	6.48125	21.9387	8.31148	9.44511	3.84998	6.84491	7.77197	7.98599
	50	7.09834	6.59672	5.96344	6.44751	21.9387	8.21047	9.3441	3.76672	6.83709	7.67559	7.88645
	50	7.19935	6.63046	5.96344	6.41377	21.9387	8.10946	9.24309	3.68367	6.82929	7.57803	7.78367
	50	7.30036	6.6642	5.96344	6.38004	21.9387	8.00845	9.14208	3.60087	6.82151	7.48008	7.68158
	50	7.40137	6.69794	5.96344	6.3463	21.9387	7.90744	9.04107	3.51834	6.81375	7.38216	7.58749
	50	7.50238	6.73167	5.96344	6.31256	21.9387	7.80643	8.94006	3.43612	6.80601	7.28383	7.48531
	50	7.60339	6.76541	5.96344	6.27882	21.9387	7.70542	8.83905	3.35423	6.7983	7.18576	7.38257
	50	7.7044	6.79915	5.96344	6.24509	21.9387	7.60441	8.73804	3.27272	6.79061	7.08652	7.28077
	50	7.80541	6.83289	5.96344	6.21135	21.9387	7.5034	8.63703	3.1916	6.78295	6.98602	7.1951
	50	7.90642	6.86662	5.96344	6.17761	21.9387	7.40239	8.53602	3.11091	6.77532	6.88524	7.09522
	50	8.00743	6.90036	5.96344	6.14387	21.9387	7.30138	8.43501	3.03068	6.76771	6.78418	6.99628
	50	8.10844	6.9341	5.96344	6.11014	21.9387	7.20037	8.334	2.95097	6.76013	6.68395	6.89774
	50	8.20945	6.96783	5.96344	6.0764	21.9387	7.09936	8.23299	2.87183	6.75258	6.58376	6.80846
	50	8.31046	7.00157	5.96344	6.04266	21.9387	6.99835	8.13198	2.79332	6.74506	6.48348	6.71067
	50	8.41147	7.03531	5.96344	6.00893	21.9387	6.89734	8.03097	2.71549	6.73758	6.38232	6.61432
	50	8.51248	7.06905	5.96344	5.97519	21.9387	6.79633	7.92996	2.6384	6.73012	6.28011	6.51947
	50	8.61349	7.10278	5.96344	5.94145	21.9387	6.69532	7.82895	2.56209	6.7227	6.17761	6.4405
	50	8.7145	7.13652	5.96344	5.90771	21.9387	6.59431	7.72794	2.48662	6.7153	6.07597	6.35002
	50	8.81551	7.17026	5.96344	5.87398	21.9387	6.4933	7.62693	2.41207	6.70795	5.97517	6.26378
	50	8.91652	7.204	5.96344	5.84024	21.9387	6.39229	7.52592	2.33851	6.70062	5.87488	6.18316
	50	9.01753	7.23773	5.96344	5.8065	21.9387	6.29128	7.42491	2.26605	6.69333	5.77386	6.11197
	50	9.11854	7.27147	5.96344	5.77276	21.9387	6.19027	7.3239	2.19481	6.68607	5.67235	6.03982
	50	9.21955	7.30521	5.96344	5.73903	21.9387	6.08926	7.22289	2.12489	6.67885	5.56999	5.97447
	50	9.32056	7.33895	5.96344	5.70529	21.9387	5.98825	7.12188	2.05643	6.67166	5.46822	5.91831
	50	9.42157	7.37268	5.96344	5.67155	21.9387	5.88724	7.02087	1.98955	6.66451	5.36748	5.87019
	50	9.52258	7.40642	5.96344	5.63781	21.9387	5.78623	6.91986	1.92436	6.65739	5.26734	5.8291
	50	9.62359	7.44016	5.96344	5.60408	21.9387	5.68522	6.81885	1.86102	6.65031	5.16857	5.80294
	50	9.7246	7.4739	5.96344	5.57034	21.9387	5.58421	6.71784	1.79969	6.64326	5.06902	5.78582
	50	9.82561	7.50763	5.96344	5.5366	21.9387	5.4832	6.61683	1.74056	6.63625	4.96931	5.77938
	50	9.92662	7.54137	5.96344	5.50286	21.9387	5.38219	6.51582	1.68389	6.62928	4.86952	5.80962
	50	10.0276	7.57511	5.96344	5.46913	21.9387	5.28118	6.41481	1.62993	6.62234	4.77081	5.84709
	92	0.027629	4.73926	6.3727	9.09533	21.9399	15.8505	16.7617	10.9756	inf	89.3141	16.1183
	92	0.128639	4.773	6.3727	9.0616	21.9399	15.7495	16.6606	10.7564	9.3911	74.8174	15.8315
	92	0.229649	4.80674	6.3727	9.02786	21.9399	15.6485	16.5596	10.5871	7.84037	63.7552	15.5636
	92	0.330659	4.84047	6.3727	8.99412	21.9399	15.5475	16.4586	10.4463	7.66108	54.6495	15.3201
	92	0.431669	4.87421	6.3727	8.96038	21.9399	15.4465	16.3576	10.3228	7.60613	47.211	15.101
	92	0.53268	4.90795	6.3727	8.92665	21.9399	15.3455	16.2566	10.2102	7.58388	41.3633	14.8957
	92	0.63369	4.94168	6.3727	8.89291	21.9399	15.2445	16.1556	10.1046	7.57335	36.814	14.7114
	92	0.7347	4.97542	6.3727	8.85917	21.9399	15.1435	16.0546	10.0037	7.56772	31.4973	14.5486
	92	0.83571	5.00916	6.3727	8.82544	21.9399	15.0425	15.9536	9.90589	7.56428	26.0452	14.3964
	92	0.93672	5.0429	6.3727	8.7917	21.9399	14.9415	15.8526	9.81034	7.56183	23.5366	14.2636
	92	1.03773	5.07663	6.3727	8.75796	21.9399	14.8404	15.7516	9.71647	7.55979	21.5736	14.1338
	92	1.13874	5.11037	6.3727	8.72422	21.9399	14.7394	15.6505	9.62394	7.55786	19.9748	14.0221
	92	1.23975	5.14411	6.3727	8.69049	21.9399	14.6384	15.5495	9.53258	7.55588	18.7159	13.9157
	92	1.34076	5.17785	6.3727	8.65675	21.9399	14.5374	15.4485	9.44233	7.55376	17.7057	13.8213
	92	1.44177	5.21158	6.3727	8.62301	21.9399	14.4364	15.3475	9.35322	7.55145	16.8487	13.7255
	92	1.54278	5.24532	6.3727	8.58927	21.9399	14.3354	15.2465	9.2653	7.54892	16.097	13.6405
	92	1.64379	5.27906	6.3727	8.55554	21.9399	14.2344	15.1455	9.1787	7.54617	15.4343	13.5592
	92	1.7448	5.3128	6.3727	8.5218	21.9399	14.1334	15.0445	9.09355	7.54318	14.8687	13.4823
	92	1.84581	5.34653	6.3727	8.48806	21.9399	14.0324	14.9435	9.01003	7.53995	14.3906	13.4081
	92	1.94682	5.38027	6.3727	8.45432	21.9399	13.9314	14.8425	8.92828	7.53649	13.9786	13.3379
	92	2.04783	5.41401	6.3727	8.42059	21.9399	13.8303	14.7415	8.84847	7.53279	13.6264	13.2718
	92	2.14884	5.44775	6.3727	8.38685	21.9399	13.7293	14.6404	8.77075	7.52886	13.3366	13.2057
	92	2.24985	5.48148	6.3727	8.35311	21.9399	13.6283	14.5394	8.69521	7.5247	13.0819	13.1442
	92	2.35086	5.51522	6.3727	8.31937	21.9399	13.5273	14.4384	8.62193	7.52033	12.8599	13.0824
	92	2.45187	5.54896	6.3727	8.28564	21.9399	13.4263	14.3374	8.55096	7.51574	12.6651	13.0228
	92	2.55288	5.58269	6.3727	8.2519	21.9399	13.3253	14.2364	8.4823	7.51095	12.4935	12.9678
	92	2.65389	5.61643	6.3727	8.21816	21.9399	13.2243	14.1354	8.41596	7.50596	12.3391	12.9114
	92	2.7549	5.65017	6.3727	8.18443	21.9399	13.1233	14.0344	8.3519	7.50077	12.2007	12.8584
	92	2.85591	5.68391	6.3727	8.15069	21.9399	13.0223	13.9334	8.2901	7.4954	12.0746	12.8038
	92	2.95692	5.71764	6.3727	8.11695	21.9399	12.9213	13.8324	8.23053	7.48985	11.9598	12.7515
	92	3.05793	5.75138	6.3727	8.08321	21.9399	12.8202	13.7314	8.17313	7.48413	11.854	12.7005
	92	3.15894	5.78512	6.3727	8.04948	21.9399	12.7192	13.6303	8.11785	7.47825	11.7559	12.6504
	92	3.25995	5.81886	6.3727	8.01574	21.9399	12.6182	13.5293	8.06456	7.47221	11.6644	12.5993
	92	3.36096	5.85259	6.3727	7.982	21.9399	12.5172	13.4283	8.01314	7.46603	11.5784	12.5504
	92	3.46197	5.88633	6.3727	7.94826	21.9399	12.4162	13.3273	7.96343	7.4597	11.4972	12.5004
	92	3.56298	5.92007	6.3727	7.91453	21.9399	12.3152	13.2263	7.91523	7.45324	11.4203	12.4507
	92	3.66399	5.95381	6.3727	7.88079	21.9399	12.2142	13.1253	7.86839	7.44665	11.3467	12.4029
	92	3.765	5.98754	6.3727	7.84705	21.9399	12.1132	13.0243	7.82274	7.43995	11.276	12.3557
	92	3.86601	6.02128	6.3727	7.81331	21.9399	12.0122	12.9233	7.77815	7.43313	11.2086	12.3071
	92	3.96702	6.05502	6.3727	7.77958	21.9399	11.9111	12.8223	7.73452	7.4262	11.1427	12.2598
	92	4.06803	6.08876	6.3727	7.74584	21.9399	11.8101	12.7213	7.69177	7.41918	11.0795	12.2116
	92	4.16904	6.12249	6.3727	7.7121	21.9399	11.7091	12.6202	7.6498	7.41206	11.0177	12.1657
	92	4.27005	6.15623	6.3727	7.67836	21.9399	11.6081	12.5192	7.60853	7.40486	10.9573	12.118
	92	4.37106	6.18997	6.3727	7.64463	21.9399	11.5071	12.4182	7.56786	7.39757	10.8989	12.0706
	92	4.47207	6.22371	6.3727	7.61089	21.9399	11.4061	12.3172	7.52767	7.39022	10.8413	12.0234
	92	4.57308	6.25744	6.3727	7.57715	21.9399	11.3051	12.2162	7.4879	7.38279	10.7852	11.9773
	92	4.67409	6.29118	6.3727	7.54341	21.9399	11.2041	12.1152	7.44847	7.3753	10.7299	11.9319
	92	4.7751	6.32492	6.3727	7.50968	21.9399	11.1031	12.0142	7.40936	7.36775	10.6757	11.8857
	92	4.87611	6.35865	6.3727	7.47594	21.9399	11.0021	11.9132	7.37055	7.36015	10.6219	11.8411
	92	4.97712	6.39239	6.3727	7.4422	21.9399	10.901	11.8122	7.33203	7.35251	10.5692	11.7957
	92	5.07813	6.42613	6.3727	7.40847	21.9399	10.8	11.7112	7.29379	7.34482	10.5174	11.7507
	92	5.17914	6.45987	6.3727	7.37473	21.9399	10.699	11.6101	7.2558	7.33709	10.4662	11.7062
	92	5.28015	6.4936	6.3727	7.34099	21.9399	10.598	11.5091	7.21802	7.32933	10.4152	11.663
	92	5.38116	6.52734	6.3727	7.30725	21.9399	10.497	11.4081	7.1804	7.32154	10.3651	11.6188
	92	5.48217	6.56108	6.3727	7.27352	21.9399	10.396	11.3071	7.14292	7.31372	10.3153	11.575
	92	5.58318	6.59482	6.3727	7.23978	21.9399	10.295	11.2061	7.10558	7.30588	10.266	11.5313
	92	5.68419	6.62855	6.3727	7.20604	21.9399	10.194	11.1051	7.06836	7.29802	10.2171	11.489
	92	5.7852	6.66229	6.3727	7.1723	21.9399	10.093	11.0041	7.03131	7.29015	10.1682	11.4456
	92	5.88621	6.69603	6.3727	7.13857	21.9399	9.99196	10.9031	6.99445	7.28226	10.12	11.4023
	92	5.98722	6.72977	6.3727	7.10483	21.9399	9.89095	10.8021	6.95777	7.27437	10.0717	11.3604
	92	6.08824	6.7635	6.3727	7.07109	21.9399	9.78994	10.7011	6.92127	7.26647	10.0239	11.3183
	92	6.18925	6.79724	6.3727	7.03735	21.9399	9.68893	10.6	6.88491	7.25857	9.97641	11.2772
	92	6.29026	6.83098	6.3727	7.00362	21.9399	9.58792	10.499	6.84868	7.25067	9.92898	11.2362
	92	6.39127	6.86472	6.3727	6.96988	21.9399	9.48691	10.398	6.81253	7.24277	9.88209	11.1967
	92	6.49228	6.89845	6.3727	6.93614	21.9399	9.3859	10.297	6.77648	7.23488	9.83549	11.1581
	92	6.59329	6.93219	6.3727	6.9024	21.9399	9.28489	10.196	6.74051	7.227	9.78945	11.1212
	92	6.6943	6.96593	6.3727	6.86867	21.9399	9.18388	10.095	6.70464	7.21912	9.74354	11.0858
	92	6.79531	6.99966	6.3727	6.83493	21.9399	9.08287	9.99398	6.66887	7.21126	9.69848	11.0524
	92	6.89632	7.0334	6.3727	6.80119	21.9399	8.98186	9.89297	6.63319	7.2034	9.6537	11.0169
	92	6.99733	7.06714	6.3727	6.76746	21.9399	8.88085	9.79196	6.59755	7.19557	9.60942	10.978
	92	7.09834	7.10088	6.3727	6.73372	21.9399	8.77984	9.69095	6.5619	7.18775	9.56521	10.9326
	92	7.19935	7.13461	6.3727	6.69998	21.9399	8.67883	9.58994	6.52618	7.17995	9.52106	10.8715
	92	7.30036	7.16835	6.3727	6.66624	21.9399	8.57782	9.48893	6.49034	7.17217	9.47739	10.8259
	92	7.40137	7.20209	6.3727	6.63251	21.9399	8.47681	9.38792	6.45432	7.16441	9.43389	10.7822
	92	7.50238	7.23583	6.3727	6.59877	21.9399	8.3758	9.28691	6.4181	7.15667	9.3902	10.7149
	92	7.60339	7.26956	6.3727	6.56503	21.9399	8.27479	9.1859	6.38165	7.14896	9.34644	10.6437
	92	7.7044	7.3033	6.3727	6.53129	21.9399	8.17378	9.08489	6.34491	7.14127	9.30333	10.5709
	92	7.80541	7.33704	6.3727	6.49756	21.9399	8.07277	8.98388	6.3078	7.13361	9.26034	10.4833
	92	7.90642	7.37078	6.3727	6.46382	21.9399	7.97176	8.88287	6.2702	7.12597	9.21782	10.3533
	92	8.00743	7.40451	6.3727	6.43008	21.9399	7.87075	8.78186	6.23196	7.11837	9.17536	10.3021
	92	8.10844	7.43825	6.3727	6.39634	21.9399	7.76974	8.68085	6.19296	7.11079	9.13413	10.2646
	92	8.20945	7.47199	6.3727	6.36261	21.9399	7.66873	8.57984	6.15308	7.10324	9.094	10.2317
	92	8.31046	7.50573	6.3727	6.32887	21.9399	7.56772	8.47883	6.11225	7.09572	9.0552	10.1834
	92	8.41147	7.53946	6.3727	6.29513	21.9399	7.46671	8.37782	6.07046	7.08823	9.01776	10.1692
	92	8.51248	7.5732	6.3727	6.26139	21.9399	7.3657	8.27681	6.02779	7.08078	8.98139	10.1433
	92	8.61349	7.60694	6.3727	6.22766	21.9399	7.26468	8.1758	5.98437	7.07335	8.94586	10.1126
	92	8.7145	7.64067	6.3727	6.19392	21.9399	7.16367	8.07479	5.94042	7.06596	8.91247	10.0678
	92	8.81551	7.67441	6.3727	6.16018	21.9399	7.06266	7.97378	5.89623	7.0586	8.88071	10.0563
	92	8.91652	7.70815	6.3727	6.12645	21.9399	6.96165	7.87277	5.8522	7.05128	8.85027	10.0477
	92	9.01753	7.74189	6.3727	6.09271	21.9399	6.86064	7.77176	5.8088	7.04399	8.81914	10.0394
	92	9.11854	7.77562	6.3727	6.05897	21.9399	6.75963	7.67075	5.76655	7.03673	8.78494	10.0336
	92	9.21955	7.80936	6.3727	6.02523	21.9399	6.65862	7.56974	5.72601	7.02951	8.73698	10.0456
	92	9.32056	7.8431	6.3727	5.9915	21.9399	6.55761	7.46873	5.68773	7.02232	8.65097	10.0371
	92	9.42157	7.87684	6.3727	5.95776	21.9399	6.4566	7.36772	5.65218	7.01517	8.53031	10.0212
	92	9.52258	7.91057	6.3727	5.92402	21.9399	6.35559	7.26671	5.61973	7.00805	8.38799	10.003
	92	9.62359	7.94431	6.3727	5.89028	21.9399	6.25458	7.1657	5.59062	7.00097	8.33891	9.9985
	92	9.7246	7.97805	6.3727	5.85655	21.9399	6.15357	7.06469	5.56499	6.99392	8.29421	9.97385
	92	9.82561	8.01179	6.3727	5.82281	21.9399	6.05256	6.96368	5.54282	6.98691	8.23557	9.94133
	92	9.92662	8.04552	6.3727	5.78907	21.9399	5.95155	6.86267	5.52404	6.97994	8.20083	9.90808
	92	10.0276	8.07926	6.3727	5.75533	21.9399	5.85054	6.76166	5.50849	6.973	8.15788	9.88601
