5.71	0	-100
5.82101	0	46.1569
5.93202	0	46.3623
6.04303	0	46.513
6.15404	0	46.6201
6.26505	0	46.6864
6.37606	0	46.7195
6.48707	0	46.7158
6.59808	0	46.6907
6.70909	0	46.6465
6.8201	0	46.5843
6.93111	0	46.5116
7.04212	0	46.4238
7.15313	0	46.3305
7.26414	0	46.2265
7.37515	0	46.1142
7.48616	0	45.9967
7.59717	0	45.8727
7.70818	0	45.7442
7.81919	0	45.6104
7.9302	0	45.472
8.04121	0	45.3312
8.15222	0	45.1862
8.26323	0	45.0372
8.37424	0	44.8859
8.48525	0	44.7308
8.59626	0	44.5743
8.70727	0	44.4143
8.81828	0	44.2506
8.92929	0	44.0838
9.0403	0	43.9153
9.15131	0	43.7423
9.26232	0	43.5667
9.37333	0	43.3877
9.48434	0	43.2046
9.59535	0	43.018
9.70636	0	42.8278
9.81737	0	42.6336
9.92838	0	42.4349
10.0394	0	42.2319
10.1504	0	42.024
10.2614	0	41.8114
10.3724	0	41.5932
10.4834	0	41.3703
10.5944	0	41.141
10.7055	0	40.9053
10.8165	0	40.6638
10.9275	0	40.416
11.0385	0	40.1613
11.1495	0	39.9
11.2605	0	39.63
11.3715	0	39.3512
11.4825	0	39.0627
11.5935	0	38.7623
11.7045	0	38.4492
11.8156	0	38.1173
11.9266	0	37.7625
12.0376	0	37.3829
12.1486	0	36.9634
12.2596	0	36.5014
12.3706	0	35.9859
12.4816	0	35.3938
12.5926	0	34.7196
12.7036	0	33.9312
12.8146	0	33.0009
12.9257	0	31.9172
13.0367	0	30.5968
13.1477	0	29.0261
13.2587	0	27.1413
13.3697	0	24.8205
13.4807	0	22.0246
13.5917	0	18.5791
13.7027	0	-50.5094
13.8137	0	-100
13.9247	0	-100
14.0358	0	-100
14.1468	0	-100
14.2578	0	-100
14.3688	0	-100
14.4798	0	-100
14.5908	0	-100
14.7018	0	-100
14.8128	0	-100
14.9238	0	-100
15.0348	0	-100
15.1459	0	-100
15.2569	0	-100
15.3679	0	-100
15.4789	0	-100
15.5899	0	-100
15.7009	0	-100
15.8119	0	-100
15.9229	0	-100
16.0339	0	-100
16.1449	0	-100
16.256	0	-100
16.367	0	-100
16.478	0	-100
16.589	0	-100
16.7	0	-100
5.71	1	-100
5.82101	1	46.0234
5.93202	1	46.2215
6.04303	1	46.3657
6.15404	1	46.4668
6.26505	1	46.5282
6.37606	1	46.5572
6.48707	1	46.5504
6.59808	1	46.5227
6.70909	1	46.4762
6.8201	1	46.4124
6.93111	1	46.3381
7.04212	1	46.2493
7.15313	1	46.155
7.26414	1	46.0503
7.37515	1	45.9376
7.48616	1	45.82
7.59717	1	45.696
7.70818	1	45.5678
7.81919	1	45.4344
7.9302	1	45.2967
8.04121	1	45.1568
8.15222	1	45.0128
8.26323	1	44.8652
8.37424	1	44.7153
8.48525	1	44.5619
8.59626	1	44.4074
8.70727	1	44.2499
8.81828	1	44.0888
8.92929	1	43.925
9.0403	1	43.7599
9.15131	1	43.591
9.26232	1	43.4201
9.37333	1	43.2464
9.48434	1	43.0693
9.59535	1	42.8896
9.70636	1	42.7072
9.81737	1	42.5223
9.92838	1	42.3341
10.0394	1	42.1432
10.1504	1	41.9492
10.2614	1	41.7522
10.3724	1	41.5523
10.4834	1	41.3505
10.5944	1	41.1453
10.7055	1	40.9379
10.8165	1	40.7287
10.9275	1	40.5185
11.0385	1	40.3075
11.1495	1	40.0966
11.2605	1	39.8861
11.3715	1	39.6754
11.4825	1	39.4662
11.5935	1	39.2588
11.7045	1	39.0525
11.8156	1	38.8461
11.9266	1	38.6378
12.0376	1	38.4272
12.1486	1	38.2088
12.2596	1	37.9802
12.3706	1	37.7368
12.4816	1	37.4663
12.5926	1	37.1678
12.7036	1	36.8234
12.8146	1	36.4123
12.9257	1	35.935
13.0367	1	35.3401
13.1477	1	34.6141
13.2587	1	33.7199
13.3697	1	32.5796
13.4807	1	31.1627
13.5917	1	29.346
13.7027	1	-45.4459
13.8137	1	-100
13.9247	1	-100
14.0358	1	-100
14.1468	1	-100
14.2578	1	-100
14.3688	1	-100
14.4798	1	-100
14.5908	1	-100
14.7018	1	-100
14.8128	1	-100
14.9238	1	-100
15.0348	1	-100
15.1459	1	-100
15.2569	1	-100
15.3679	1	-100
15.4789	1	-100
15.5899	1	-100
15.7009	1	-100
15.8119	1	-100
15.9229	1	-100
16.0339	1	-100
16.1449	1	-100
16.256	1	-100
16.367	1	-100
16.478	1	-100
16.589	1	-100
16.7	1	-100
5.71	2	-100
5.82101	2	45.8509
5.93202	2	46.0544
6.04303	2	46.2032
6.15404	2	46.3083
6.26505	2	46.3728
6.37606	2	46.4043
6.48707	2	46.3991
6.59808	2	46.3728
6.70909	2	46.3276
6.8201	2	46.2646
6.93111	2	46.1911
7.04212	2	46.1028
7.15313	2	46.009
7.26414	2	45.9047
7.37515	2	45.7923
7.48616	2	45.6747
7.59717	2	45.5509
7.70818	2	45.4227
7.81919	2	45.2891
7.9302	2	45.1513
8.04121	2	45.0112
8.15222	2	44.8671
8.26323	2	44.7191
8.37424	2	44.5688
8.48525	2	44.4153
8.59626	2	44.2606
8.70727	2	44.1026
8.81828	2	43.9411
8.92929	2	43.7772
9.0403	2	43.612
9.15131	2	43.4428
9.26232	2	43.2715
9.37333	2	43.0976
9.48434	2	42.9206
9.59535	2	42.7411
9.70636	2	42.559
9.81737	2	42.3743
9.92838	2	42.1864
10.0394	2	41.9965
10.1504	2	41.8039
10.2614	2	41.6085
10.3724	2	41.4103
10.4834	2	41.2105
10.5944	2	41.0079
10.7055	2	40.8035
10.8165	2	40.5977
10.9275	2	40.3909
11.0385	2	40.1833
11.1495	2	39.9759
11.2605	2	39.7689
11.3715	2	39.5615
11.4825	2	39.3558
11.5935	2	39.1516
11.7045	2	38.9483
11.8156	2	38.7455
11.9266	2	38.5416
12.0376	2	38.3364
12.1486	2	38.1261
12.2596	2	37.908
12.3706	2	37.6783
12.4816	2	37.4267
12.5926	2	37.1534
12.7036	2	36.8427
12.8146	2	36.4762
12.9257	2	36.056
13.0367	2	35.5382
13.1477	2	34.9089
13.2587	2	34.1379
13.3697	2	33.1606
13.4807	2	31.9491
13.5917	2	30.4019
13.7027	2	-45.0336
13.8137	2	-100
13.9247	2	-100
14.0358	2	-100
14.1468	2	-100
14.2578	2	-100
14.3688	2	-100
14.4798	2	-100
14.5908	2	-100
14.7018	2	-100
14.8128	2	-100
14.9238	2	-100
15.0348	2	-100
15.1459	2	-100
15.2569	2	-100
15.3679	2	-100
15.4789	2	-100
15.5899	2	-100
15.7009	2	-100
15.8119	2	-100
15.9229	2	-100
16.0339	2	-100
16.1449	2	-100
16.256	2	-100
16.367	2	-100
16.478	2	-100
16.589	2	-100
16.7	2	-100
5.71	3	-100
5.82101	3	45.7116
5.93202	3	45.9209
6.04303	3	46.0747
6.15404	3	46.1843
6.26505	3	46.252
6.37606	3	46.2865
6.48707	3	46.2833
6.59808	3	46.2589
6.70909	3	46.2151
6.8201	3	46.1532
6.93111	3	46.0807
7.04212	3	45.9932
7.15313	3	45.9001
7.26414	3	45.7963
7.37515	3	45.6841
7.48616	3	45.5669
7.59717	3	45.4432
7.70818	3	45.3151
7.81919	3	45.1815
7.9302	3	45.0436
8.04121	3	44.9035
8.15222	3	44.7591
8.26323	3	44.6109
8.37424	3	44.4606
8.48525	3	44.3069
8.59626	3	44.1518
8.70727	3	43.9933
8.81828	3	43.8315
8.92929	3	43.6674
9.0403	3	43.5021
9.15131	3	43.3326
9.26232	3	43.1611
9.37333	3	42.9868
9.48434	3	42.8095
9.59535	3	42.6299
9.70636	3	42.448
9.81737	3	42.2634
9.92838	3	42.0755
10.0394	3	41.8857
10.1504	3	41.6935
10.2614	3	41.4989
10.3724	3	41.3018
10.4834	3	41.1031
10.5944	3	40.9018
10.7055	3	40.6991
10.8165	3	40.4954
10.9275	3	40.291
11.0385	3	40.0855
11.1495	3	39.8806
11.2605	3	39.6761
11.3715	3	39.4713
11.4825	3	39.2685
11.5935	3	39.067
11.7045	3	38.8665
11.8156	3	38.667
11.9266	3	38.4668
12.0376	3	38.2661
12.1486	3	38.0619
12.2596	3	37.8516
12.3706	3	37.6319
12.4816	3	37.3936
12.5926	3	37.137
12.7036	3	36.8487
12.8146	3	36.5112
12.9257	3	36.1283
13.0367	3	35.6605
13.1477	3	35.0941
13.2587	3	34.4049
13.3697	3	33.5334
13.4807	3	32.4514
13.5917	3	31.0812
13.7027	3	-44.7877
13.8137	3	-100
13.9247	3	-100
14.0358	3	-100
14.1468	3	-100
14.2578	3	-100
14.3688	3	-100
14.4798	3	-100
14.5908	3	-100
14.7018	3	-100
14.8128	3	-100
14.9238	3	-100
15.0348	3	-100
15.1459	3	-100
15.2569	3	-100
15.3679	3	-100
15.4789	3	-100
15.5899	3	-100
15.7009	3	-100
15.8119	3	-100
15.9229	3	-100
16.0339	3	-100
16.1449	3	-100
16.256	3	-100
16.367	3	-100
16.478	3	-100
16.589	3	-100
16.7	3	-100
5.71	4	-100
5.82101	4	45.5926
5.93202	4	45.8066
6.04303	4	45.9643
6.15404	4	46.0773
6.26505	4	46.1479
6.37606	4	46.1847
6.48707	4	46.1834
6.59808	4	46.1603
6.70909	4	46.1177
6.8201	4	46.0568
6.93111	4	45.9852
7.04212	4	45.8982
7.15313	4	45.8056
7.26414	4	45.7024
7.37515	4	45.5903
7.48616	4	45.4733
7.59717	4	45.3498
7.70818	4	45.2217
7.81919	4	45.0881
7.9302	4	44.9503
8.04121	4	44.8099
8.15222	4	44.6653
8.26323	4	44.5169
8.37424	4	44.3664
8.48525	4	44.2125
8.59626	4	44.057
8.70727	4	43.8982
8.81828	4	43.7361
8.92929	4	43.5717
9.0403	4	43.406
9.15131	4	43.2363
9.26232	4	43.0644
9.37333	4	42.8897
9.48434	4	42.7121
9.59535	4	42.5322
9.70636	4	42.3502
9.81737	4	42.1656
9.92838	4	41.9775
10.0394	4	41.7874
10.1504	4	41.5953
10.2614	4	41.4012
10.3724	4	41.2047
10.4834	4	41.0066
10.5944	4	40.8061
10.7055	4	40.6044
10.8165	4	40.4021
10.9275	4	40.1993
11.0385	4	39.9955
11.1495	4	39.7924
11.2605	4	39.5896
11.3715	4	39.3869
11.4825	4	39.1864
11.5935	4	38.9872
11.7045	4	38.7891
11.8156	4	38.5924
11.9266	4	38.3953
12.0376	4	38.1983
12.1486	4	37.9989
12.2596	4	37.7946
12.3706	4	37.5829
12.4816	4	37.3544
12.5926	4	37.1105
12.7036	4	36.8386
12.8146	4	36.5221
12.9257	4	36.1659
13.0367	4	35.7339
13.1477	4	35.2127
13.2587	4	34.5819
13.3697	4	33.7864
13.4807	4	32.7986
13.5917	4	31.5525
13.7027	4	-44.6422
13.8137	4	-100
13.9247	4	-100
14.0358	4	-100
14.1468	4	-100
14.2578	4	-100
14.3688	4	-100
14.4798	4	-100
14.5908	4	-100
14.7018	4	-100
14.8128	4	-100
14.9238	4	-100
15.0348	4	-100
15.1459	4	-100
15.2569	4	-100
15.3679	4	-100
15.4789	4	-100
15.5899	4	-100
15.7009	4	-100
15.8119	4	-100
15.9229	4	-100
16.0339	4	-100
16.1449	4	-100
16.256	4	-100
16.367	4	-100
16.478	4	-100
16.589	4	-100
16.7	4	-100
5.71	5	-100
5.82101	5	45.4784
5.93202	5	45.6961
6.04303	5	45.857
6.15404	5	45.9727
6.26505	5	46.0456
6.37606	5	46.0844
6.48707	5	46.0846
6.59808	5	46.0629
6.70909	5	46.0212
6.8201	5	45.9612
6.93111	5	45.8904
7.04212	5	45.8038
7.15313	5	45.7117
7.26414	5	45.609
7.37515	5	45.4971
7.48616	5	45.3804
7.59717	5	45.257
7.70818	5	45.129
7.81919	5	44.9954
7.9302	5	44.8576
8.04121	5	44.7171
8.15222	5	44.5722
8.26323	5	44.4237
8.37424	5	44.2732
8.48525	5	44.1192
8.59626	5	43.9632
8.70727	5	43.804
8.81828	5	43.6417
8.92929	5	43.4771
9.0403	5	43.3112
9.15131	5	43.1411
9.26232	5	42.969
9.37333	5	42.7938
9.48434	5	42.6158
9.59535	5	42.4357
9.70636	5	42.2535
9.81737	5	42.0689
9.92838	5	41.8805
10.0394	5	41.6902
10.1504	5	41.4981
10.2614	5	41.3042
10.3724	5	41.108
10.4834	5	40.9104
10.5944	5	40.7104
10.7055	5	40.5095
10.8165	5	40.3082
10.9275	5	40.1066
11.0385	5	39.9042
11.1495	5	39.7026
11.2605	5	39.5012
11.3715	5	39.3004
11.4825	5	39.1017
11.5935	5	38.9046
11.7045	5	38.7089
11.8156	5	38.5147
11.9266	5	38.3203
12.0376	5	38.1267
12.1486	5	37.9312
12.2596	5	37.7319
12.3706	5	37.5267
12.4816	5	37.3063
12.5926	5	37.0726
12.7036	5	36.8136
12.8146	5	36.513
12.9257	5	36.1773
13.0367	5	35.7727
13.1477	5	35.2861
13.2587	5	34.6995
13.3697	5	33.9618
13.4807	5	33.0471
13.5917	5	31.8943
13.7027	5	-44.5592
13.8137	5	-100
13.9247	5	-100
14.0358	5	-100
14.1468	5	-100
14.2578	5	-100
14.3688	5	-100
14.4798	5	-100
14.5908	5	-100
14.7018	5	-100
14.8128	5	-100
14.9238	5	-100
15.0348	5	-100
15.1459	5	-100
15.2569	5	-100
15.3679	5	-100
15.4789	5	-100
15.5899	5	-100
15.7009	5	-100
15.8119	5	-100
15.9229	5	-100
16.0339	5	-100
16.1449	5	-100
16.256	5	-100
16.367	5	-100
16.478	5	-100
16.589	5	-100
16.7	5	-100
5.71	6	-100
5.82101	6	45.3416
5.93202	6	45.5631
6.04303	6	45.7275
6.15404	6	45.8465
6.26505	6	45.9221
6.37606	6	45.9634
6.48707	6	45.9656
6.59808	6	45.9456
6.70909	6	45.9052
6.8201	6	45.8463
6.93111	6	45.7765
7.04212	6	45.6908
7.15313	6	45.5994
7.26414	6	45.4975
7.37515	6	45.386
7.48616	6	45.2698
7.59717	6	45.1468
7.70818	6	45.019
7.81919	6	44.8856
7.9302	6	44.748
8.04121	6	44.6076
8.15222	6	44.4628
8.26323	6	44.3143
8.37424	6	44.1639
8.48525	6	44.0098
8.59626	6	43.8537
8.70727	6	43.6944
8.81828	6	43.532
8.92929	6	43.3673
9.0403	6	43.2012
9.15131	6	43.031
9.26232	6	42.8586
9.37333	6	42.6833
9.48434	6	42.505
9.59535	6	42.3246
9.70636	6	42.1425
9.81737	6	41.9577
9.92838	6	41.7692
10.0394	6	41.5787
10.1504	6	41.3864
10.2614	6	41.1926
10.3724	6	40.9967
10.4834	6	40.7994
10.5944	6	40.5999
10.7055	6	40.3995
10.8165	6	40.199
10.9275	6	39.9983
11.0385	6	39.797
11.1495	6	39.5967
11.2605	6	39.3965
11.3715	6	39.1972
11.4825	6	39
11.5935	6	38.8046
11.7045	6	38.611
11.8156	6	38.419
11.9266	6	38.2271
12.0376	6	38.0362
12.1486	6	37.844
12.2596	6	37.6486
12.3706	6	37.4483
12.4816	6	37.2343
12.5926	6	37.0087
12.7036	6	36.7599
12.8146	6	36.4717
12.9257	6	36.1518
13.0367	6	35.768
13.1477	6	35.3079
13.2587	6	34.7552
13.3697	6	34.0621
13.4807	6	33.2035
13.5917	6	32.1231
13.7027	6	-44.5353
13.8137	6	-100
13.9247	6	-100
14.0358	6	-100
14.1468	6	-100
14.2578	6	-100
14.3688	6	-100
14.4798	6	-100
14.5908	6	-100
14.7018	6	-100
14.8128	6	-100
14.9238	6	-100
15.0348	6	-100
15.1459	6	-100
15.2569	6	-100
15.3679	6	-100
15.4789	6	-100
15.5899	6	-100
15.7009	6	-100
15.8119	6	-100
15.9229	6	-100
16.0339	6	-100
16.1449	6	-100
16.256	6	-100
16.367	6	-100
16.478	6	-100
16.589	6	-100
16.7	6	-100
5.71	7	-100
5.82101	7	45.1754
5.93202	7	45.403
6.04303	7	45.5731
6.15404	7	45.6977
6.26505	7	45.778
6.37606	7	45.8232
6.48707	7	45.8283
6.59808	7	45.8108
6.70909	7	45.773
6.8201	7	45.7159
6.93111	7	45.6479
7.04212	7	45.5638
7.15313	7	45.4739
7.26414	7	45.3728
7.37515	7	45.2626
7.48616	7	45.1472
7.59717	7	45.0248
7.70818	7	44.8975
7.81919	7	44.7648
7.9302	7	44.6277
8.04121	7	44.4875
8.15222	7	44.3431
8.26323	7	44.195
8.37424	7	44.0445
8.48525	7	43.8902
8.59626	7	43.7344
8.70727	7	43.5755
8.81828	7	43.4132
8.92929	7	43.248
9.0403	7	43.0816
9.15131	7	42.9113
9.26232	7	42.739
9.37333	7	42.5638
9.48434	7	42.3853
9.59535	7	42.2044
9.70636	7	42.0216
9.81737	7	41.8366
9.92838	7	41.6482
10.0394	7	41.4577
10.1504	7	41.265
10.2614	7	41.0709
10.3724	7	40.8748
10.4834	7	40.6777
10.5944	7	40.4783
10.7055	7	40.2782
10.8165	7	40.0779
10.9275	7	39.8776
11.0385	7	39.677
11.1495	7	39.4772
11.2605	7	39.278
11.3715	7	39.0795
11.4825	7	38.8833
11.5935	7	38.689
11.7045	7	38.4968
11.8156	7	38.3063
11.9266	7	38.1165
12.0376	7	37.9278
12.1486	7	37.738
12.2596	7	37.5456
12.3706	7	37.349
12.4816	7	37.1398
12.5926	7	36.9204
12.7036	7	36.6792
12.8146	7	36.4004
12.9257	7	36.0925
13.0367	7	35.7245
13.1477	7	35.284
13.2587	7	34.7567
13.3697	7	34.0971
13.4807	7	33.2804
13.5917	7	32.2553
13.7027	7	-44.5609
13.8137	7	-100
13.9247	7	-100
14.0358	7	-100
14.1468	7	-100
14.2578	7	-100
14.3688	7	-100
14.4798	7	-100
14.5908	7	-100
14.7018	7	-100
14.8128	7	-100
14.9238	7	-100
15.0348	7	-100
15.1459	7	-100
15.2569	7	-100
15.3679	7	-100
15.4789	7	-100
15.5899	7	-100
15.7009	7	-100
15.8119	7	-100
15.9229	7	-100
16.0339	7	-100
16.1449	7	-100
16.256	7	-100
16.367	7	-100
16.478	7	-100
16.589	7	-100
16.7	7	-100
5.71	8	-100
5.82101	8	45.0135
5.93202	8	45.245
6.04303	8	45.4191
6.15404	8	45.5473
6.26505	8	45.631
6.37606	8	45.6791
6.48707	8	45.6862
6.59808	8	45.6707
6.70909	8	45.6347
6.8201	8	45.5791
6.93111	8	45.5125
7.04212	8	45.4298
7.15313	8	45.3409
7.26414	8	45.2405
7.37515	8	45.1313
7.48616	8	45.0166
7.59717	8	44.8948
7.70818	8	44.7679
7.81919	8	44.6358
7.9302	8	44.499
8.04121	8	44.3591
8.15222	8	44.215
8.26323	8	44.0673
8.37424	8	43.9169
8.48525	8	43.7624
8.59626	8	43.6068
8.70727	8	43.4482
8.81828	8	43.286
8.92929	8	43.1206
9.0403	8	42.9539
9.15131	8	42.7835
9.26232	8	42.6112
9.37333	8	42.4362
9.48434	8	42.2575
9.59535	8	42.0762
9.70636	8	41.8928
9.81737	8	41.7075
9.92838	8	41.5191
10.0394	8	41.3286
10.1504	8	41.1356
10.2614	8	40.941
10.3724	8	40.7448
10.4834	8	40.5477
10.5944	8	40.3484
10.7055	8	40.1485
10.8165	8	39.9481
10.9275	8	39.7479
11.0385	8	39.5478
11.1495	8	39.3484
11.2605	8	39.1498
11.3715	8	38.9519
11.4825	8	38.7561
11.5935	8	38.5627
11.7045	8	38.3713
11.8156	8	38.1818
11.9266	8	37.9935
12.0376	8	37.8065
12.1486	8	37.6185
12.2596	8	37.4283
12.3706	8	37.234
12.4816	8	37.0281
12.5926	8	36.813
12.7036	8	36.5771
12.8146	8	36.3051
12.9257	8	36.0052
13.0367	8	35.6474
13.1477	8	35.2198
13.2587	8	34.7092
13.3697	8	34.0713
13.4807	8	33.2819
13.5917	8	32.2927
13.7027	8	-44.6309
13.8137	8	-100
13.9247	8	-100
14.0358	8	-100
14.1468	8	-100
14.2578	8	-100
14.3688	8	-100
14.4798	8	-100
14.5908	8	-100
14.7018	8	-100
14.8128	8	-100
14.9238	8	-100
15.0348	8	-100
15.1459	8	-100
15.2569	8	-100
15.3679	8	-100
15.4789	8	-100
15.5899	8	-100
15.7009	8	-100
15.8119	8	-100
15.9229	8	-100
16.0339	8	-100
16.1449	8	-100
16.256	8	-100
16.367	8	-100
16.478	8	-100
16.589	8	-100
16.7	8	-100
5.71	9	-100
5.82101	9	44.8687
5.93202	9	45.1033
6.04303	9	45.2803
6.15404	9	45.4113
6.26505	9	45.4974
6.37606	9	45.5476
6.48707	9	45.5561
6.59808	9	45.5421
6.70909	9	45.5074
6.8201	9	45.4528
6.93111	9	45.3873
7.04212	9	45.3054
7.15313	9	45.2172
7.26414	9	45.1173
7.37515	9	45.0088
7.48616	9	44.8946
7.59717	9	44.7732
7.70818	9	44.6466
7.81919	9	44.5148
7.9302	9	44.3783
8.04121	9	44.2384
8.15222	9	44.0945
8.26323	9	43.947
8.37424	9	43.7966
8.48525	9	43.6421
8.59626	9	43.4865
8.70727	9	43.3281
8.81828	9	43.1658
8.92929	9	43.0002
9.0403	9	42.8333
9.15131	9	42.6628
9.26232	9	42.4904
9.37333	9	42.3153
9.48434	9	42.1364
9.59535	9	41.9547
9.70636	9	41.7709
9.81737	9	41.5852
9.92838	9	41.3967
10.0394	9	41.206
10.1504	9	41.0125
10.2614	9	40.8174
10.3724	9	40.621
10.4834	9	40.4239
10.5944	9	40.2245
10.7055	9	40.0247
10.8165	9	39.8242
10.9275	9	39.6244
11.0385	9	39.4245
11.1495	9	39.2254
11.2605	9	39.0275
11.3715	9	38.8301
11.4825	9	38.6349
11.5935	9	38.4425
11.7045	9	38.2518
11.8156	9	38.0634
11.9266	9	37.8764
12.0376	9	37.6909
12.1486	9	37.5048
12.2596	9	37.3168
12.3706	9	37.1248
12.4816	9	36.9217
12.5926	9	36.7103
12.7036	9	36.4788
12.8146	9	36.2125
12.9257	9	35.9195
13.0367	9	35.57
13.1477	9	35.1527
13.2587	9	34.6553
13.3697	9	34.0345
13.4807	9	33.2665
13.5917	9	32.3051
13.7027	9	-44.7075
13.8137	9	-100
13.9247	9	-100
14.0358	9	-100
14.1468	9	-100
14.2578	9	-100
14.3688	9	-100
14.4798	9	-100
14.5908	9	-100
14.7018	9	-100
14.8128	9	-100
14.9238	9	-100
15.0348	9	-100
15.1459	9	-100
15.2569	9	-100
15.3679	9	-100
15.4789	9	-100
15.5899	9	-100
15.7009	9	-100
15.8119	9	-100
15.9229	9	-100
16.0339	9	-100
16.1449	9	-100
16.256	9	-100
16.367	9	-100
16.478	9	-100
16.589	9	-100
16.7	9	-100
5.71	10	-100
5.82101	10	44.7364
5.93202	10	44.9731
6.04303	10	45.1519
6.15404	10	45.2845
6.26505	10	45.3717
6.37606	10	45.4228
6.48707	10	45.4321
6.59808	10	45.4186
6.70909	10	45.3843
6.8201	10	45.3301
6.93111	10	45.2648
7.04212	10	45.1831
7.15313	10	45.0952
7.26414	10	44.9955
7.37515	10	44.8871
7.48616	10	44.7729
7.59717	10	44.6515
7.70818	10	44.5249
7.81919	10	44.3932
7.9302	10	44.2567
8.04121	10	44.1168
8.15222	10	43.9729
8.26323	10	43.8254
8.37424	10	43.675
8.48525	10	43.5204
8.59626	10	43.3648
8.70727	10	43.2064
8.81828	10	43.044
8.92929	10	42.8784
9.0403	10	42.7114
9.15131	10	42.5408
9.26232	10	42.3684
9.37333	10	42.1932
9.48434	10	42.0142
9.59535	10	41.8323
9.70636	10	41.6483
9.81737	10	41.4626
9.92838	10	41.274
10.0394	10	41.0833
10.1504	10	40.8899
10.2614	10	40.6948
10.3724	10	40.4986
10.4834	10	40.3017
10.5944	10	40.1029
10.7055	10	39.9036
10.8165	10	39.7038
10.9275	10	39.5048
11.0385	10	39.306
11.1495	10	39.1081
11.2605	10	38.9116
11.3715	10	38.7156
11.4825	10	38.5221
11.5935	10	38.3314
11.7045	10	38.1425
11.8156	10	37.956
11.9266	10	37.7711
12.0376	10	37.5879
12.1486	10	37.4045
12.2596	10	37.2192
12.3706	10	37.03
12.4816	10	36.8301
12.5926	10	36.622
12.7036	10	36.3948
12.8146	10	36.1336
12.9257	10	35.8465
13.0367	10	35.5042
13.1477	10	35.0954
13.2587	10	34.6081
13.3697	10	34.0003
13.4807	10	33.2483
13.5917	10	32.3079
13.7027	10	-44.7756
13.8137	10	-100
13.9247	10	-100
14.0358	10	-100
14.1468	10	-100
14.2578	10	-100
14.3688	10	-100
14.4798	10	-100
14.5908	10	-100
14.7018	10	-100
14.8128	10	-100
14.9238	10	-100
15.0348	10	-100
15.1459	10	-100
15.2569	10	-100
15.3679	10	-100
15.4789	10	-100
15.5899	10	-100
15.7009	10	-100
15.8119	10	-100
15.9229	10	-100
16.0339	10	-100
16.1449	10	-100
16.256	10	-100
16.367	10	-100
16.478	10	-100
16.589	10	-100
16.7	10	-100
5.71	11	-100
5.82101	11	44.6142
5.93202	11	44.853
6.04303	11	45.0335
6.15404	11	45.1673
6.26505	11	45.2554
6.37606	11	45.3072
6.48707	11	45.3168
6.59808	11	45.3037
6.70909	11	45.2697
6.8201	11	45.2157
6.93111	11	45.1505
7.04212	11	45.069
7.15313	11	44.981
7.26414	11	44.8814
7.37515	11	44.773
7.48616	11	44.6588
7.59717	11	44.5374
7.70818	11	44.4107
7.81919	11	44.279
7.9302	11	44.1423
8.04121	11	44.0024
8.15222	11	43.8585
8.26323	11	43.7109
8.37424	11	43.5603
8.48525	11	43.4057
8.59626	11	43.25
8.70727	11	43.0914
8.81828	11	42.929
8.92929	11	42.7632
9.0403	11	42.5962
9.15131	11	42.4255
9.26232	11	42.2529
9.37333	11	42.0776
9.48434	11	41.8984
9.59535	11	41.7164
9.70636	11	41.5323
9.81737	11	41.3463
9.92838	11	41.1575
10.0394	11	40.9667
10.1504	11	40.7731
10.2614	11	40.578
10.3724	11	40.3818
10.4834	11	40.1851
10.5944	11	39.9865
10.7055	11	39.7877
10.8165	11	39.5886
10.9275	11	39.3904
11.0385	11	39.1923
11.1495	11	38.9954
11.2605	11	38.8001
11.3715	11	38.6055
11.4825	11	38.4137
11.5935	11	38.2247
11.7045	11	38.0375
11.8156	11	37.8528
11.9266	11	37.6699
12.0376	11	37.4887
12.1486	11	37.308
12.2596	11	37.1255
12.3706	11	36.9392
12.4816	11	36.7423
12.5926	11	36.5373
12.7036	11	36.3139
12.8146	11	36.0571
12.9257	11	35.7754
13.0367	11	35.4397
13.1477	11	35.0384
13.2587	11	34.5599
13.3697	11	33.9632
13.4807	11	33.225
13.5917	11	32.3021
13.7027	11	-44.8452
13.8137	11	-100
13.9247	11	-100
14.0358	11	-100
14.1468	11	-100
14.2578	11	-100
14.3688	11	-100
14.4798	11	-100
14.5908	11	-100
14.7018	11	-100
14.8128	11	-100
14.9238	11	-100
15.0348	11	-100
15.1459	11	-100
15.2569	11	-100
15.3679	11	-100
15.4789	11	-100
15.5899	11	-100
15.7009	11	-100
15.8119	11	-100
15.9229	11	-100
16.0339	11	-100
16.1449	11	-100
16.256	11	-100
16.367	11	-100
16.478	11	-100
16.589	11	-100
16.7	11	-100
5.71	12	-100
5.82101	12	44.487
5.93202	12	44.7271
6.04303	12	44.9087
6.15404	12	45.0432
6.26505	12	45.1317
6.37606	12	45.1837
6.48707	12	45.1935
6.59808	12	45.1803
6.70909	12	45.1464
6.8201	12	45.0924
6.93111	12	45.0271
7.04212	12	44.9456
7.15313	12	44.8575
7.26414	12	44.7579
7.37515	12	44.6493
7.48616	12	44.5351
7.59717	12	44.4136
7.70818	12	44.2869
7.81919	12	44.155
7.9302	12	44.0184
8.04121	12	43.8784
8.15222	12	43.7343
8.26323	12	43.5867
8.37424	12	43.4361
8.48525	12	43.2815
8.59626	12	43.1257
8.70727	12	42.967
8.81828	12	42.8047
8.92929	12	42.6389
9.0403	12	42.4719
9.15131	12	42.3012
9.26232	12	42.1286
9.37333	12	41.9532
9.48434	12	41.774
9.59535	12	41.5919
9.70636	12	41.4078
9.81737	12	41.2218
9.92838	12	41.0329
10.0394	12	40.842
10.1504	12	40.6486
10.2614	12	40.4536
10.3724	12	40.2576
10.4834	12	40.0612
10.5944	12	39.863
10.7055	12	39.6648
10.8165	12	39.4666
10.9275	12	39.2694
11.0385	12	39.0722
11.1495	12	38.8767
11.2605	12	38.6828
11.3715	12	38.4896
11.4825	12	38.2997
11.5935	12	38.1125
11.7045	12	37.9271
11.8156	12	37.7446
11.9266	12	37.5636
12.0376	12	37.3845
12.1486	12	37.206
12.2596	12	37.026
12.3706	12	36.8425
12.4816	12	36.6483
12.5926	12	36.446
12.7036	12	36.2258
12.8146	12	35.9724
12.9257	12	35.6948
13.0367	12	35.3642
13.1477	12	34.9686
13.2587	12	34.4969
13.3697	12	33.9081
13.4807	12	33.1794
13.5917	12	32.2686
13.7027	12	-44.9276
13.8137	12	-100
13.9247	12	-100
14.0358	12	-100
14.1468	12	-100
14.2578	12	-100
14.3688	12	-100
14.4798	12	-100
14.5908	12	-100
14.7018	12	-100
14.8128	12	-100
14.9238	12	-100
15.0348	12	-100
15.1459	12	-100
15.2569	12	-100
15.3679	12	-100
15.4789	12	-100
15.5899	12	-100
15.7009	12	-100
15.8119	12	-100
15.9229	12	-100
16.0339	12	-100
16.1449	12	-100
16.256	12	-100
16.367	12	-100
16.478	12	-100
16.589	12	-100
16.7	12	-100
5.71	13	-100
5.82101	13	44.3585
5.93202	13	44.5998
6.04303	13	44.7822
6.15404	13	44.9171
6.26505	13	45.0058
6.37606	13	45.0581
6.48707	13	45.0679
6.59808	13	45.0548
6.70909	13	45.0208
6.8201	13	44.9667
6.93111	13	44.9014
7.04212	13	44.8197
7.15313	13	44.7316
7.26414	13	44.6319
7.37515	13	44.5232
7.48616	13	44.4089
7.59717	13	44.2873
7.70818	13	44.1606
7.81919	13	44.0287
7.9302	13	43.8919
8.04121	13	43.7519
8.15222	13	43.6078
8.26323	13	43.4601
8.37424	13	43.3095
8.48525	13	43.1549
8.59626	13	42.9991
8.70727	13	42.8404
8.81828	13	42.678
8.92929	13	42.5123
9.0403	13	42.3454
9.15131	13	42.1747
9.26232	13	42.002
9.37333	13	41.8266
9.48434	13	41.6475
9.59535	13	41.4655
9.70636	13	41.2814
9.81737	13	41.0954
9.92838	13	40.9064
10.0394	13	40.7154
10.1504	13	40.522
10.2614	13	40.3273
10.3724	13	40.1315
10.4834	13	39.9353
10.5944	13	39.7375
10.7055	13	39.5397
10.8165	13	39.3424
10.9275	13	39.146
11.0385	13	38.9498
11.1495	13	38.7555
11.2605	13	38.5628
11.3715	13	38.371
11.4825	13	38.1827
11.5935	13	37.9971
11.7045	13	37.8136
11.8156	13	37.633
11.9266	13	37.4538
12.0376	13	37.2765
12.1486	13	37.1001
12.2596	13	36.9221
12.3706	13	36.7412
12.4816	13	36.5495
12.5926	13	36.3498
12.7036	13	36.1322
12.8146	13	35.8814
12.9257	13	35.607
13.0367	13	35.2805
13.1477	13	34.8896
13.2587	13	34.4233
13.3697	13	33.8405
13.4807	13	33.1189
13.5917	13	32.2165
13.7027	13	-45.0193
13.8137	13	-100
13.9247	13	-100
14.0358	13	-100
14.1468	13	-100
14.2578	13	-100
14.3688	13	-100
14.4798	13	-100
14.5908	13	-100
14.7018	13	-100
14.8128	13	-100
14.9238	13	-100
15.0348	13	-100
15.1459	13	-100
15.2569	13	-100
15.3679	13	-100
15.4789	13	-100
15.5899	13	-100
15.7009	13	-100
15.8119	13	-100
15.9229	13	-100
16.0339	13	-100
16.1449	13	-100
16.256	13	-100
16.367	13	-100
16.478	13	-100
16.589	13	-100
16.7	13	-100
5.71	14	-100
5.82101	14	44.2216
5.93202	14	44.4642
6.04303	14	44.6476
6.15404	14	44.7833
6.26505	14	44.8726
6.37606	14	44.9252
6.48707	14	44.9353
6.59808	14	44.9224
6.70909	14	44.8886
6.8201	14	44.8346
6.93111	14	44.7694
7.04212	14	44.6878
7.15313	14	44.5997
7.26414	14	44.5
7.37515	14	44.3913
7.48616	14	44.2771
7.59717	14	44.1555
7.70818	14	44.0288
7.81919	14	43.8969
7.9302	14	43.7602
8.04121	14	43.6202
8.15222	14	43.4761
8.26323	14	43.3284
8.37424	14	43.1778
8.48525	14	43.0233
8.59626	14	42.8676
8.70727	14	42.7089
8.81828	14	42.5466
8.92929	14	42.381
9.0403	14	42.2141
9.15131	14	42.0435
9.26232	14	41.8709
9.37333	14	41.6956
9.48434	14	41.5164
9.59535	14	41.3345
9.70636	14	41.1504
9.81737	14	40.9644
9.92838	14	40.7753
10.0394	14	40.5842
10.1504	14	40.3908
10.2614	14	40.1961
10.3724	14	40.0002
10.4834	14	39.8042
10.5944	14	39.6066
10.7055	14	39.4093
10.8165	14	39.2124
10.9275	14	39.0166
11.0385	14	38.8213
11.1495	14	38.6279
11.2605	14	38.436
11.3715	14	38.2452
11.4825	14	38.0581
11.5935	14	37.8737
11.7045	14	37.6916
11.8156	14	37.5125
11.9266	14	37.3345
12.0376	14	37.1587
12.1486	14	36.9835
12.2596	14	36.807
12.3706	14	36.6279
12.4816	14	36.4379
12.5926	14	36.2403
12.7036	14	36.0247
12.8146	14	35.7754
12.9257	14	35.5031
13.0367	14	35.1791
13.1477	14	34.7911
13.2587	14	34.3279
13.3697	14	33.7488
13.4807	14	33.0307
13.5917	14	32.1322
13.7027	14	-45.13
13.8137	14	-100
13.9247	14	-100
14.0358	14	-100
14.1468	14	-100
14.2578	14	-100
14.3688	14	-100
14.4798	14	-100
14.5908	14	-100
14.7018	14	-100
14.8128	14	-100
14.9238	14	-100
15.0348	14	-100
15.1459	14	-100
15.2569	14	-100
15.3679	14	-100
15.4789	14	-100
15.5899	14	-100
15.7009	14	-100
15.8119	14	-100
15.9229	14	-100
16.0339	14	-100
16.1449	14	-100
16.256	14	-100
16.367	14	-100
16.478	14	-100
16.589	14	-100
16.7	14	-100
5.71	15	-100
5.82101	15	44.0725
5.93202	15	44.3166
6.04303	15	44.5014
6.15404	15	44.6381
6.26505	15	44.7281
6.37606	15	44.7813
6.48707	15	44.7919
6.59808	15	44.7795
6.70909	15	44.746
6.8201	15	44.6923
6.93111	15	44.6274
7.04212	15	44.546
7.15313	15	44.4581
7.26414	15	44.3586
7.37515	15	44.2501
7.48616	15	44.136
7.59717	15	44.0146
7.70818	15	43.888
7.81919	15	43.7562
7.9302	15	43.6196
8.04121	15	43.4797
8.15222	15	43.3357
8.26323	15	43.1882
8.37424	15	43.0378
8.48525	15	42.8833
8.59626	15	42.7277
8.70727	15	42.5693
8.81828	15	42.4071
8.92929	15	42.2416
9.0403	15	42.0749
9.15131	15	41.9045
9.26232	15	41.7321
9.37333	15	41.5569
9.48434	15	41.3779
9.59535	15	41.1962
9.70636	15	41.0121
9.81737	15	40.8261
9.92838	15	40.6372
10.0394	15	40.4461
10.1504	15	40.2526
10.2614	15	40.0577
10.3724	15	39.8619
10.4834	15	39.666
10.5944	15	39.4686
10.7055	15	39.2715
10.8165	15	39.0749
10.9275	15	38.8796
11.0385	15	38.6849
11.1495	15	38.4921
11.2605	15	38.301
11.3715	15	38.1111
11.4825	15	37.9248
11.5935	15	37.7411
11.7045	15	37.5603
11.8156	15	37.3821
11.9266	15	37.2053
12.0376	15	37.0308
12.1486	15	36.8564
12.2596	15	36.6809
12.3706	15	36.5028
12.4816	15	36.3141
12.5926	15	36.1181
12.7036	15	35.9039
12.8146	15	35.6558
12.9257	15	35.3849
13.0367	15	35.0623
13.1477	15	34.6758
13.2587	15	34.2143
13.3697	15	33.637
13.4807	15	32.9203
13.5917	15	32.0227
13.7027	15	-45.2566
13.8137	15	-100
13.9247	15	-100
14.0358	15	-100
14.1468	15	-100
14.2578	15	-100
14.3688	15	-100
14.4798	15	-100
14.5908	15	-100
14.7018	15	-100
14.8128	15	-100
14.9238	15	-100
15.0348	15	-100
15.1459	15	-100
15.2569	15	-100
15.3679	15	-100
15.4789	15	-100
15.5899	15	-100
15.7009	15	-100
15.8119	15	-100
15.9229	15	-100
16.0339	15	-100
16.1449	15	-100
16.256	15	-100
16.367	15	-100
16.478	15	-100
16.589	15	-100
16.7	15	-100
5.71	16	-100
5.82101	16	43.9303
5.93202	16	44.1753
6.04303	16	44.361
6.15404	16	44.4986
6.26505	16	44.5894
6.37606	16	44.6432
6.48707	16	44.6542
6.59808	16	44.6422
6.70909	16	44.6091
6.8201	16	44.5557
6.93111	16	44.4911
7.04212	16	44.41
7.15313	16	44.3223
7.26414	16	44.2229
7.37515	16	44.1146
7.48616	16	44.0006
7.59717	16	43.8793
7.70818	16	43.7527
7.81919	16	43.621
7.9302	16	43.4845
8.04121	16	43.3445
8.15222	16	43.2005
8.26323	16	43.053
8.37424	16	42.9026
8.48525	16	42.748
8.59626	16	42.5923
8.70727	16	42.4338
8.81828	16	42.2715
8.92929	16	42.1058
9.0403	16	41.9387
9.15131	16	41.7681
9.26232	16	41.5955
9.37333	16	41.4201
9.48434	16	41.2407
9.59535	16	41.0584
9.70636	16	40.874
9.81737	16	40.6876
9.92838	16	40.4982
10.0394	16	40.3069
10.1504	16	40.113
10.2614	16	39.9178
10.3724	16	39.7218
10.4834	16	39.5258
10.5944	16	39.3283
10.7055	16	39.1314
10.8165	16	38.9349
10.9275	16	38.7399
11.0385	16	38.5457
11.1495	16	38.3534
11.2605	16	38.1628
11.3715	16	37.9736
11.4825	16	37.7877
11.5935	16	37.6048
11.7045	16	37.4246
11.8156	16	37.2471
11.9266	16	37.0714
12.0376	16	36.8976
12.1486	16	36.724
12.2596	16	36.5493
12.3706	16	36.3718
12.4816	16	36.1838
12.5926	16	35.989
12.7036	16	35.7761
12.8146	16	35.5292
12.9257	16	35.2593
13.0367	16	34.9374
13.1477	16	34.5517
13.2587	16	34.0912
13.3697	16	33.5147
13.4807	16	32.7982
13.5917	16	31.9002
13.7027	16	-45.3913
13.8137	16	-100
13.9247	16	-100
14.0358	16	-100
14.1468	16	-100
14.2578	16	-100
14.3688	16	-100
14.4798	16	-100
14.5908	16	-100
14.7018	16	-100
14.8128	16	-100
14.9238	16	-100
15.0348	16	-100
15.1459	16	-100
15.2569	16	-100
15.3679	16	-100
15.4789	16	-100
15.5899	16	-100
15.7009	16	-100
15.8119	16	-100
15.9229	16	-100
16.0339	16	-100
16.1449	16	-100
16.256	16	-100
16.367	16	-100
16.478	16	-100
16.589	16	-100
16.7	16	-100
5.71	17	-100
5.82101	17	43.777
5.93202	17	44.0235
6.04303	17	44.2106
6.15404	17	44.3494
6.26505	17	44.4411
6.37606	17	44.4956
6.48707	17	44.5073
6.59808	17	44.4957
6.70909	17	44.4631
6.8201	17	44.4101
6.93111	17	44.3458
7.04212	17	44.265
7.15313	17	44.1776
7.26414	17	44.0784
7.37515	17	43.9705
7.48616	17	43.8566
7.59717	17	43.7355
7.70818	17	43.6091
7.81919	17	43.4777
7.9302	17	43.3413
8.04121	17	43.2015
8.15222	17	43.0577
8.26323	17	42.9104
8.37424	17	42.7601
8.48525	17	42.6056
8.59626	17	42.4501
8.70727	17	42.292
8.81828	17	42.1299
8.92929	17	41.9644
9.0403	17	41.7975
9.15131	17	41.6272
9.26232	17	41.4549
9.37333	17	41.2798
9.48434	17	41.1006
9.59535	17	40.9184
9.70636	17	40.734
9.81737	17	40.5477
9.92838	17	40.3584
10.0394	17	40.167
10.1504	17	39.9728
10.2614	17	39.7774
10.3724	17	39.5811
10.4834	17	39.385
10.5944	17	39.1874
10.7055	17	38.9904
10.8165	17	38.7938
10.9275	17	38.5989
11.0385	17	38.4048
11.1495	17	38.2126
11.2605	17	38.0226
11.3715	17	37.8338
11.4825	17	37.6481
11.5935	17	37.4657
11.7045	17	37.2858
11.8156	17	37.1086
11.9266	17	36.9335
12.0376	17	36.7605
12.1486	17	36.5875
12.2596	17	36.4134
12.3706	17	36.2361
12.4816	17	36.0488
12.5926	17	35.8549
12.7036	17	35.6429
12.8146	17	35.3973
12.9257	17	35.1285
13.0367	17	34.8075
13.1477	17	34.4223
13.2587	17	33.9625
13.3697	17	33.3865
13.4807	17	32.67
13.5917	17	31.7714
13.7027	17	-45.5309
13.8137	17	-100
13.9247	17	-100
14.0358	17	-100
14.1468	17	-100
14.2578	17	-100
14.3688	17	-100
14.4798	17	-100
14.5908	17	-100
14.7018	17	-100
14.8128	17	-100
14.9238	17	-100
15.0348	17	-100
15.1459	17	-100
15.2569	17	-100
15.3679	17	-100
15.4789	17	-100
15.5899	17	-100
15.7009	17	-100
15.8119	17	-100
15.9229	17	-100
16.0339	17	-100
16.1449	17	-100
16.256	17	-100
16.367	17	-100
16.478	17	-100
16.589	17	-100
16.7	17	-100
5.71	18	-100
5.82101	18	43.6372
5.93202	18	43.8843
6.04303	18	44.072
6.15404	18	44.2107
6.26505	18	44.3023
6.37606	18	44.3567
6.48707	18	44.3681
6.59808	18	44.3563
6.70909	18	44.3235
6.8201	18	44.2703
6.93111	18	44.2058
7.04212	18	44.1248
7.15313	18	44.0373
7.26414	18	43.938
7.37515	18	43.8298
7.48616	18	43.7159
7.59717	18	43.5948
7.70818	18	43.4683
7.81919	18	43.3368
7.9302	18	43.2005
8.04121	18	43.0608
8.15222	18	42.917
8.26323	18	42.7698
8.37424	18	42.6197
8.48525	18	42.4654
8.59626	18	42.3101
8.70727	18	42.1522
8.81828	18	41.9904
8.92929	18	41.8254
9.0403	18	41.659
9.15131	18	41.4891
9.26232	18	41.3172
9.37333	18	41.1426
9.48434	18	40.964
9.59535	18	40.7825
9.70636	18	40.5988
9.81737	18	40.413
9.92838	18	40.2241
10.0394	18	40.033
10.1504	18	39.8395
10.2614	18	39.6444
10.3724	18	39.4486
10.4834	18	39.2529
10.5944	18	39.0559
10.7055	18	38.8596
10.8165	18	38.6639
10.9275	18	38.4699
11.0385	18	38.2768
11.1495	18	38.0857
11.2605	18	37.897
11.3715	18	37.7095
11.4825	18	37.5252
11.5935	18	37.3443
11.7045	18	37.1654
11.8156	18	36.9895
11.9266	18	36.8158
12.0376	18	36.6439
12.1486	18	36.4724
12.2596	18	36.2996
12.3706	18	36.1234
12.4816	18	35.9371
12.5926	18	35.7443
12.7036	18	35.5338
12.8146	18	35.29
12.9257	18	35.023
13.0367	18	34.7036
13.1477	18	34.3199
13.2587	18	33.8615
13.3697	18	33.2865
13.4807	18	32.571
13.5917	18	31.673
13.7027	18	-45.6422
13.8137	18	-100
13.9247	18	-100
14.0358	18	-100
14.1468	18	-100
14.2578	18	-100
14.3688	18	-100
14.4798	18	-100
14.5908	18	-100
14.7018	18	-100
14.8128	18	-100
14.9238	18	-100
15.0348	18	-100
15.1459	18	-100
15.2569	18	-100
15.3679	18	-100
15.4789	18	-100
15.5899	18	-100
15.7009	18	-100
15.8119	18	-100
15.9229	18	-100
16.0339	18	-100
16.1449	18	-100
16.256	18	-100
16.367	18	-100
16.478	18	-100
16.589	18	-100
16.7	18	-100
5.71	19	-100
5.82101	19	43.5023
5.93202	19	43.7495
6.04303	19	43.9367
6.15404	19	44.0747
6.26505	19	44.1654
6.37606	19	44.2191
6.48707	19	44.2298
6.59808	19	44.2175
6.70909	19	44.184
6.8201	19	44.1303
6.93111	19	44.0654
7.04212	19	43.9838
7.15313	19	43.8959
7.26414	19	43.7964
7.37515	19	43.6878
7.48616	19	43.5737
7.59717	19	43.4523
7.70818	19	43.3258
7.81919	19	43.1941
7.9302	19	43.0577
8.04121	19	42.9181
8.15222	19	42.7743
8.26323	19	42.6272
8.37424	19	42.4772
8.48525	19	42.3233
8.59626	19	42.1683
8.70727	19	42.0105
8.81828	19	41.8491
8.92929	19	41.6847
9.0403	19	41.519
9.15131	19	41.3498
9.26232	19	41.1785
9.37333	19	41.0046
9.48434	19	40.8268
9.59535	19	40.6463
9.70636	19	40.4636
9.81737	19	40.2788
9.92838	19	40.0906
10.0394	19	39.9004
10.1504	19	39.7078
10.2614	19	39.5137
10.3724	19	39.3186
10.4834	19	39.1236
10.5944	19	38.9275
10.7055	19	38.7323
10.8165	19	38.5378
10.9275	19	38.3451
11.0385	19	38.1531
11.1495	19	37.9635
11.2605	19	37.7763
11.3715	19	37.5902
11.4825	19	37.4075
11.5935	19	37.2281
11.7045	19	37.0505
11.8156	19	36.8759
11.9266	19	36.7031
12.0376	19	36.5324
12.1486	19	36.3622
12.2596	19	36.1906
12.3706	19	36.0154
12.4816	19	35.8299
12.5926	19	35.6376
12.7036	19	35.428
12.8146	19	35.1853
12.9257	19	34.9196
13.0367	19	34.6015
13.1477	19	34.2187
13.2587	19	33.7606
13.3697	19	33.1853
13.4807	19	32.4689
13.5917	19	31.569
13.7027	19	-45.7503
13.8137	19	-100
13.9247	19	-100
14.0358	19	-100
14.1468	19	-100
14.2578	19	-100
14.3688	19	-100
14.4798	19	-100
14.5908	19	-100
14.7018	19	-100
14.8128	19	-100
14.9238	19	-100
15.0348	19	-100
15.1459	19	-100
15.2569	19	-100
15.3679	19	-100
15.4789	19	-100
15.5899	19	-100
15.7009	19	-100
15.8119	19	-100
15.9229	19	-100
16.0339	19	-100
16.1449	19	-100
16.256	19	-100
16.367	19	-100
16.478	19	-100
16.589	19	-100
16.7	19	-100
5.71	20	-100
5.82101	20	43.3758
5.93202	20	43.6215
6.04303	20	43.8074
6.15404	20	43.9435
6.26505	20	44.0324
6.37606	20	44.0844
6.48707	20	44.0941
6.59808	20	44.0806
6.70909	20	44.046
6.8201	20	43.9914
6.93111	20	43.9256
7.04212	20	43.8433
7.15313	20	43.7548
7.26414	20	43.6549
7.37515	20	43.5457
7.48616	20	43.4312
7.59717	20	43.3096
7.70818	20	43.1828
7.81919	20	43.0509
7.9302	20	42.9144
8.04121	20	42.7747
8.15222	20	42.631
8.26323	20	42.4837
8.37424	20	42.334
8.48525	20	42.1806
8.59626	20	42.0258
8.70727	20	41.8683
8.81828	20	41.7073
8.92929	20	41.5437
9.0403	20	41.379
9.15131	20	41.2105
9.26232	20	41.0401
9.37333	20	40.8669
9.48434	20	40.6904
9.59535	20	40.5113
9.70636	20	40.3301
9.81737	20	40.1466
9.92838	20	39.9596
10.0394	20	39.7705
10.1504	20	39.5792
10.2614	20	39.3865
10.3724	20	39.1925
10.4834	20	38.9985
10.5944	20	38.8035
10.7055	20	38.6095
10.8165	20	38.4164
10.9275	20	38.2252
11.0385	20	38.0344
11.1495	20	37.8463
11.2605	20	37.6607
11.3715	20	37.4759
11.4825	20	37.295
11.5935	20	37.117
11.7045	20	36.9405
11.8156	20	36.7671
11.9266	20	36.5951
12.0376	20	36.425
12.1486	20	36.2557
12.2596	20	36.0848
12.3706	20	35.9105
12.4816	20	35.7256
12.5926	20	35.5335
12.7036	20	35.3243
12.8146	20	35.0823
12.9257	20	34.8174
13.0367	20	34.5003
13.1477	20	34.1183
13.2587	20	33.6601
13.3697	20	33.0839
13.4807	20	32.3658
13.5917	20	31.4628
13.7027	20	-45.8554
13.8137	20	-100
13.9247	20	-100
14.0358	20	-100
14.1468	20	-100
14.2578	20	-100
14.3688	20	-100
14.4798	20	-100
14.5908	20	-100
14.7018	20	-100
14.8128	20	-100
14.9238	20	-100
15.0348	20	-100
15.1459	20	-100
15.2569	20	-100
15.3679	20	-100
15.4789	20	-100
15.5899	20	-100
15.7009	20	-100
15.8119	20	-100
15.9229	20	-100
16.0339	20	-100
16.1449	20	-100
16.256	20	-100
16.367	20	-100
16.478	20	-100
16.589	20	-100
16.7	20	-100
5.71	21	-100
5.82101	21	43.2543
5.93202	21	43.497
6.04303	21	43.6798
6.15404	21	43.8128
6.26505	21	43.8987
6.37606	21	43.9484
6.48707	21	43.9564
6.59808	21	43.9413
6.70909	21	43.9051
6.8201	21	43.8495
6.93111	21	43.7826
7.04212	21	43.6992
7.15313	21	43.6098
7.26414	21	43.5094
7.37515	21	43.3995
7.48616	21	43.2845
7.59717	21	43.1626
7.70818	21	43.0357
7.81919	21	42.9033
7.9302	21	42.7668
8.04121	21	42.6272
8.15222	21	42.4833
8.26323	21	42.336
8.37424	21	42.1868
8.48525	21	42.0339
8.59626	21	41.8795
8.70727	21	41.7221
8.81828	21	41.5618
8.92929	21	41.3992
9.0403	21	41.2356
9.15131	21	41.0681
9.26232	21	40.8989
9.37333	21	40.7269
9.48434	21	40.5518
9.59535	21	40.3745
9.70636	21	40.1954
9.81737	21	40.0137
9.92838	21	39.8282
10.0394	21	39.6408
10.1504	21	39.4514
10.2614	21	39.2605
10.3724	21	39.068
10.4834	21	38.8755
10.5944	21	38.6816
10.7055	21	38.4889
10.8165	21	38.2975
10.9275	21	38.1077
11.0385	21	37.9183
11.1495	21	37.7317
11.2605	21	37.5473
11.3715	21	37.3639
11.4825	21	37.1845
11.5935	21	37.0076
11.7045	21	36.8322
11.8156	21	36.6598
11.9266	21	36.4883
12.0376	21	36.3185
12.1486	21	36.1495
12.2596	21	35.9789
12.3706	21	35.8051
12.4816	21	35.6204
12.5926	21	35.4285
12.7036	21	35.2195
12.8146	21	34.9775
12.9257	21	34.7131
13.0367	21	34.397
13.1477	21	34.0157
13.2587	21	33.5579
13.3697	21	32.9811
13.4807	21	32.2615
13.5917	21	31.3554
13.7027	21	-45.9593
13.8137	21	-100
13.9247	21	-100
14.0358	21	-100
14.1468	21	-100
14.2578	21	-100
14.3688	21	-100
14.4798	21	-100
14.5908	21	-100
14.7018	21	-100
14.8128	21	-100
14.9238	21	-100
15.0348	21	-100
15.1459	21	-100
15.2569	21	-100
15.3679	21	-100
15.4789	21	-100
15.5899	21	-100
15.7009	21	-100
15.8119	21	-100
15.9229	21	-100
16.0339	21	-100
16.1449	21	-100
16.256	21	-100
16.367	21	-100
16.478	21	-100
16.589	21	-100
16.7	21	-100
5.71	22	-100
5.82101	22	43.1087
5.93202	22	43.3503
6.04303	22	43.5322
6.15404	22	43.6636
6.26505	22	43.7482
6.37606	22	43.7964
6.48707	22	43.8033
6.59808	22	43.7873
6.70909	22	43.7503
6.8201	22	43.6939
6.93111	22	43.6264
7.04212	22	43.5425
7.15313	22	43.4526
7.26414	22	43.3517
7.37515	22	43.2416
7.48616	22	43.1262
7.59717	22	43.0041
7.70818	22	42.8771
7.81919	22	42.7448
7.9302	22	42.6082
8.04121	22	42.4687
8.15222	22	42.3252
8.26323	22	42.1782
8.37424	22	42.0293
8.48525	22	41.877
8.59626	22	41.7232
8.70727	22	41.5667
8.81828	22	41.4073
8.92929	22	41.2458
9.0403	22	41.0833
9.15131	22	40.9173
9.26232	22	40.7498
9.37333	22	40.5796
9.48434	22	40.4066
9.59535	22	40.2315
9.70636	22	40.0547
9.81737	22	39.8754
9.92838	22	39.6924
10.0394	22	39.5076
10.1504	22	39.3206
10.2614	22	39.1322
10.3724	22	38.9418
10.4834	22	38.7512
10.5944	22	38.5591
10.7055	22	38.368
10.8165	22	38.1782
10.9275	22	37.99
11.0385	22	37.8021
11.1495	22	37.617
11.2605	22	37.4337
11.3715	22	37.2516
11.4825	22	37.0734
11.5935	22	36.8971
11.7045	22	36.7228
11.8156	22	36.5511
11.9266	22	36.3797
12.0376	22	36.2102
12.1486	22	36.0407
12.2596	22	35.8698
12.3706	22	35.696
12.4816	22	35.5111
12.5926	22	35.3191
12.7036	22	35.1102
12.8146	22	34.8678
12.9257	22	34.6037
13.0367	22	34.2882
13.1477	22	33.9078
13.2587	22	33.4507
13.3697	22	32.8742
13.4807	22	32.1537
13.5917	22	31.2452
13.7027	22	-46.0645
13.8137	22	-100
13.9247	22	-100
14.0358	22	-100
14.1468	22	-100
14.2578	22	-100
14.3688	22	-100
14.4798	22	-100
14.5908	22	-100
14.7018	22	-100
14.8128	22	-100
14.9238	22	-100
15.0348	22	-100
15.1459	22	-100
15.2569	22	-100
15.3679	22	-100
15.4789	22	-100
15.5899	22	-100
15.7009	22	-100
15.8119	22	-100
15.9229	22	-100
16.0339	22	-100
16.1449	22	-100
16.256	22	-100
16.367	22	-100
16.478	22	-100
16.589	22	-100
16.7	22	-100
5.71	23	-100
5.82101	23	42.952
5.93202	23	43.1928
6.04303	23	43.3739
6.15404	23	43.5043
6.26505	23	43.5876
6.37606	23	43.6347
6.48707	23	43.6407
6.59808	23	43.6239
6.70909	23	43.5863
6.8201	23	43.5293
6.93111	23	43.4612
7.04212	23	43.3769
7.15313	23	43.2867
7.26414	23	43.1854
7.37515	23	43.0751
7.48616	23	42.9597
7.59717	23	42.8375
7.70818	23	42.7105
7.81919	23	42.5782
7.9302	23	42.4417
8.04121	23	42.3026
8.15222	23	42.1594
8.26323	23	42.0128
8.37424	23	41.8643
8.48525	23	41.7126
8.59626	23	41.5597
8.70727	23	41.4043
8.81828	23	41.2458
8.92929	23	41.0856
9.0403	23	40.9247
9.15131	23	40.7604
9.26232	23	40.5947
9.37333	23	40.4268
9.48434	23	40.2562
9.59535	23	40.0838
9.70636	23	39.9097
9.81737	23	39.7334
9.92838	23	39.5535
10.0394	23	39.372
10.1504	23	39.1882
10.2614	23	39.0026
10.3724	23	38.8149
10.4834	23	38.6268
10.5944	23	38.4367
10.7055	23	38.2473
10.8165	23	38.059
10.9275	23	37.8719
11.0385	23	37.6853
11.1495	23	37.5014
11.2605	23	37.3189
11.3715	23	37.1376
11.4825	23	36.9599
11.5935	23	36.7839
11.7045	23	36.6101
11.8156	23	36.4384
11.9266	23	36.2669
12.0376	23	36.097
12.1486	23	35.9265
12.2596	23	35.7546
12.3706	23	35.5799
12.4816	23	35.3941
12.5926	23	35.2019
12.7036	23	34.9924
12.8146	23	34.7496
12.9257	23	34.4855
13.0367	23	34.1706
13.1477	23	33.7912
13.2587	23	33.3355
13.3697	23	32.7603
13.4807	23	32.0403
13.5917	23	31.1314
13.7027	23	-46.1731
13.8137	23	-100
13.9247	23	-100
14.0358	23	-100
14.1468	23	-100
14.2578	23	-100
14.3688	23	-100
14.4798	23	-100
14.5908	23	-100
14.7018	23	-100
14.8128	23	-100
14.9238	23	-100
15.0348	23	-100
15.1459	23	-100
15.2569	23	-100
15.3679	23	-100
15.4789	23	-100
15.5899	23	-100
15.7009	23	-100
15.8119	23	-100
15.9229	23	-100
16.0339	23	-100
16.1449	23	-100
16.256	23	-100
16.367	23	-100
16.478	23	-100
16.589	23	-100
16.7	23	-100
5.71	24	-100
5.82101	24	42.7763
5.93202	24	43.0168
6.04303	24	43.1978
6.15404	24	43.3277
6.26505	24	43.4104
6.37606	24	43.4569
6.48707	24	43.4624
6.59808	24	43.4451
6.70909	24	43.4073
6.8201	24	43.3501
6.93111	24	43.2816
7.04212	24	43.1973
7.15313	24	43.1069
7.26414	24	43.0055
7.37515	24	42.8952
7.48616	24	42.7797
7.59717	24	42.6577
7.70818	24	42.5308
7.81919	24	42.3988
7.9302	24	42.2624
8.04121	24	42.1237
8.15222	24	41.9811
8.26323	24	41.835
8.37424	24	41.6871
8.48525	24	41.5362
8.59626	24	41.3843
8.70727	24	41.23
8.81828	24	41.0728
8.92929	24	40.914
9.0403	24	40.7547
9.15131	24	40.5924
9.26232	24	40.4288
9.37333	24	40.2632
9.48434	24	40.0954
9.59535	24	39.9259
9.70636	24	39.755
9.81737	24	39.5821
9.92838	24	39.4058
10.0394	24	39.2281
10.1504	24	39.0481
10.2614	24	38.866
10.3724	24	38.6816
10.4834	24	38.4964
10.5944	24	38.3087
10.7055	24	38.1213
10.8165	24	37.9344
10.9275	24	37.7481
11.0385	24	37.5623
11.1495	24	37.3789
11.2605	24	37.1968
11.3715	24	37.0158
11.4825	24	36.8377
11.5935	24	36.6615
11.7045	24	36.4873
11.8156	24	36.3148
11.9266	24	36.1428
12.0376	24	35.9719
12.1486	24	35.8
12.2596	24	35.6265
12.3706	24	35.4499
12.4816	24	35.2625
12.5926	24	35.0692
12.7036	24	34.8588
12.8146	24	34.6155
12.9257	24	34.3514
13.0367	24	34.0371
13.1477	24	33.6591
13.2587	24	33.2058
13.3697	24	32.6336
13.4807	24	31.9165
13.5917	24	31.0103
13.7027	24	-46.2911
13.8137	24	-100
13.9247	24	-100
14.0358	24	-100
14.1468	24	-100
14.2578	24	-100
14.3688	24	-100
14.4798	24	-100
14.5908	24	-100
14.7018	24	-100
14.8128	24	-100
14.9238	24	-100
15.0348	24	-100
15.1459	24	-100
15.2569	24	-100
15.3679	24	-100
15.4789	24	-100
15.5899	24	-100
15.7009	24	-100
15.8119	24	-100
15.9229	24	-100
16.0339	24	-100
16.1449	24	-100
16.256	24	-100
16.367	24	-100
16.478	24	-100
16.589	24	-100
16.7	24	-100
5.71	25	-100
5.82101	25	42.5683
5.93202	25	42.81
6.04303	25	42.9921
6.15404	25	43.1227
6.26505	25	43.2059
6.37606	25	43.253
6.48707	25	43.2587
6.59808	25	43.2417
6.70909	25	43.2041
6.8201	25	43.1471
6.93111	25	43.0789
7.04212	25	42.9948
7.15313	25	42.9046
7.26414	25	42.8034
7.37515	25	42.6934
7.48616	25	42.5782
7.59717	25	42.4563
7.70818	25	42.3299
7.81919	25	42.1982
7.9302	25	42.0624
8.04121	25	41.9242
8.15222	25	41.7821
8.26323	25	41.6368
8.37424	25	41.4897
8.48525	25	41.3397
8.59626	25	41.1889
8.70727	25	41.0358
8.81828	25	40.88
8.92929	25	40.7229
9.0403	25	40.5654
9.15131	25	40.4051
9.26232	25	40.244
9.37333	25	40.0811
9.48434	25	39.9164
9.59535	25	39.7502
9.70636	25	39.5831
9.81737	25	39.4142
9.92838	25	39.2422
10.0394	25	39.069
10.1504	25	38.8937
10.2614	25	38.7161
10.3724	25	38.536
10.4834	25	38.3548
10.5944	25	38.1706
10.7055	25	37.986
10.8165	25	37.8009
10.9275	25	37.6158
11.0385	25	37.4307
11.1495	25	37.2474
11.2605	25	37.0654
11.3715	25	36.8839
11.4825	25	36.705
11.5935	25	36.5282
11.7045	25	36.3527
11.8156	25	36.1788
11.9266	25	36.0055
12.0376	25	35.8331
12.1486	25	35.6592
12.2596	25	35.4836
12.3706	25	35.3042
12.4816	25	35.1144
12.5926	25	34.9191
12.7036	25	34.7071
12.8146	25	34.4629
12.9257	25	34.1986
13.0367	25	33.8849
13.1477	25	33.5087
13.2587	25	33.0587
13.3697	25	32.4914
13.4807	25	31.7801
13.5917	25	30.8806
13.7027	25	-46.42
13.8137	25	-100
13.9247	25	-100
14.0358	25	-100
14.1468	25	-100
14.2578	25	-100
14.3688	25	-100
14.4798	25	-100
14.5908	25	-100
14.7018	25	-100
14.8128	25	-100
14.9238	25	-100
15.0348	25	-100
15.1459	25	-100
15.2569	25	-100
15.3679	25	-100
15.4789	25	-100
15.5899	25	-100
15.7009	25	-100
15.8119	25	-100
15.9229	25	-100
16.0339	25	-100
16.1449	25	-100
16.256	25	-100
16.367	25	-100
16.478	25	-100
16.589	25	-100
16.7	25	-100
5.71	26	-100
5.82101	26	42.3182
5.93202	26	42.5621
6.04303	26	42.7464
6.15404	26	42.8788
6.26505	26	42.9634
6.37606	26	43.0116
6.48707	26	43.0184
6.59808	26	43.0023
6.70909	26	42.9654
6.8201	26	42.909
6.93111	26	42.8414
7.04212	26	42.7577
7.15313	26	42.6681
7.26414	26	42.5675
7.37515	26	42.4579
7.48616	26	42.3433
7.59717	26	42.222
7.70818	26	42.0961
7.81919	26	41.965
7.9302	26	41.8298
8.04121	26	41.6923
8.15222	26	41.5509
8.26323	26	41.4065
8.37424	26	41.2605
8.48525	26	41.1114
8.59626	26	40.9619
8.70727	26	40.8102
8.81828	26	40.6559
8.92929	26	40.5008
9.0403	26	40.3453
9.15131	26	40.1875
9.26232	26	40.0291
9.37333	26	39.8693
9.48434	26	39.708
9.59535	26	39.5457
9.70636	26	39.383
9.81737	26	39.2189
9.92838	26	39.0521
10.0394	26	38.8846
10.1504	26	38.7153
10.2614	26	38.544
10.3724	26	38.37
10.4834	26	38.1949
10.5944	26	38.0163
10.7055	26	37.8366
10.8165	26	37.6553
10.9275	26	37.4731
11.0385	26	37.2897
11.1495	26	37.1071
11.2605	26	36.9252
11.3715	26	36.7434
11.4825	26	36.5634
11.5935	26	36.3855
11.7045	26	36.2083
11.8156	26	36.0325
11.9266	26	35.8572
12.0376	26	35.6825
12.1486	26	35.5063
12.2596	26	35.3278
12.3706	26	35.1451
12.4816	26	34.9519
12.5926	26	34.7534
12.7036	26	34.5386
12.8146	26	34.2927
12.9257	26	34.0274
13.0367	26	33.7139
13.1477	26	33.3397
13.2587	26	32.894
13.3697	26	32.3336
13.4807	26	31.6315
13.5917	26	30.744
13.7027	26	-46.5574
13.8137	26	-100
13.9247	26	-100
14.0358	26	-100
14.1468	26	-100
14.2578	26	-100
14.3688	26	-100
14.4798	26	-100
14.5908	26	-100
14.7018	26	-100
14.8128	26	-100
14.9238	26	-100
15.0348	26	-100
15.1459	26	-100
15.2569	26	-100
15.3679	26	-100
15.4789	26	-100
15.5899	26	-100
15.7009	26	-100
15.8119	26	-100
15.9229	26	-100
16.0339	26	-100
16.1449	26	-100
16.256	26	-100
16.367	26	-100
16.478	26	-100
16.589	26	-100
16.7	26	-100
5.71	27	-100
5.82101	27	42.0006
5.93202	27	42.2472
6.04303	27	42.4342
6.15404	27	42.5689
6.26505	27	42.6556
6.37606	27	42.7056
6.48707	27	42.7138
6.59808	27	42.6989
6.70909	27	42.663
6.8201	27	42.6075
6.93111	27	42.5409
7.04212	27	42.458
7.15313	27	42.3693
7.26414	27	42.2694
7.37515	27	42.1605
7.48616	27	42.0466
7.59717	27	41.9261
7.70818	27	41.8009
7.81919	27	41.6705
7.9302	27	41.5362
8.04121	27	41.3996
8.15222	27	41.2591
8.26323	27	41.1157
8.37424	27	40.9709
8.48525	27	40.8231
8.59626	27	40.675
8.70727	27	40.5249
8.81828	27	40.3726
8.92929	27	40.2195
9.0403	27	40.0666
9.15131	27	39.9115
9.26232	27	39.7563
9.37333	27	39.6
9.48434	27	39.4428
9.59535	27	39.2852
9.70636	27	39.1277
9.81737	27	38.9696
9.92838	27	38.8093
10.0394	27	38.649
10.1504	27	38.4876
10.2614	27	38.3247
10.3724	27	38.1598
10.4834	27	37.994
10.5944	27	37.8249
10.7055	27	37.6542
10.8165	27	37.4814
10.9275	27	37.3065
11.0385	27	37.1285
11.1495	27	36.9501
11.2605	27	36.7705
11.3715	27	36.5894
11.4825	27	36.4093
11.5935	27	36.2302
11.7045	27	36.0509
11.8156	27	35.8727
11.9266	27	35.6946
12.0376	27	35.5166
12.1486	27	35.3371
12.2596	27	35.1549
12.3706	27	34.9676
12.4816	27	34.7696
12.5926	27	34.5657
12.7036	27	34.3461
12.8146	27	34.096
12.9257	27	33.8271
13.0367	27	33.5116
13.1477	27	33.1371
13.2587	27	32.6935
13.3697	27	32.1388
13.4807	27	31.4465
13.5917	27	30.5732
13.7027	27	-46.7164
13.8137	27	-100
13.9247	27	-100
14.0358	27	-100
14.1468	27	-100
14.2578	27	-100
14.3688	27	-100
14.4798	27	-100
14.5908	27	-100
14.7018	27	-100
14.8128	27	-100
14.9238	27	-100
15.0348	27	-100
15.1459	27	-100
15.2569	27	-100
15.3679	27	-100
15.4789	27	-100
15.5899	27	-100
15.7009	27	-100
15.8119	27	-100
15.9229	27	-100
16.0339	27	-100
16.1449	27	-100
16.256	27	-100
16.367	27	-100
16.478	27	-100
16.589	27	-100
16.7	27	-100
5.71	28	-100
5.82101	28	41.5189
5.93202	28	41.7693
6.04303	28	41.9604
6.15404	28	42.0988
6.26505	28	42.1889
6.37606	28	42.2416
6.48707	28	42.2519
6.59808	28	42.239
6.70909	28	42.2049
6.8201	28	42.151
6.93111	28	42.0858
7.04212	28	42.0043
7.15313	28	41.9168
7.26414	28	41.818
7.37515	28	41.7103
7.48616	28	41.5975
7.59717	28	41.4778
7.70818	28	41.3537
7.81919	28	41.2245
7.9302	28	41.0912
8.04121	28	40.9556
8.15222	28	40.8163
8.26323	28	40.6742
8.37424	28	40.5307
8.48525	28	40.3843
8.59626	28	40.2378
8.70727	28	40.0897
8.81828	28	39.9395
8.92929	28	39.7886
9.0403	28	39.638
9.15131	28	39.486
9.26232	28	39.3343
9.37333	28	39.182
9.48434	28	39.0292
9.59535	28	38.8766
9.70636	28	38.7249
9.81737	28	38.5735
9.92838	28	38.4209
10.0394	28	38.2693
10.1504	28	38.1177
10.2614	28	37.9657
10.3724	28	37.8132
10.4834	28	37.6608
10.5944	28	37.5063
10.7055	28	37.3514
10.8165	28	37.195
10.9275	28	37.0366
11.0385	28	36.8745
11.1495	28	36.711
11.2605	28	36.5445
11.3715	28	36.3737
11.4825	28	36.2014
11.5935	28	36.0267
11.7045	28	35.8489
11.8156	28	35.6702
11.9266	28	35.4893
12.0376	28	35.3076
12.1486	28	35.1236
12.2596	28	34.9361
12.3706	28	34.7431
12.4816	28	34.5384
12.5926	28	34.3268
12.7036	28	34.0991
12.8146	28	33.8408
12.9257	28	33.5639
13.0367	28	33.2412
13.1477	28	32.8606
13.2587	28	32.4126
13.3697	28	31.857
13.4807	28	31.1685
13.5917	28	30.3057
13.7027	28	-46.9423
13.8137	28	-100
13.9247	28	-100
14.0358	28	-100
14.1468	28	-100
14.2578	28	-100
14.3688	28	-100
14.4798	28	-100
14.5908	28	-100
14.7018	28	-100
14.8128	28	-100
14.9238	28	-100
15.0348	28	-100
15.1459	28	-100
15.2569	28	-100
15.3679	28	-100
15.4789	28	-100
15.5899	28	-100
15.7009	28	-100
15.8119	28	-100
15.9229	28	-100
16.0339	28	-100
16.1449	28	-100
16.256	28	-100
16.367	28	-100
16.478	28	-100
16.589	28	-100
16.7	28	-100
5.71	29	-100
5.82101	29	-109.119
5.93202	29	-108.795
6.04303	29	-108.5
6.15404	29	-108.231
6.26505	29	-107.989
6.37606	29	-107.77
6.48707	29	-107.58
6.59808	29	-107.404
6.70909	29	-107.242
6.8201	29	-107.093
6.93111	29	-106.952
7.04212	29	-106.824
7.15313	29	-106.699
7.26414	29	-106.584
7.37515	29	-106.475
7.48616	29	-106.371
7.59717	29	-106.273
7.70818	29	-106.179
7.81919	29	-106.09
7.9302	29	-106.004
8.04121	29	-105.921
8.15222	29	-105.841
8.26323	29	-105.764
8.37424	29	-105.689
8.48525	29	-105.617
8.59626	29	-105.546
8.70727	29	-105.476
8.81828	29	-105.41
8.92929	29	-105.344
9.0403	29	-105.279
9.15131	29	-105.216
9.26232	29	-105.154
9.37333	29	-105.093
9.48434	29	-105.033
9.59535	29	-104.975
9.70636	29	-104.916
9.81737	29	-104.858
9.92838	29	-104.802
10.0394	29	-104.746
10.1504	29	-104.691
10.2614	29	-104.636
10.3724	29	-104.582
10.4834	29	-104.528
10.5944	29	-104.475
10.7055	29	-104.423
10.8165	29	-104.371
10.9275	29	-104.32
11.0385	29	-104.268
11.1495	29	-104.218
11.2605	29	-104.168
11.3715	29	-104.119
11.4825	29	-104.07
11.5935	29	-104.021
11.7045	29	-103.972
11.8156	29	-103.924
11.9266	29	-103.877
12.0376	29	-103.829
12.1486	29	-103.783
12.2596	29	-103.737
12.3706	29	-103.692
12.4816	29	-103.647
12.5926	29	-103.603
12.7036	29	-103.56
12.8146	29	-103.517
12.9257	29	-103.473
13.0367	29	-103.428
13.1477	29	-103.384
13.2587	29	-103.335
13.3697	29	-103.279
13.4807	29	-103.225
13.5917	29	-103.153
13.7027	29	-103.077
13.8137	29	-100
13.9247	29	-100
14.0358	29	-100
14.1468	29	-100
14.2578	29	-100
14.3688	29	-100
14.4798	29	-100
14.5908	29	-100
14.7018	29	-100
14.8128	29	-100
14.9238	29	-100
15.0348	29	-100
15.1459	29	-100
15.2569	29	-100
15.3679	29	-100
15.4789	29	-100
15.5899	29	-100
15.7009	29	-100
15.8119	29	-100
15.9229	29	-100
16.0339	29	-100
16.1449	29	-100
16.256	29	-100
16.367	29	-100
16.478	29	-100
16.589	29	-100
16.7	29	-100
