5.71	0	0.0751617	48.0917
5.82101	0	0.0751617	47.7666
5.93202	0	0.0751617	47.4881
6.04303	0	0.0751617	47.233
6.15404	0	0.0751617	46.9899
6.26505	0	0.0751617	46.7529
6.37606	0	0.0751617	46.518
6.48707	0	0.0751617	46.2853
6.59808	0	0.0751617	46.0526
6.70909	0	0.0751617	45.8203
6.8201	0	0.0751617	45.5895
6.93111	0	0.0751617	45.3609
7.04212	0	0.0751617	45.1367
7.15313	0	0.0751617	44.9217
7.26414	0	0.0751617	44.7151
7.37515	0	0.0751617	44.5189
7.48616	0	0.0751617	44.3296
7.59717	0	0.0751617	44.1444
7.70818	0	0.0751617	43.9593
7.81919	0	0.0751617	43.7697
7.9302	0	0.0751617	43.5718
8.04121	0	0.0751617	43.3505
8.15222	0	0.0751617	43.115
8.26323	0	0.0751617	42.8667
8.37424	0	0.0751617	42.6133
8.48525	0	0.0751617	42.3681
8.59626	0	0.0751617	42.1409
8.70727	0	0.0751617	41.9414
8.81828	0	0.0751617	41.761
8.92929	0	0.0751617	41.5802
9.0403	0	0.0751617	41.3906
9.15131	0	0.0751617	41.1843
9.26232	0	0.0751617	40.9626
9.37333	0	0.0751617	40.7229
9.48434	0	0.0751617	40.4666
9.59535	0	0.0751617	40.2009
9.70636	0	0.0751617	39.9276
9.81737	0	0.0751617	39.6514
9.92838	0	0.0751617	39.3657
10.0394	0	0.0751617	39.0755
10.1504	0	0.0751617	38.7811
10.2614	0	0.0751617	38.4753
10.3724	0	0.0751617	38.1616
10.4834	0	0.0751617	37.8417
10.5944	0	0.0751617	37.5104
10.7055	0	0.0751617	37.1725
10.8165	0	0.0751617	36.8307
10.9275	0	0.0751617	36.484
11.0385	0	0.0751617	36.1316
11.1495	0	0.0751617	35.7725
11.2605	0	0.0751617	35.4042
11.3715	0	0.0751617	35.0231
11.4825	0	0.0751617	34.6409
11.5935	0	0.0751617	34.2794
11.7045	0	0.0751617	33.9873
11.8156	0	0.0751617	33.7648
11.9266	0	0.0751617	33.5793
12.0376	0	0.0751617	33.4238
12.1486	0	0.0751617	33.2599
12.2596	0	0.0751617	33.0889
12.3706	0	0.0751617	32.9021
12.4816	0	0.0751617	32.7075
12.5926	0	0.0751617	32.4979
12.7036	0	0.0751617	32.2735
12.8146	0	0.0751617	32.0191
12.9257	0	0.0751617	31.7207
13.0367	0	0.0751617	31.3705
13.1477	0	0.0751617	30.9453
13.2587	0	0.0751617	30.4261
13.3697	0	0.0751617	29.7934
13.4807	0	0.0751617	28.9316
13.5917	0	0.0751617	27.7572
13.7027	0	0.0751617	25.9581
13.8137	0	0.0751617	24.228
13.9247	0	0.0751617	22.4697
14.0358	0	0.0751617	20.6591
14.1468	0	0.0751617	19.4079
14.2578	0	0.0751617	18.2924
14.3688	0	0.0751617	16.9973
14.4798	0	0.0751617	15.4163
14.5908	0	0.0751617	13.4445
14.7018	0	0.0751617	10.7496
14.8128	0	0.0751617	6.48156
14.9238	0	0.0751617	-0.230577
15.0348	0	0.0751617	-10.1822
15.1459	0	0.0751617	-23.7518
15.2569	0	0.0751617	-40.6682
15.3679	0	0.0751617	-60.2126
15.4789	0	0.0751617	-64.8584
15.5899	0	0.0751617	-65.329
15.7009	0	0.0751617	-65.8146
15.8119	0	0.0751617	-66.3181
15.9229	0	0.0751617	-66.8363
16.0339	0	0.0751617	-67.3649
16.1449	0	0.0751617	-67.8998
16.256	0	0.0751617	-68.4486
16.367	0	0.0751617	-69.0172
16.478	0	0.0751617	-69.6265
16.589	0	0.0751617	-70.3428
16.7	0	0.0751617	-71.3741
5.71	1	0.140371	48.3164
5.82101	1	0.140371	48.0184
5.93202	1	0.140371	47.7594
6.04303	1	0.140371	47.5211
6.15404	1	0.140371	47.2886
6.26505	1	0.140371	47.059
6.37606	1	0.140371	46.8293
6.48707	1	0.140371	46.5979
6.59808	1	0.140371	46.3653
6.70909	1	0.140371	46.1319
6.8201	1	0.140371	45.9003
6.93111	1	0.140371	45.6708
7.04212	1	0.140371	45.4465
7.15313	1	0.140371	45.2306
7.26414	1	0.140371	45.0218
7.37515	1	0.140371	44.822
7.48616	1	0.140371	44.6266
7.59717	1	0.140371	44.4332
7.70818	1	0.140371	44.2377
7.81919	1	0.140371	44.0383
7.9302	1	0.140371	43.8322
8.04121	1	0.140371	43.5989
8.15222	1	0.140371	43.3549
8.26323	1	0.140371	43.1062
8.37424	1	0.140371	42.8606
8.48525	1	0.140371	42.6256
8.59626	1	0.140371	42.4083
8.70727	1	0.140371	42.2111
8.81828	1	0.140371	42.0259
8.92929	1	0.140371	41.8368
9.0403	1	0.140371	41.6375
9.15131	1	0.140371	41.4205
9.26232	1	0.140371	41.1875
9.37333	1	0.140371	40.9359
9.48434	1	0.140371	40.6676
9.59535	1	0.140371	40.3903
9.70636	1	0.140371	40.1053
9.81737	1	0.140371	39.8178
9.92838	1	0.140371	39.5195
10.0394	1	0.140371	39.2157
10.1504	1	0.140371	38.9055
10.2614	1	0.140371	38.5817
10.3724	1	0.140371	38.2485
10.4834	1	0.140371	37.9087
10.5944	1	0.140371	37.5571
10.7055	1	0.140371	37.2005
10.8165	1	0.140371	36.8409
10.9275	1	0.140371	36.4774
11.0385	1	0.140371	36.1053
11.1495	1	0.140371	35.7247
11.2605	1	0.140371	35.3347
11.3715	1	0.140371	34.9354
11.4825	1	0.140371	34.5489
11.5935	1	0.140371	34.2135
11.7045	1	0.140371	33.9837
11.8156	1	0.140371	33.8335
11.9266	1	0.140371	33.7008
12.0376	1	0.140371	33.5667
12.1486	1	0.140371	33.4142
12.2596	1	0.140371	33.246
12.3706	1	0.140371	33.0571
12.4816	1	0.140371	32.8504
12.5926	1	0.140371	32.6188
12.7036	1	0.140371	32.3649
12.8146	1	0.140371	32.0743
12.9257	1	0.140371	31.7307
13.0367	1	0.140371	31.3223
13.1477	1	0.140371	30.8188
13.2587	1	0.140371	30.2106
13.3697	1	0.140371	29.478
13.4807	1	0.140371	28.4637
13.5917	1	0.140371	27.1679
13.7027	1	0.140371	25.3655
13.8137	1	0.140371	23.7198
13.9247	1	0.140371	22.0409
14.0358	1	0.140371	20.5272
14.1468	1	0.140371	19.3978
14.2578	1	0.140371	18.2316
14.3688	1	0.140371	16.8545
14.4798	1	0.140371	15.1689
14.5908	1	0.140371	13.0455
14.7018	1	0.140371	10.0498
14.8128	1	0.140371	5.13496
14.9238	1	0.140371	-2.66396
15.0348	1	0.140371	-14.0749
15.1459	1	0.140371	-28.9715
15.2569	1	0.140371	-48.2435
15.3679	1	0.140371	-62.8898
15.4789	1	0.140371	-63.9122
15.5899	1	0.140371	-64.3736
15.7009	1	0.140371	-64.8529
15.8119	1	0.140371	-65.3519
15.9229	1	0.140371	-65.8671
16.0339	1	0.140371	-66.3937
16.1449	1	0.140371	-66.9274
16.256	1	0.140371	-67.4754
16.367	1	0.140371	-68.0434
16.478	1	0.140371	-68.6522
16.589	1	0.140371	-69.3682
16.7	1	0.140371	-70.3991
5.71	2	0.20558	48.5489
5.82101	2	0.20558	48.2479
5.93202	2	0.20558	47.9883
6.04303	2	0.20558	47.7503
6.15404	2	0.20558	47.521
6.26505	2	0.20558	47.2963
6.37606	2	0.20558	47.0724
6.48707	2	0.20558	46.8472
6.59808	2	0.20558	46.6203
6.70909	2	0.20558	46.3919
6.8201	2	0.20558	46.1641
6.93111	2	0.20558	45.9366
7.04212	2	0.20558	45.7113
7.15313	2	0.20558	45.4888
7.26414	2	0.20558	45.2681
7.37515	2	0.20558	45.0493
7.48616	2	0.20558	44.8323
7.59717	2	0.20558	44.6175
7.70818	2	0.20558	44.4028
7.81919	2	0.20558	44.1886
7.9302	2	0.20558	43.9741
8.04121	2	0.20558	43.7586
8.15222	2	0.20558	43.5408
8.26323	2	0.20558	43.3207
8.37424	2	0.20558	43.0978
8.48525	2	0.20558	42.8765
8.59626	2	0.20558	42.6631
8.70727	2	0.20558	42.4621
8.81828	2	0.20558	42.2688
8.92929	2	0.20558	42.0704
9.0403	2	0.20558	41.8616
9.15131	2	0.20558	41.6351
9.26232	2	0.20558	41.3922
9.37333	2	0.20558	41.1309
9.48434	2	0.20558	40.853
9.59535	2	0.20558	40.5666
9.70636	2	0.20558	40.2723
9.81737	2	0.20558	39.9751
9.92838	2	0.20558	39.6654
10.0394	2	0.20558	39.3488
10.1504	2	0.20558	39.0233
10.2614	2	0.20558	38.6829
10.3724	2	0.20558	38.3323
10.4834	2	0.20558	37.9751
10.5944	2	0.20558	37.6073
10.7055	2	0.20558	37.2365
10.8165	2	0.20558	36.8638
10.9275	2	0.20558	36.4873
11.0385	2	0.20558	36.1011
11.1495	2	0.20558	35.7089
11.2605	2	0.20558	35.3148
11.3715	2	0.20558	34.9281
11.4825	2	0.20558	34.5808
11.5935	2	0.20558	34.3091
11.7045	2	0.20558	34.13
11.8156	2	0.20558	34.0009
11.9266	2	0.20558	33.8813
12.0376	2	0.20558	33.7506
12.1486	2	0.20558	33.5964
12.2596	2	0.20558	33.4205
12.3706	2	0.20558	33.2233
12.4816	2	0.20558	33.0026
12.5926	2	0.20558	32.7526
12.7036	2	0.20558	32.4713
12.8146	2	0.20558	32.1444
12.9257	2	0.20558	31.7552
13.0367	2	0.20558	31.2966
13.1477	2	0.20558	30.7215
13.2587	2	0.20558	30.0321
13.3697	2	0.20558	29.2021
13.4807	2	0.20558	28.0735
13.5917	2	0.20558	26.7074
13.7027	2	0.20558	25.0051
13.8137	2	0.20558	23.3994
13.9247	2	0.20558	21.7899
14.0358	2	0.20558	20.4665
14.1468	2	0.20558	19.3384
14.2578	2	0.20558	18.1121
14.3688	2	0.20558	16.663
14.4798	2	0.20558	14.8926
14.5908	2	0.20558	12.6547
14.7018	2	0.20558	9.45659
14.8128	2	0.20558	4.1714
14.9238	2	0.20558	-4.19172
15.0348	2	0.20558	-16.2086
15.1459	2	0.20558	-31.8431
15.2569	2	0.20558	-52.2694
15.3679	2	0.20558	-62.7797
15.4789	2	0.20558	-63.215
15.5899	2	0.20558	-63.6624
15.7009	2	0.20558	-64.1292
15.8119	2	0.20558	-64.6174
15.9229	2	0.20558	-65.1235
16.0339	2	0.20558	-65.643
16.1449	2	0.20558	-66.1713
16.256	2	0.20558	-66.7153
16.367	2	0.20558	-67.2805
16.478	2	0.20558	-67.8873
16.589	2	0.20558	-68.602
16.7	2	0.20558	-69.6322
5.71	3	0.27079	48.8413
5.82101	3	0.27079	48.5395
5.93202	3	0.27079	48.2797
6.04303	3	0.27079	48.0415
6.15404	3	0.27079	47.8119
6.26505	3	0.27079	47.5863
6.37606	3	0.27079	47.3612
6.48707	3	0.27079	47.1348
6.59808	3	0.27079	46.9072
6.70909	3	0.27079	46.6785
6.8201	3	0.27079	46.451
6.93111	3	0.27079	46.2234
7.04212	3	0.27079	45.9975
7.15313	3	0.27079	45.7729
7.26414	3	0.27079	45.5492
7.37515	3	0.27079	45.3264
7.48616	3	0.27079	45.1049
7.59717	3	0.27079	44.8856
7.70818	3	0.27079	44.6664
7.81919	3	0.27079	44.4477
7.9302	3	0.27079	44.2282
8.04121	3	0.27079	44.0071
8.15222	3	0.27079	43.7834
8.26323	3	0.27079	43.5571
8.37424	3	0.27079	43.3282
8.48525	3	0.27079	43.101
8.59626	3	0.27079	42.8818
8.70727	3	0.27079	42.6745
8.81828	3	0.27079	42.4739
8.92929	3	0.27079	42.267
9.0403	3	0.27079	42.0492
9.15131	3	0.27079	41.8135
9.26232	3	0.27079	41.5612
9.37333	3	0.27079	41.2909
9.48434	3	0.27079	41.0044
9.59535	3	0.27079	40.7093
9.70636	3	0.27079	40.406
9.81737	3	0.27079	40.0982
9.92838	3	0.27079	39.7761
10.0394	3	0.27079	39.4448
10.1504	3	0.27079	39.1023
10.2614	3	0.27079	38.7435
10.3724	3	0.27079	38.3739
10.4834	3	0.27079	37.9989
10.5944	3	0.27079	37.6154
10.7055	3	0.27079	37.2316
10.8165	3	0.27079	36.8476
10.9275	3	0.27079	36.4616
11.0385	3	0.27079	36.0707
11.1495	3	0.27079	35.6847
11.2605	3	0.27079	35.3158
11.3715	3	0.27079	34.9804
11.4825	3	0.27079	34.7007
11.5935	3	0.27079	34.4863
11.7045	3	0.27079	34.3282
11.8156	3	0.27079	34.1962
11.9266	3	0.27079	34.067
12.0376	3	0.27079	33.9294
12.1486	3	0.27079	33.7699
12.2596	3	0.27079	33.5847
12.3706	3	0.27079	33.3751
12.4816	3	0.27079	33.1381
12.5926	3	0.27079	32.8662
12.7036	3	0.27079	32.5565
12.8146	3	0.27079	32.1918
12.9257	3	0.27079	31.7492
13.0367	3	0.27079	31.2296
13.1477	3	0.27079	30.5747
13.2587	3	0.27079	29.7893
13.3697	3	0.27079	28.8385
13.4807	3	0.27079	27.5679
13.5917	3	0.27079	26.1339
13.7027	3	0.27079	24.5547
13.8137	3	0.27079	22.9674
13.9247	3	0.27079	21.4865
14.0358	3	0.27079	20.2978
14.1468	3	0.27079	19.1294
14.2578	3	0.27079	17.8171
14.3688	3	0.27079	16.2615
14.4798	3	0.27079	14.3526
14.5908	3	0.27079	11.9064
14.7018	3	0.27079	8.29727
14.8128	3	0.27079	2.22669
14.9238	3	0.27079	-7.30437
15.0348	3	0.27079	-20.3361
15.1459	3	0.27079	-37.6515
15.2569	3	0.27079	-56.8087
15.3679	3	0.27079	-62.2055
15.4789	3	0.27079	-62.6132
15.5899	3	0.27079	-63.0452
15.7009	3	0.27079	-63.4974
15.8119	3	0.27079	-63.9726
15.9229	3	0.27079	-64.4677
16.0339	3	0.27079	-64.9783
16.1449	3	0.27079	-65.4999
16.256	3	0.27079	-66.0392
16.367	3	0.27079	-66.6013
16.478	3	0.27079	-67.2064
16.589	3	0.27079	-67.9203
16.7	3	0.27079	-68.9503
5.71	4	0.335999	49.0944
5.82101	4	0.335999	48.793
5.93202	4	0.335999	48.5339
6.04303	4	0.335999	48.2968
6.15404	4	0.335999	48.0673
6.26505	4	0.335999	47.8415
6.37606	4	0.335999	47.6157
6.48707	4	0.335999	47.389
6.59808	4	0.335999	47.1613
6.70909	4	0.335999	46.9328
6.8201	4	0.335999	46.7057
6.93111	4	0.335999	46.4779
7.04212	4	0.335999	46.2509
7.15313	4	0.335999	46.0241
7.26414	4	0.335999	45.7975
7.37515	4	0.335999	45.5711
7.48616	4	0.335999	45.346
7.59717	4	0.335999	45.1227
7.70818	4	0.335999	44.8995
7.81919	4	0.335999	44.6763
7.9302	4	0.335999	44.4517
8.04121	4	0.335999	44.2247
8.15222	4	0.335999	43.9949
8.26323	4	0.335999	43.7623
8.37424	4	0.335999	43.5275
8.48525	4	0.335999	43.2942
8.59626	4	0.335999	43.0687
8.70727	4	0.335999	42.8541
8.81828	4	0.335999	42.6457
8.92929	4	0.335999	42.4305
9.0403	4	0.335999	42.2045
9.15131	4	0.335999	41.9606
9.26232	4	0.335999	41.7002
9.37333	4	0.335999	41.4216
9.48434	4	0.335999	41.1268
9.59535	4	0.335999	40.8227
9.70636	4	0.335999	40.5091
9.81737	4	0.335999	40.1888
9.92838	4	0.335999	39.8519
10.0394	4	0.335999	39.5037
10.1504	4	0.335999	39.1422
10.2614	4	0.335999	38.763
10.3724	4	0.335999	38.3731
10.4834	4	0.335999	37.9803
10.5944	4	0.335999	37.5827
10.7055	4	0.335999	37.1891
10.8165	4	0.335999	36.8005
10.9275	4	0.335999	36.4176
11.0385	4	0.335999	36.0452
11.1495	4	0.335999	35.698
11.2605	4	0.335999	35.3883
11.3715	4	0.335999	35.1212
11.4825	4	0.335999	34.8948
11.5935	4	0.335999	34.7053
11.7045	4	0.335999	34.5467
11.8156	4	0.335999	34.4016
11.9266	4	0.335999	34.2563
12.0376	4	0.335999	34.1038
12.1486	4	0.335999	33.9324
12.2596	4	0.335999	33.7362
12.3706	4	0.335999	33.513
12.4816	4	0.335999	33.2571
12.5926	4	0.335999	32.9587
12.7036	4	0.335999	32.6151
12.8146	4	0.335999	32.2053
12.9257	4	0.335999	31.702
13.0367	4	0.335999	31.1057
13.1477	4	0.335999	30.3523
13.2587	4	0.335999	29.4499
13.3697	4	0.335999	28.3652
13.4807	4	0.335999	26.9706
13.5917	4	0.335999	25.5143
13.7027	4	0.335999	24.0178
13.8137	4	0.335999	22.4938
13.9247	4	0.335999	21.1957
14.0358	4	0.335999	20.0315
14.1468	4	0.335999	18.7793
14.2578	4	0.335999	17.3583
14.3688	4	0.335999	15.6702
14.4798	4	0.335999	13.5911
14.5908	4	0.335999	10.8888
14.7018	4	0.335999	6.79024
14.8128	4	0.335999	-0.183193
14.9238	4	0.335999	-10.9233
15.0348	4	0.335999	-25.1581
15.1459	4	0.335999	-44.79
15.2569	4	0.335999	-61.254
15.3679	4	0.335999	-61.6885
15.4789	4	0.335999	-62.0788
15.5899	4	0.335999	-62.4951
15.7009	4	0.335999	-62.9321
15.8119	4	0.335999	-63.3932
15.9229	4	0.335999	-63.8757
16.0339	4	0.335999	-64.3759
16.1449	4	0.335999	-64.8894
16.256	4	0.335999	-65.4229
16.367	4	0.335999	-65.981
16.478	4	0.335999	-66.5837
16.589	4	0.335999	-67.2963
16.7	4	0.335999	-68.3258
5.71	5	0.401208	49.3096
5.82101	5	0.401208	49.0098
5.93202	5	0.401208	48.7521
6.04303	5	0.401208	48.5161
6.15404	5	0.401208	48.2866
6.26505	5	0.401208	48.0606
6.37606	5	0.401208	47.8346
6.48707	5	0.401208	47.608
6.59808	5	0.401208	47.3807
6.70909	5	0.401208	47.1527
6.8201	5	0.401208	46.9255
6.93111	5	0.401208	46.6971
7.04212	5	0.401208	46.4684
7.15313	5	0.401208	46.2391
7.26414	5	0.401208	46.0095
7.37515	5	0.401208	45.7801
7.48616	5	0.401208	45.5521
7.59717	5	0.401208	45.3257
7.70818	5	0.401208	45.099
7.81919	5	0.401208	44.8716
7.9302	5	0.401208	44.642
8.04121	5	0.401208	44.4091
8.15222	5	0.401208	44.1733
8.26323	5	0.401208	43.9349
8.37424	5	0.401208	43.6946
8.48525	5	0.401208	43.4559
8.59626	5	0.401208	43.2247
8.70727	5	0.401208	43.0032
8.81828	5	0.401208	42.7867
8.92929	5	0.401208	42.5624
9.0403	5	0.401208	42.3275
9.15131	5	0.401208	42.0746
9.26232	5	0.401208	41.8055
9.37333	5	0.401208	41.5183
9.48434	5	0.401208	41.2151
9.59535	5	0.401208	40.9013
9.70636	5	0.401208	40.5767
9.81737	5	0.401208	40.2424
9.92838	5	0.401208	39.8889
10.0394	5	0.401208	39.522
10.1504	5	0.401208	39.1391
10.2614	5	0.401208	38.7377
10.3724	5	0.401208	38.3273
10.4834	5	0.401208	37.9189
10.5944	5	0.401208	37.5133
10.7055	5	0.401208	37.1203
10.8165	5	0.401208	36.7449
10.9275	5	0.401208	36.3911
11.0385	5	0.401208	36.0692
11.1495	5	0.401208	35.7843
11.2605	5	0.401208	35.5348
11.3715	5	0.401208	35.3118
11.4825	5	0.401208	35.1082
11.5935	5	0.401208	34.9223
11.7045	5	0.401208	34.755
11.8156	5	0.401208	34.5949
11.9266	5	0.401208	34.4334
12.0376	5	0.401208	34.2647
12.1486	5	0.401208	34.0784
12.2596	5	0.401208	33.8681
12.3706	5	0.401208	33.6296
12.4816	5	0.401208	33.3532
12.5926	5	0.401208	33.0254
12.7036	5	0.401208	32.6418
12.8146	5	0.401208	32.1771
12.9257	5	0.401208	31.601
13.0367	5	0.401208	30.9123
13.1477	5	0.401208	30.0349
13.2587	5	0.401208	28.9931
13.3697	5	0.401208	27.7702
13.4807	5	0.401208	26.3409
13.5917	5	0.401208	24.8924
13.7027	5	0.401208	23.4227
13.8137	5	0.401208	22.0605
13.9247	5	0.401208	20.8794
14.0358	5	0.401208	19.6481
14.1468	5	0.401208	18.272
14.2578	5	0.401208	16.7012
14.3688	5	0.401208	14.8228
14.4798	5	0.401208	12.4895
14.5908	5	0.401208	9.38697
14.7018	5	0.401208	4.53321
14.8128	5	0.401208	-3.75074
14.9238	5	0.401208	-15.8299
15.0348	5	0.401208	-31.9502
15.1459	5	0.401208	-53.0737
15.2569	5	0.401208	-60.868
15.3679	5	0.401208	-61.2269
15.4789	5	0.401208	-61.6029
15.5899	5	0.401208	-62.0043
15.7009	5	0.401208	-62.4263
15.8119	5	0.401208	-62.873
15.9229	5	0.401208	-63.3423
16.0339	5	0.401208	-63.831
16.1449	5	0.401208	-64.3353
16.256	5	0.401208	-64.8616
16.367	5	0.401208	-65.4146
16.478	5	0.401208	-66.0138
16.589	5	0.401208	-66.7243
16.7	5	0.401208	-67.7527
5.71	6	0.466417	49.4944
5.82101	6	0.466417	49.1972
5.93202	6	0.466417	48.9414
6.04303	6	0.466417	48.7069
6.15404	6	0.466417	48.4776
6.26505	6	0.466417	48.2513
6.37606	6	0.466417	48.0248
6.48707	6	0.466417	47.7979
6.59808	6	0.466417	47.5701
6.70909	6	0.466417	47.3416
6.8201	6	0.466417	47.1131
6.93111	6	0.466417	46.8829
7.04212	6	0.466417	46.6514
7.15313	6	0.466417	46.4189
7.26414	6	0.466417	46.1859
7.37515	6	0.466417	45.9533
7.48616	6	0.466417	45.7223
7.59717	6	0.466417	45.4928
7.70818	6	0.466417	45.2621
7.81919	6	0.466417	45.03
7.9302	6	0.466417	44.7948
8.04121	6	0.466417	44.5558
8.15222	6	0.466417	44.3139
8.26323	6	0.466417	44.0698
8.37424	6	0.466417	43.8244
8.48525	6	0.466417	43.5804
8.59626	6	0.466417	43.3435
8.70727	6	0.466417	43.1148
8.81828	6	0.466417	42.8901
8.92929	6	0.466417	42.6568
9.0403	6	0.466417	42.4135
9.15131	6	0.466417	42.1526
9.26232	6	0.466417	41.8761
9.37333	6	0.466417	41.5814
9.48434	6	0.466417	41.2706
9.59535	6	0.466417	40.9473
9.70636	6	0.466417	40.6111
9.81737	6	0.466417	40.2616
9.92838	6	0.466417	39.8904
10.0394	6	0.466417	39.5035
10.1504	6	0.466417	39.0986
10.2614	6	0.466417	38.6759
10.3724	6	0.466417	38.2495
10.4834	6	0.466417	37.8349
10.5944	6	0.466417	37.4368
10.7055	6	0.466417	37.0671
10.8165	6	0.466417	36.7328
10.9275	6	0.466417	36.4333
11.0385	6	0.466417	36.1712
11.1495	6	0.466417	35.9352
11.2605	6	0.466417	35.7185
11.3715	6	0.466417	35.5118
11.4825	6	0.466417	35.3136
11.5935	6	0.466417	35.1232
11.7045	6	0.466417	34.9448
11.8156	6	0.466417	34.7699
11.9266	6	0.466417	34.5927
12.0376	6	0.466417	34.4081
12.1486	6	0.466417	34.2065
12.2596	6	0.466417	33.9806
12.3706	6	0.466417	33.7251
12.4816	6	0.466417	33.427
12.5926	6	0.466417	33.0675
12.7036	6	0.466417	32.6396
12.8146	6	0.466417	32.1115
12.9257	6	0.466417	31.4499
13.0367	6	0.466417	30.6577
13.1477	6	0.466417	29.6433
13.2587	6	0.466417	28.4745
13.3697	6	0.466417	27.1675
13.4807	6	0.466417	25.764
13.5917	6	0.466417	24.3089
13.7027	6	0.466417	22.9369
13.8137	6	0.466417	21.7313
13.9247	6	0.466417	20.5216
14.0358	6	0.466417	19.168
14.1468	6	0.466417	17.6352
14.2578	6	0.466417	15.8716
14.3688	6	0.466417	13.7397
14.4798	6	0.466417	11.061
14.5908	6	0.466417	7.40417
14.7018	6	0.466417	1.54582
14.8128	6	0.466417	-8.27365
14.9238	6	0.466417	-21.945
15.0348	6	0.466417	-40.89
15.1459	6	0.466417	-60.07
15.2569	6	0.466417	-60.4649
15.3679	6	0.466417	-60.8092
15.4789	6	0.466417	-61.1725
15.5899	6	0.466417	-61.5601
15.7009	6	0.466417	-61.9678
15.8119	6	0.466417	-62.4004
15.9229	6	0.466417	-62.8562
16.0339	6	0.466417	-63.3328
16.1449	6	0.466417	-63.8269
16.256	6	0.466417	-64.3451
16.367	6	0.466417	-64.892
16.478	6	0.466417	-65.487
16.589	6	0.466417	-66.1947
16.7	6	0.466417	-67.2214
5.71	7	0.531627	49.6272
5.82101	7	0.531627	49.3328
5.93202	7	0.531627	49.0798
6.04303	7	0.531627	48.8481
6.15404	7	0.531627	48.6205
6.26505	7	0.531627	48.3957
6.37606	7	0.531627	48.1704
6.48707	7	0.531627	47.9441
6.59808	7	0.531627	47.7161
6.70909	7	0.531627	47.4867
6.8201	7	0.531627	47.2553
6.93111	7	0.531627	47.021
7.04212	7	0.531627	46.7841
7.15313	7	0.531627	46.5464
7.26414	7	0.531627	46.3079
7.37515	7	0.531627	46.0706
7.48616	7	0.531627	45.8353
7.59717	7	0.531627	45.6019
7.70818	7	0.531627	45.3655
7.81919	7	0.531627	45.1269
7.9302	7	0.531627	44.8843
8.04121	7	0.531627	44.6376
8.15222	7	0.531627	44.3888
8.26323	7	0.531627	44.139
8.37424	7	0.531627	43.8889
8.48525	7	0.531627	43.6405
8.59626	7	0.531627	43.3992
8.70727	7	0.531627	43.1657
8.81828	7	0.531627	42.9359
8.92929	7	0.531627	42.6966
9.0403	7	0.531627	42.4489
9.15131	7	0.531627	42.1843
9.26232	7	0.531627	41.9065
9.37333	7	0.531627	41.61
9.48434	7	0.531627	41.2964
9.59535	7	0.531627	40.9659
9.70636	7	0.531627	40.619
9.81737	7	0.531627	40.2533
9.92838	7	0.531627	39.8617
10.0394	7	0.531627	39.4516
10.1504	7	0.531627	39.0238
10.2614	7	0.531627	38.5847
10.3724	7	0.531627	38.1582
10.4834	7	0.531627	37.7633
10.5944	7	0.531627	37.4054
10.7055	7	0.531627	37.0924
10.8165	7	0.531627	36.8215
10.9275	7	0.531627	36.5785
11.0385	7	0.531627	36.3591
11.1495	7	0.531627	36.1489
11.2605	7	0.531627	35.9463
11.3715	7	0.531627	35.7449
11.4825	7	0.531627	35.5462
11.5935	7	0.531627	35.3498
11.7045	7	0.531627	35.1602
11.8156	7	0.531627	34.9709
11.9266	7	0.531627	34.7776
12.0376	7	0.531627	34.5766
12.1486	7	0.531627	34.3591
12.2596	7	0.531627	34.1166
12.3706	7	0.531627	33.8426
12.4816	7	0.531627	33.5207
12.5926	7	0.531627	33.1266
12.7036	7	0.531627	32.6497
12.8146	7	0.531627	32.0491
12.9257	7	0.531627	31.2881
13.0367	7	0.531627	30.3791
13.1477	7	0.531627	29.2369
13.2587	7	0.531627	27.9936
13.3697	7	0.531627	26.6496
13.4807	7	0.531627	25.2069
13.5917	7	0.531627	23.7949
13.7027	7	0.531627	22.5659
13.8137	7	0.531627	21.3717
13.9247	7	0.531627	20.0522
14.0358	7	0.531627	18.5424
14.1468	7	0.531627	16.8114
14.2578	7	0.531627	14.7917
14.3688	7	0.531627	12.3001
14.4798	7	0.531627	9.08203
14.5908	7	0.531627	4.44857
14.7018	7	0.531627	-3.33619
14.8128	7	0.531627	-15.7017
14.9238	7	0.531627	-33.0268
15.0348	7	0.531627	-57.4387
15.1459	7	0.531627	-59.6872
15.2569	7	0.531627	-60.0071
15.3679	7	0.531627	-60.3384
15.4789	7	0.531627	-60.687
15.5899	7	0.531627	-61.0578
15.7009	7	0.531627	-61.4475
15.8119	7	0.531627	-61.8609
15.9229	7	0.531627	-62.2972
16.0339	7	0.531627	-62.7548
16.1449	7	0.531627	-63.2313
16.256	7	0.531627	-63.7339
16.367	7	0.531627	-64.2675
16.478	7	0.531627	-64.8517
16.589	7	0.531627	-65.5513
16.7	7	0.531627	-66.5722
5.71	8	0.596836	49.7697
5.82101	8	0.596836	49.4791
5.93202	8	0.596836	49.2299
6.04303	8	0.596836	49.0019
6.15404	8	0.596836	48.7779
6.26505	8	0.596836	48.5562
6.37606	8	0.596836	48.334
6.48707	8	0.596836	48.1097
6.59808	8	0.596836	47.8829
6.70909	8	0.596836	47.6534
6.8201	8	0.596836	47.4201
6.93111	8	0.596836	47.1838
7.04212	8	0.596836	46.9447
7.15313	8	0.596836	46.7052
7.26414	8	0.596836	46.4654
7.37515	8	0.596836	46.2265
7.48616	8	0.596836	45.9887
7.59717	8	0.596836	45.7519
7.70818	8	0.596836	45.5095
7.81919	8	0.596836	45.2644
7.9302	8	0.596836	45.015
8.04121	8	0.596836	44.7621
8.15222	8	0.596836	44.5076
8.26323	8	0.596836	44.2528
8.37424	8	0.596836	43.9977
8.48525	8	0.596836	43.7429
8.59626	8	0.596836	43.4925
8.70727	8	0.596836	43.2476
8.81828	8	0.596836	43.0057
8.92929	8	0.596836	42.7551
9.0403	8	0.596836	42.4988
9.15131	8	0.596836	42.2281
9.26232	8	0.596836	41.9458
9.37333	8	0.596836	41.6442
9.48434	8	0.596836	41.3226
9.59535	8	0.596836	40.9797
9.70636	8	0.596836	40.6168
9.81737	8	0.596836	40.2295
9.92838	8	0.596836	39.8146
10.0394	8	0.596836	39.3818
10.1504	8	0.596836	38.9413
10.2614	8	0.596836	38.5084
10.3724	8	0.596836	38.1129
10.4834	8	0.596836	37.7675
10.5944	8	0.596836	37.4675
10.7055	8	0.596836	37.2108
10.8165	8	0.596836	36.9828
10.9275	8	0.596836	36.7681
11.0385	8	0.596836	36.565
11.1495	8	0.596836	36.3641
11.2605	8	0.596836	36.166
11.3715	8	0.596836	35.9663
11.4825	8	0.596836	35.7666
11.5935	8	0.596836	35.5661
11.7045	8	0.596836	35.3687
11.8156	8	0.596836	35.169
11.9266	8	0.596836	34.9633
12.0376	8	0.596836	34.7484
12.1486	8	0.596836	34.516
12.2596	8	0.596836	34.2569
12.3706	8	0.596836	33.9635
12.4816	8	0.596836	33.6166
12.5926	8	0.596836	33.1882
12.7036	8	0.596836	32.6658
12.8146	8	0.596836	32.0016
12.9257	8	0.596836	31.1616
13.0367	8	0.596836	30.1728
13.1477	8	0.596836	28.9942
13.2587	8	0.596836	27.7421
13.3697	8	0.596836	26.365
13.4807	8	0.596836	24.898
13.5917	8	0.596836	23.5899
13.7027	8	0.596836	22.4076
13.8137	8	0.596836	21.1555
13.9247	8	0.596836	19.7284
14.0358	8	0.596836	18.077
14.1468	8	0.596836	16.1627
14.2578	8	0.596836	13.9019
14.3688	8	0.596836	11.0765
14.4798	8	0.596836	7.38544
14.5908	8	0.596836	2.01303
14.7018	8	0.596836	-6.89137
14.8128	8	0.596836	-20.2494
14.9238	8	0.596836	-39.8225
15.0348	8	0.596836	-58.5803
15.1459	8	0.596836	-59.2255
15.2569	8	0.596836	-59.5356
15.3679	8	0.596836	-59.8557
15.4789	8	0.596836	-60.1918
15.5899	8	0.596836	-60.5482
15.7009	8	0.596836	-60.9222
15.8119	8	0.596836	-61.3187
15.9229	8	0.596836	-61.7372
16.0339	8	0.596836	-62.1766
16.1449	8	0.596836	-62.6356
16.256	8	0.596836	-63.1222
16.367	8	0.596836	-63.6415
16.478	8	0.596836	-64.2139
16.589	8	0.596836	-64.9042
16.7	8	0.596836	-65.9185
5.71	9	0.662045	49.8744
5.82101	9	0.662045	49.5869
5.93202	9	0.662045	49.3411
6.04303	9	0.662045	49.1164
6.15404	9	0.662045	48.8955
6.26505	9	0.662045	48.6763
6.37606	9	0.662045	48.4562
6.48707	9	0.662045	48.2318
6.59808	9	0.662045	48.0037
6.70909	9	0.662045	47.7714
6.8201	9	0.662045	47.534
6.93111	9	0.662045	47.2936
7.04212	9	0.662045	47.0504
7.15313	9	0.662045	46.8073
7.26414	9	0.662045	46.5638
7.37515	9	0.662045	46.3202
7.48616	9	0.662045	46.0763
7.59717	9	0.662045	45.8324
7.70818	9	0.662045	45.5809
7.81919	9	0.662045	45.3267
7.9302	9	0.662045	45.0685
8.04121	9	0.662045	44.808
8.15222	9	0.662045	44.5462
8.26323	9	0.662045	44.2844
8.37424	9	0.662045	44.0214
8.48525	9	0.662045	43.7574
8.59626	9	0.662045	43.4956
8.70727	9	0.662045	43.2386
8.81828	9	0.662045	42.9853
8.92929	9	0.662045	42.7248
9.0403	9	0.662045	42.4613
9.15131	9	0.662045	42.1858
9.26232	9	0.662045	41.8998
9.37333	9	0.662045	41.5931
9.48434	9	0.662045	41.2632
9.59535	9	0.662045	40.9084
9.70636	9	0.662045	40.5316
9.81737	9	0.662045	40.1261
9.92838	9	0.662045	39.6959
10.0394	9	0.662045	39.257
10.1504	9	0.662045	38.8342
10.2614	9	0.662045	38.4479
10.3724	9	0.662045	38.1162
10.4834	9	0.662045	37.8365
10.5944	9	0.662045	37.5908
10.7055	9	0.662045	37.3716
10.8165	9	0.662045	37.1652
10.9275	9	0.662045	36.9626
11.0385	9	0.662045	36.7652
11.1495	9	0.662045	36.567
11.2605	9	0.662045	36.3692
11.3715	9	0.662045	36.1681
11.4825	9	0.662045	35.9648
11.5935	9	0.662045	35.758
11.7045	9	0.662045	35.5504
11.8156	9	0.662045	35.3377
11.9266	9	0.662045	35.1169
12.0376	9	0.662045	34.8857
12.1486	9	0.662045	34.6365
12.2596	9	0.662045	34.3597
12.3706	9	0.662045	34.0467
12.4816	9	0.662045	33.6754
12.5926	9	0.662045	33.214
12.7036	9	0.662045	32.6482
12.8146	9	0.662045	31.9258
12.9257	9	0.662045	31.0235
13.0367	9	0.662045	29.9857
13.1477	9	0.662045	28.8016
13.2587	9	0.662045	27.5123
13.3697	9	0.662045	26.0771
13.4807	9	0.662045	24.6389
13.5917	9	0.662045	23.4202
13.7027	9	0.662045	22.2228
13.8137	9	0.662045	20.8962
13.9247	9	0.662045	19.3601
14.0358	9	0.662045	17.5633
14.1468	9	0.662045	15.4557
14.2578	9	0.662045	12.9337
14.3688	9	0.662045	9.72822
14.4798	9	0.662045	5.44973
14.5908	9	0.662045	-0.94517
14.7018	9	0.662045	-11.4657
14.8128	9	0.662045	-26.4971
14.9238	9	0.662045	-50.0128
15.0348	9	0.662045	-58.5373
15.1459	9	0.662045	-58.8299
15.2569	9	0.662045	-59.131
15.3679	9	0.662045	-59.4407
15.4789	9	0.662045	-59.7645
15.5899	9	0.662045	-60.1066
15.7009	9	0.662045	-60.4647
15.8119	9	0.662045	-60.8435
15.9229	9	0.662045	-61.243
16.0339	9	0.662045	-61.6626
16.1449	9	0.662045	-62.1021
16.256	9	0.662045	-62.5701
16.367	9	0.662045	-63.0727
16.478	9	0.662045	-63.6309
16.589	9	0.662045	-64.3102
16.7	9	0.662045	-65.3167
5.71	10	0.727255	49.9062
5.82101	10	0.727255	49.6196
5.93202	10	0.727255	49.3755
6.04303	10	0.727255	49.1527
6.15404	10	0.727255	48.9335
6.26505	10	0.727255	48.7145
6.37606	10	0.727255	48.494
6.48707	10	0.727255	48.2657
6.59808	10	0.727255	48.0324
6.70909	10	0.727255	47.7935
6.8201	10	0.727255	47.5486
6.93111	10	0.727255	47.3003
7.04212	10	0.727255	47.049
7.15313	10	0.727255	46.7978
7.26414	10	0.727255	46.5452
7.37515	10	0.727255	46.291
7.48616	10	0.727255	46.0355
7.59717	10	0.727255	45.7797
7.70818	10	0.727255	45.5156
7.81919	10	0.727255	45.2492
7.9302	10	0.727255	44.9795
8.04121	10	0.727255	44.7089
8.15222	10	0.727255	44.4371
8.26323	10	0.727255	44.165
8.37424	10	0.727255	43.8906
8.48525	10	0.727255	43.6151
8.59626	10	0.727255	43.3428
8.70727	10	0.727255	43.0773
8.81828	10	0.727255	42.8169
8.92929	10	0.727255	42.5498
9.0403	10	0.727255	42.2807
9.15131	10	0.727255	42
9.26232	10	0.727255	41.7106
9.37333	10	0.727255	41.3992
9.48434	10	0.727255	41.0648
9.59535	10	0.727255	40.7044
9.70636	10	0.727255	40.324
9.81737	10	0.727255	39.9173
9.92838	10	0.727255	39.501
10.0394	10	0.727255	39.1012
10.1504	10	0.727255	38.7461
10.2614	10	0.727255	38.4442
10.3724	10	0.727255	38.188
10.4834	10	0.727255	37.9626
10.5944	10	0.727255	37.7499
10.7055	10	0.727255	37.5479
10.8165	10	0.727255	37.3495
10.9275	10	0.727255	37.1513
11.0385	10	0.727255	36.9548
11.1495	10	0.727255	36.7561
11.2605	10	0.727255	36.5559
11.3715	10	0.727255	36.3509
11.4825	10	0.727255	36.1415
11.5935	10	0.727255	35.9255
11.7045	10	0.727255	35.7051
11.8156	10	0.727255	35.4766
11.9266	10	0.727255	35.2372
12.0376	10	0.727255	34.9862
12.1486	10	0.727255	34.7177
12.2596	10	0.727255	34.4217
12.3706	10	0.727255	34.0889
12.4816	10	0.727255	33.6946
12.5926	10	0.727255	33.2015
12.7036	10	0.727255	32.5934
12.8146	10	0.727255	31.8123
12.9257	10	0.727255	30.8527
13.0367	10	0.727255	29.7732
13.1477	10	0.727255	28.5632
13.2587	10	0.727255	27.2058
13.3697	10	0.727255	25.7199
13.4807	10	0.727255	24.3627
13.5917	10	0.727255	23.1894
13.7027	10	0.727255	21.9477
13.8137	10	0.727255	20.5399
13.9247	10	0.727255	18.8868
14.0358	10	0.727255	16.9274
14.1468	10	0.727255	14.5948
14.2578	10	0.727255	11.7485
14.3688	10	0.727255	7.97246
14.4798	10	0.727255	2.51224
14.5908	10	0.727255	-6.48781
14.7018	10	0.727255	-19.4719
14.8128	10	0.727255	-42.0319
14.9238	10	0.727255	-55.8736
15.0348	10	0.727255	-58.1734
15.1459	10	0.727255	-58.458
15.2569	10	0.727255	-58.7527
15.3679	10	0.727255	-59.0549
15.4789	10	0.727255	-59.3698
15.5899	10	0.727255	-59.7014
15.7009	10	0.727255	-60.0474
15.8119	10	0.727255	-60.4129
15.9229	10	0.727255	-60.7976
16.0339	10	0.727255	-61.2017
16.1449	10	0.727255	-61.6255
16.256	10	0.727255	-62.078
16.367	10	0.727255	-62.5662
16.478	10	0.727255	-63.1119
16.589	10	0.727255	-63.7814
16.7	10	0.727255	-64.7811
5.71	11	0.792464	50.0005
5.82101	11	0.792464	49.7169
5.93202	11	0.792464	49.4764
6.04303	11	0.792464	49.2573
6.15404	11	0.792464	49.0418
6.26505	11	0.792464	48.8253
6.37606	11	0.792464	48.6063
6.48707	11	0.792464	48.377
6.59808	11	0.792464	48.1422
6.70909	11	0.792464	47.901
6.8201	11	0.792464	47.6538
6.93111	11	0.792464	47.4035
7.04212	11	0.792464	47.1499
7.15313	11	0.792464	46.8954
7.26414	11	0.792464	46.6386
7.37515	11	0.792464	46.3776
7.48616	11	0.792464	46.1141
7.59717	11	0.792464	45.85
7.70818	11	0.792464	45.5777
7.81919	11	0.792464	45.3039
7.9302	11	0.792464	45.0274
8.04121	11	0.792464	44.7502
8.15222	11	0.792464	44.4704
8.26323	11	0.792464	44.1877
8.37424	11	0.792464	43.9
8.48525	11	0.792464	43.6098
8.59626	11	0.792464	43.3208
8.70727	11	0.792464	43.0398
8.81828	11	0.792464	42.766
8.92929	11	0.792464	42.4904
9.0403	11	0.792464	42.2132
9.15131	11	0.792464	41.9236
9.26232	11	0.792464	41.6208
9.37333	11	0.792464	41.2937
9.48434	11	0.792464	40.9413
9.59535	11	0.792464	40.5641
9.70636	11	0.792464	40.1735
9.81737	11	0.792464	39.7743
9.92838	11	0.792464	39.3951
10.0394	11	0.792464	39.0599
10.1504	11	0.792464	38.774
10.2614	11	0.792464	38.5301
10.3724	11	0.792464	38.3142
10.4834	11	0.792464	38.1114
10.5944	11	0.792464	37.9109
10.7055	11	0.792464	37.7145
10.8165	11	0.792464	37.519
10.9275	11	0.792464	37.323
11.0385	11	0.792464	37.1271
11.1495	11	0.792464	36.9283
11.2605	11	0.792464	36.7271
11.3715	11	0.792464	36.5199
11.4825	11	0.792464	36.3067
11.5935	11	0.792464	36.0853
11.7045	11	0.792464	35.857
11.8156	11	0.792464	35.6183
11.9266	11	0.792464	35.3663
12.0376	11	0.792464	35.1002
12.1486	11	0.792464	34.8147
12.2596	11	0.792464	34.5001
12.3706	11	0.792464	34.147
12.4816	11	0.792464	33.7303
12.5926	11	0.792464	33.2123
12.7036	11	0.792464	32.5776
12.8146	11	0.792464	31.7721
12.9257	11	0.792464	30.8085
13.0367	11	0.792464	29.7341
13.1477	11	0.792464	28.516
13.2587	11	0.792464	27.1187
13.3697	11	0.792464	25.6248
13.4807	11	0.792464	24.329
13.5917	11	0.792464	23.1577
13.7027	11	0.792464	21.8785
13.8137	11	0.792464	20.4163
13.9247	11	0.792464	18.6849
14.0358	11	0.792464	16.6163
14.1468	11	0.792464	14.1329
14.2578	11	0.792464	11.0791
14.3688	11	0.792464	7.01209
14.4798	11	0.792464	1.15599
14.5908	11	0.792464	-8.31663
14.7018	11	0.792464	-21.722
14.8128	11	0.792464	-44.0782
14.9238	11	0.792464	-55.5896
15.0348	11	0.792464	-57.742
15.1459	11	0.792464	-58.0223
15.2569	11	0.792464	-58.312
15.3679	11	0.792464	-58.6086
15.4789	11	0.792464	-58.9173
15.5899	11	0.792464	-59.2419
15.7009	11	0.792464	-59.5803
15.8119	11	0.792464	-59.9373
15.9229	11	0.792464	-60.3131
16.0339	11	0.792464	-60.7078
16.1449	11	0.792464	-61.1222
16.256	11	0.792464	-61.5658
16.367	11	0.792464	-62.0459
16.478	11	0.792464	-62.5849
16.589	11	0.792464	-63.2493
16.7	11	0.792464	-64.2459
5.71	12	0.857673	50.0468
5.82101	12	0.857673	49.7658
5.93202	12	0.857673	49.5277
6.04303	12	0.857673	49.3111
6.15404	12	0.857673	49.0973
6.26505	12	0.857673	48.8809
6.37606	12	0.857673	48.6612
6.48707	12	0.857673	48.4292
6.59808	12	0.857673	48.1915
6.70909	12	0.857673	47.9471
6.8201	12	0.857673	47.6966
6.93111	12	0.857673	47.4428
7.04212	12	0.857673	47.1847
7.15313	12	0.857673	46.9237
7.26414	12	0.857673	46.659
7.37515	12	0.857673	46.388
7.48616	12	0.857673	46.1142
7.59717	12	0.857673	45.8402
7.70818	12	0.857673	45.5592
7.81919	12	0.857673	45.2774
7.9302	12	0.857673	44.9928
8.04121	12	0.857673	44.7061
8.15222	12	0.857673	44.4149
8.26323	12	0.857673	44.1176
8.37424	12	0.857673	43.8135
8.48525	12	0.857673	43.5068
8.59626	12	0.857673	43.2017
8.70727	12	0.857673	42.9076
8.81828	12	0.857673	42.6235
8.92929	12	0.857673	42.3398
9.0403	12	0.857673	42.0529
9.15131	12	0.857673	41.7502
9.26232	12	0.857673	41.4311
9.37333	12	0.857673	41.0871
9.48434	12	0.857673	40.7188
9.59535	12	0.857673	40.3379
9.70636	12	0.857673	39.9633
9.81737	12	0.857673	39.6184
9.92838	12	0.857673	39.3181
10.0394	12	0.857673	39.0643
10.1504	12	0.857673	38.8398
10.2614	12	0.857673	38.6369
10.3724	12	0.857673	38.4476
10.4834	12	0.857673	38.2591
10.5944	12	0.857673	38.065
10.7055	12	0.857673	37.871
10.8165	12	0.857673	37.6763
10.9275	12	0.857673	37.4809
11.0385	12	0.857673	37.2843
11.1495	12	0.857673	37.0839
11.2605	12	0.857673	36.8798
11.3715	12	0.857673	36.6684
11.4825	12	0.857673	36.4494
11.5935	12	0.857673	36.2203
11.7045	12	0.857673	35.9818
11.8156	12	0.857673	35.7308
11.9266	12	0.857673	35.4639
12.0376	12	0.857673	35.1807
12.1486	12	0.857673	34.8766
12.2596	12	0.857673	34.542
12.3706	12	0.857673	34.168
12.4816	12	0.857673	33.7292
12.5926	12	0.857673	33.1876
12.7036	12	0.857673	32.5283
12.8146	12	0.857673	31.702
12.9257	12	0.857673	30.7357
13.0367	12	0.857673	29.6557
13.1477	12	0.857673	28.4097
13.2587	12	0.857673	26.9683
13.3697	12	0.857673	25.484
13.4807	12	0.857673	24.2437
13.5917	12	0.857673	23.06
13.7027	12	0.857673	21.7391
13.8137	12	0.857673	20.2188
13.9247	12	0.857673	18.4011
14.0358	12	0.857673	16.2091
14.1468	12	0.857673	13.5509
14.2578	12	0.857673	10.2495
14.3688	12	0.857673	5.80776
14.4798	12	0.857673	-0.650652
14.5908	12	0.857673	-10.7998
14.7018	12	0.857673	-25.356
14.8128	12	0.857673	-47.7529
14.9238	12	0.857673	-55.2867
15.0348	12	0.857673	-57.3453
15.1459	12	0.857673	-57.6213
15.2569	12	0.857673	-57.9058
15.3679	12	0.857673	-58.1965
15.4789	12	0.857673	-58.4983
15.5899	12	0.857673	-58.8149
15.7009	12	0.857673	-59.1443
15.8119	12	0.857673	-59.4913
15.9229	12	0.857673	-59.856
16.0339	12	0.857673	-60.239
16.1449	12	0.857673	-60.6414
16.256	12	0.857673	-61.0732
16.367	12	0.857673	-61.542
16.478	12	0.857673	-62.0709
16.589	12	0.857673	-62.7273
16.7	12	0.857673	-63.718
5.71	13	0.922882	50.0369
5.82101	13	0.922882	49.757
5.93202	13	0.922882	49.5196
6.04303	13	0.922882	49.3037
6.15404	13	0.922882	49.0891
6.26505	13	0.922882	48.8706
6.37606	13	0.922882	48.648
6.48707	13	0.922882	48.412
6.59808	13	0.922882	48.1703
6.70909	13	0.922882	47.9214
6.8201	13	0.922882	47.666
6.93111	13	0.922882	47.4062
7.04212	13	0.922882	47.1401
7.15313	13	0.922882	46.8685
7.26414	13	0.922882	46.5916
7.37515	13	0.922882	46.3073
7.48616	13	0.922882	46.0208
7.59717	13	0.922882	45.735
7.70818	13	0.922882	45.4443
7.81919	13	0.922882	45.1529
7.9302	13	0.922882	44.8577
8.04121	13	0.922882	44.5567
8.15222	13	0.922882	44.2494
8.26323	13	0.922882	43.9335
8.37424	13	0.922882	43.6101
8.48525	13	0.922882	43.2854
8.59626	13	0.922882	42.9663
8.70727	13	0.922882	42.6625
8.81828	13	0.922882	42.3711
8.92929	13	0.922882	42.0769
9.0403	13	0.922882	41.7765
9.15131	13	0.922882	41.457
9.26232	13	0.922882	41.121
9.37333	13	0.922882	40.7657
9.48434	13	0.922882	40.3993
9.59535	13	0.922882	40.0569
9.70636	13	0.922882	39.7533
9.81737	13	0.922882	39.5058
9.92838	13	0.922882	39.2942
10.0394	13	0.922882	39.1062
10.1504	13	0.922882	38.9234
10.2614	13	0.922882	38.7467
10.3724	13	0.922882	38.5762
10.4834	13	0.922882	38.3984
10.5944	13	0.922882	38.2082
10.7055	13	0.922882	38.0145
10.8165	13	0.922882	37.8193
10.9275	13	0.922882	37.6237
11.0385	13	0.922882	37.4253
11.1495	13	0.922882	37.2221
11.2605	13	0.922882	37.0137
11.3715	13	0.922882	36.7964
11.4825	13	0.922882	36.5696
11.5935	13	0.922882	36.3308
11.7045	13	0.922882	36.0799
11.8156	13	0.922882	35.8139
11.9266	13	0.922882	35.5294
12.0376	13	0.922882	35.2259
12.1486	13	0.922882	34.9
12.2596	13	0.922882	34.543
12.3706	13	0.922882	34.1464
12.4816	13	0.922882	33.6851
12.5926	13	0.922882	33.1212
12.7036	13	0.922882	32.4404
12.8146	13	0.922882	31.5962
12.9257	13	0.922882	30.6235
13.0367	13	0.922882	29.529
13.1477	13	0.922882	28.2507
13.2587	13	0.922882	26.776
13.3697	13	0.922882	25.3135
13.4807	13	0.922882	24.1065
13.5917	13	0.922882	22.9039
13.7027	13	0.922882	21.5471
13.8137	13	0.922882	19.9781
13.9247	13	0.922882	18.087
14.0358	13	0.922882	15.789
14.1468	13	0.922882	12.978
14.2578	13	0.922882	9.4532
14.3688	13	0.922882	4.62568
14.4798	13	0.922882	-2.63017
14.5908	13	0.922882	-13.4994
14.7018	13	0.922882	-30.6243
14.8128	13	0.922882	-53.7765
14.9238	13	0.922882	-54.9201
15.0348	13	0.922882	-56.966
15.1459	13	0.922882	-57.2379
15.2569	13	0.922882	-57.5176
15.3679	13	0.922882	-57.8027
15.4789	13	0.922882	-58.0977
15.5899	13	0.922882	-58.4063
15.7009	13	0.922882	-58.7266
15.8119	13	0.922882	-59.0633
15.9229	13	0.922882	-59.4168
16.0339	13	0.922882	-59.7877
16.1449	13	0.922882	-60.1779
16.256	13	0.922882	-60.5973
16.367	13	0.922882	-61.0542
16.478	13	0.922882	-61.5723
16.589	13	0.922882	-62.2196
16.7	13	0.922882	-63.2036
5.71	14	0.988092	50.0421
5.82101	14	0.988092	49.7633
5.93202	14	0.988092	49.5262
6.04303	14	0.988092	49.3103
6.15404	14	0.988092	49.0943
6.26505	14	0.988092	48.8741
6.37606	14	0.988092	48.6494
6.48707	14	0.988092	48.4115
6.59808	14	0.988092	48.1679
6.70909	14	0.988092	47.917
6.8201	14	0.988092	47.6583
6.93111	14	0.988092	47.3937
7.04212	14	0.988092	47.1202
7.15313	14	0.988092	46.8393
7.26414	14	0.988092	46.552
7.37515	14	0.988092	46.2576
7.48616	14	0.988092	45.9624
7.59717	14	0.988092	45.6686
7.70818	14	0.988092	45.3713
7.81919	14	0.988092	45.0717
7.9302	14	0.988092	44.7654
8.04121	14	0.988092	44.449
8.15222	14	0.988092	44.1246
8.26323	14	0.988092	43.7905
8.37424	14	0.988092	43.4498
8.48525	14	0.988092	43.1098
8.59626	14	0.988092	42.7813
8.70727	14	0.988092	42.4692
8.81828	14	0.988092	42.1687
8.92929	14	0.988092	41.8603
9.0403	14	0.988092	41.5431
9.15131	14	0.988092	41.207
9.26232	14	0.988092	40.8575
9.37333	14	0.988092	40.5059
9.48434	14	0.988092	40.1756
9.59535	14	0.988092	39.9072
9.70636	14	0.988092	39.6869
9.81737	14	0.988092	39.5064
9.92838	14	0.988092	39.3414
10.0394	14	0.988092	39.1842
10.1504	14	0.988092	39.0201
10.2614	14	0.988092	38.8557
10.3724	14	0.988092	38.6964
10.4834	14	0.988092	38.5257
10.5944	14	0.988092	38.3384
10.7055	14	0.988092	38.1444
10.8165	14	0.988092	37.948
10.9275	14	0.988092	37.7513
11.0385	14	0.988092	37.5502
11.1495	14	0.988092	37.3432
11.2605	14	0.988092	37.1298
11.3715	14	0.988092	36.9059
11.4825	14	0.988092	36.671
11.5935	14	0.988092	36.4228
11.7045	14	0.988092	36.1608
11.8156	14	0.988092	35.8821
11.9266	14	0.988092	35.5829
12.0376	14	0.988092	35.2626
12.1486	14	0.988092	34.918
12.2596	14	0.988092	34.5407
12.3706	14	0.988092	34.1228
12.4816	14	0.988092	33.6402
12.5926	14	0.988092	33.0575
12.7036	14	0.988092	32.3621
12.8146	14	0.988092	31.5139
12.9257	14	0.988092	30.5461
13.0367	14	0.988092	29.4418
13.1477	14	0.988092	28.1356
13.2587	14	0.988092	26.6383
13.3697	14	0.988092	25.2042
13.4807	14	0.988092	24.0156
13.5917	14	0.988092	22.7917
13.7027	14	0.988092	21.4019
13.8137	14	0.988092	19.7889
13.9247	14	0.988092	17.8312
14.0358	14	0.988092	15.4368
14.1468	14	0.988092	12.4866
14.2578	14	0.988092	8.76277
14.3688	14	0.988092	3.64182
14.4798	14	0.988092	-4.04354
14.5908	14	0.988092	-15.2206
14.7018	14	0.988092	-33.2037
14.8128	14	0.988092	-54.005
14.9238	14	0.988092	-54.6107
15.0348	14	0.988092	-56.5606
15.1459	14	0.988092	-56.8291
15.2569	14	0.988092	-57.1044
15.3679	14	0.988092	-57.3843
15.4789	14	0.988092	-57.6733
15.5899	14	0.988092	-57.9747
15.7009	14	0.988092	-58.2868
15.8119	14	0.988092	-58.6142
15.9229	14	0.988092	-58.9572
16.0339	14	0.988092	-59.3171
16.1449	14	0.988092	-59.6961
16.256	14	0.988092	-60.1044
16.367	14	0.988092	-60.5508
16.478	14	0.988092	-61.0596
16.589	14	0.988092	-61.6993
16.7	14	0.988092	-62.6778
5.71	15	1.0533	49.9661
5.82101	15	1.0533	49.6858
5.93202	15	1.0533	49.4464
6.04303	15	1.0533	49.2276
6.15404	15	1.0533	49.008
6.26505	15	1.0533	48.7842
6.37606	15	1.0533	48.5559
6.48707	15	1.0533	48.3147
6.59808	15	1.0533	48.0673
6.70909	15	1.0533	47.8123
6.8201	15	1.0533	47.5461
6.93111	15	1.0533	47.2724
7.04212	15	1.0533	46.9871
7.15313	15	1.0533	46.6931
7.26414	15	1.0533	46.3922
7.37515	15	1.0533	46.0856
7.48616	15	1.0533	45.78
7.59717	15	1.0533	45.4765
7.70818	15	1.0533	45.1685
7.81919	15	1.0533	44.8555
7.9302	15	1.0533	44.532
8.04121	15	1.0533	44.1944
8.15222	15	1.0533	43.8485
8.26323	15	1.0533	43.4933
8.37424	15	1.0533	43.1356
8.48525	15	1.0533	42.7817
8.59626	15	1.0533	42.4454
8.70727	15	1.0533	42.1244
8.81828	15	1.0533	41.8125
8.92929	15	1.0533	41.4885
9.0403	15	1.0533	41.1596
9.15131	15	1.0533	40.8214
9.26232	15	1.0533	40.4946
9.37333	15	1.0533	40.2011
9.48434	15	1.0533	39.9682
9.59535	15	1.0533	39.7905
9.70636	15	1.0533	39.6409
9.81737	15	1.0533	39.5043
9.92838	15	1.0533	39.3695
10.0394	15	1.0533	39.2352
10.1504	15	1.0533	39.0869
10.2614	15	1.0533	38.9363
10.3724	15	1.0533	38.7931
10.4834	15	1.0533	38.6336
10.5944	15	1.0533	38.4503
10.7055	15	1.0533	38.2546
10.8165	15	1.0533	38.0562
10.9275	15	1.0533	37.8579
11.0385	15	1.0533	37.6532
11.1495	15	1.0533	37.4409
11.2605	15	1.0533	37.2209
11.3715	15	1.0533	36.9883
11.4825	15	1.0533	36.7428
11.5935	15	1.0533	36.4824
11.7045	15	1.0533	36.2064
11.8156	15	1.0533	35.9119
11.9266	15	1.0533	35.5943
12.0376	15	1.0533	35.2534
12.1486	15	1.0533	34.8865
12.2596	15	1.0533	34.4855
12.3706	15	1.0533	34.0432
12.4816	15	1.0533	33.5364
12.5926	15	1.0533	32.9316
12.7036	15	1.0533	32.2168
12.8146	15	1.0533	31.3549
12.9257	15	1.0533	30.3768
13.0367	15	1.0533	29.25
13.1477	15	1.0533	27.9096
13.2587	15	1.0533	26.3928
13.3697	15	1.0533	24.9905
13.4807	15	1.0533	23.8101
13.5917	15	1.0533	22.5614
13.7027	15	1.0533	21.1368
13.8137	15	1.0533	19.4781
13.9247	15	1.0533	17.4512
14.0358	15	1.0533	14.957
14.1468	15	1.0533	11.8631
14.2578	15	1.0533	7.93366
14.3688	15	1.0533	2.4926
14.4798	15	1.0533	-5.75369
14.5908	15	1.0533	-17.4219
14.7018	15	1.0533	-36.7558
14.8128	15	1.0533	-53.6545
14.9238	15	1.0533	-54.2689
15.0348	15	1.0533	-56.186
15.1459	15	1.0533	-56.4511
15.2569	15	1.0533	-56.7223
15.3679	15	1.0533	-56.9974
15.4789	15	1.0533	-57.2806
15.5899	15	1.0533	-57.575
15.7009	15	1.0533	-57.8793
15.8119	15	1.0533	-58.1977
15.9229	15	1.0533	-58.531
16.0339	15	1.0533	-58.8807
16.1449	15	1.0533	-59.2496
16.256	15	1.0533	-59.6479
16.367	15	1.0533	-60.0849
16.478	15	1.0533	-60.5853
16.589	15	1.0533	-61.218
16.7	15	1.0533	-62.1911
5.71	16	1.11851	49.9137
5.82101	16	1.11851	49.6309
5.93202	16	1.11851	49.3885
6.04303	16	1.11851	49.1665
6.15404	16	1.11851	48.9441
6.26505	16	1.11851	48.718
6.37606	16	1.11851	48.488
6.48707	16	1.11851	48.2457
6.59808	16	1.11851	47.9963
6.70909	16	1.11851	47.738
6.8201	16	1.11851	47.4647
6.93111	16	1.11851	47.1826
7.04212	16	1.11851	46.8876
7.15313	16	1.11851	46.584
7.26414	16	1.11851	46.2742
7.37515	16	1.11851	45.9613
7.48616	16	1.11851	45.6501
7.59717	16	1.11851	45.341
7.70818	16	1.11851	45.0219
7.81919	16	1.11851	44.695
7.9302	16	1.11851	44.3543
8.04121	16	1.11851	43.9971
8.15222	16	1.11851	43.6329
8.26323	16	1.11851	43.263
8.37424	16	1.11851	42.8979
8.48525	16	1.11851	42.5397
8.59626	16	1.11851	42.199
8.70727	16	1.11851	41.8694
8.81828	16	1.11851	41.5468
8.92929	16	1.11851	41.2144
9.0403	16	1.11851	40.8909
9.15131	16	1.11851	40.5799
9.26232	16	1.11851	40.3165
9.37333	16	1.11851	40.1011
9.48434	16	1.11851	39.9397
9.59535	16	1.11851	39.8034
9.70636	16	1.11851	39.6784
9.81737	16	1.11851	39.5552
9.92838	16	1.11851	39.4294
10.0394	16	1.11851	39.3023
10.1504	16	1.11851	39.1597
10.2614	16	1.11851	39.0146
10.3724	16	1.11851	38.8797
10.4834	16	1.11851	38.7265
10.5944	16	1.11851	38.5459
10.7055	16	1.11851	38.3484
10.8165	16	1.11851	38.1472
10.9275	16	1.11851	37.9461
11.0385	16	1.11851	37.7364
11.1495	16	1.11851	37.5177
11.2605	16	1.11851	37.2899
11.3715	16	1.11851	37.0478
11.4825	16	1.11851	36.7914
11.5935	16	1.11851	36.5192
11.7045	16	1.11851	36.2303
11.8156	16	1.11851	35.9221
11.9266	16	1.11851	35.5899
12.0376	16	1.11851	35.233
12.1486	16	1.11851	34.8488
12.2596	16	1.11851	34.4292
12.3706	16	1.11851	33.967
12.4816	16	1.11851	33.4404
12.5926	16	1.11851	32.8195
12.7036	16	1.11851	32.094
12.8146	16	1.11851	31.2317
12.9257	16	1.11851	30.2516
13.0367	16	1.11851	29.1088
13.1477	16	1.11851	27.7426
13.2587	16	1.11851	26.2186
13.3697	16	1.11851	24.847
13.4807	16	1.11851	23.6663
13.5917	16	1.11851	22.3944
13.7027	16	1.11851	20.9393
13.8137	16	1.11851	19.241
13.9247	16	1.11851	17.1551
14.0358	16	1.11851	14.577
14.1468	16	1.11851	11.3632
14.2578	16	1.11851	7.265
14.3688	16	1.11851	1.58037
14.4798	16	1.11851	-6.98012
14.5908	16	1.11851	-18.8996
14.7018	16	1.11851	-38.542
14.8128	16	1.11851	-53.346
14.9238	16	1.11851	-53.9701
15.0348	16	1.11851	-55.7507
15.1459	16	1.11851	-56.0136
15.2569	16	1.11851	-56.282
15.3679	16	1.11851	-56.5535
15.4789	16	1.11851	-56.8324
15.5899	16	1.11851	-57.1216
15.7009	16	1.11851	-57.4197
15.8119	16	1.11851	-57.7309
15.9229	16	1.11851	-58.0559
16.0339	16	1.11851	-58.3964
16.1449	16	1.11851	-58.7556
16.256	16	1.11851	-59.1441
16.367	16	1.11851	-59.5715
16.478	16	1.11851	-60.0632
16.589	16	1.11851	-60.6886
16.7	16	1.11851	-61.6563
5.71	17	1.18372	49.8094
5.82101	17	1.18372	49.5222
5.93202	17	1.18372	49.2757
6.04303	17	1.18372	49.0493
6.15404	17	1.18372	48.8237
6.26505	17	1.18372	48.5951
6.37606	17	1.18372	48.3633
6.48707	17	1.18372	48.1185
6.59808	17	1.18372	47.865
6.70909	17	1.18372	47.6005
6.8201	17	1.18372	47.3178
6.93111	17	1.18372	47.0255
7.04212	17	1.18372	46.7201
7.15313	17	1.18372	46.4077
7.26414	17	1.18372	46.0905
7.37515	17	1.18372	45.7723
7.48616	17	1.18372	45.4543
7.59717	17	1.18372	45.1364
7.70818	17	1.18372	44.8018
7.81919	17	1.18372	44.4568
7.9302	17	1.18372	44.0967
8.04121	17	1.18372	43.7199
8.15222	17	1.18372	43.3401
8.26323	17	1.18372	42.9623
8.37424	17	1.18372	42.5954
8.48525	17	1.18372	42.2367
8.59626	17	1.18372	41.8905
8.70727	17	1.18372	41.5554
8.81828	17	1.18372	41.2347
8.92929	17	1.18372	40.9206
9.0403	17	1.18372	40.6434
9.15131	17	1.18372	40.4055
9.26232	17	1.18372	40.2227
9.37333	17	1.18372	40.0691
9.48434	17	1.18372	39.9412
9.59535	17	1.18372	39.822
9.70636	17	1.18372	39.7064
9.81737	17	1.18372	39.5896
9.92838	17	1.18372	39.4689
10.0394	17	1.18372	39.3468
10.1504	17	1.18372	39.2091
10.2614	17	1.18372	39.0695
10.3724	17	1.18372	38.9435
10.4834	17	1.18372	38.7971
10.5944	17	1.18372	38.6195
10.7055	17	1.18372	38.4194
10.8165	17	1.18372	38.2144
10.9275	17	1.18372	38.0093
11.0385	17	1.18372	37.7933
11.1495	17	1.18372	37.5664
11.2605	17	1.18372	37.3291
11.3715	17	1.18372	37.0756
11.4825	17	1.18372	36.8062
11.5935	17	1.18372	36.52
11.7045	17	1.18372	36.2163
11.8156	17	1.18372	35.8925
11.9266	17	1.18372	35.5438
12.0376	17	1.18372	35.1697
12.1486	17	1.18372	34.7672
12.2596	17	1.18372	34.3286
12.3706	17	1.18372	33.8467
12.4816	17	1.18372	33.3008
12.5926	17	1.18372	32.6644
12.7036	17	1.18372	31.9281
12.8146	17	1.18372	31.062
12.9257	17	1.18372	30.0733
13.0367	17	1.18372	28.9104
13.1477	17	1.18372	27.518
13.2587	17	1.18372	25.9929
13.3697	17	1.18372	24.6521
13.4807	17	1.18372	23.4655
13.5917	17	1.18372	22.1686
13.7027	17	1.18372	20.6814
13.8137	17	1.18372	18.9416
13.9247	17	1.18372	16.7939
14.0358	17	1.18372	14.128
14.1468	17	1.18372	10.7894
14.2578	17	1.18372	6.5166
14.3688	17	1.18372	0.579083
14.4798	17	1.18372	-8.29637
14.5908	17	1.18372	-20.5076
14.7018	17	1.18372	-40.5752
14.8128	17	1.18372	-53.0253
14.9238	17	1.18372	-53.6416
15.0348	17	1.18372	-55.3282
15.1459	17	1.18372	-55.5886
15.2569	17	1.18372	-55.8539
15.3679	17	1.18372	-56.1217
15.4789	17	1.18372	-56.3961
15.5899	17	1.18372	-56.68
15.7009	17	1.18372	-56.9719
15.8119	17	1.18372	-57.276
15.9229	17	1.18372	-57.593
16.0339	17	1.18372	-57.9247
16.1449	17	1.18372	-58.2747
16.256	17	1.18372	-58.6538
16.367	17	1.18372	-59.072
16.478	17	1.18372	-59.5554
16.589	17	1.18372	-60.1736
16.7	17	1.18372	-61.1358
5.71	18	1.24893	49.6155
5.82101	18	1.24893	49.3219
5.93202	18	1.24893	49.0701
6.04303	18	1.24893	48.8383
6.15404	18	1.24893	48.6088
6.26505	18	1.24893	48.3767
6.37606	18	1.24893	48.1418
6.48707	18	1.24893	47.8909
6.59808	18	1.24893	47.6295
6.70909	18	1.24893	47.3545
6.8201	18	1.24893	47.0594
6.93111	18	1.24893	46.7547
7.04212	18	1.24893	46.4376
7.15313	18	1.24893	46.1165
7.26414	18	1.24893	45.7913
7.37515	18	1.24893	45.4646
7.48616	18	1.24893	45.1345
7.59717	18	1.24893	44.8013
7.70818	18	1.24893	44.4456
7.81919	18	1.24893	44.0781
7.9302	18	1.24893	43.6956
8.04121	18	1.24893	43.3017
8.15222	18	1.24893	42.911
8.26323	18	1.24893	42.532
8.37424	18	1.24893	42.1657
8.48525	18	1.24893	41.8084
8.59626	18	1.24893	41.4656
8.70727	18	1.24893	41.1472
8.81828	18	1.24893	40.8658
8.92929	18	1.24893	40.6234
9.0403	18	1.24893	40.4298
9.15131	18	1.24893	40.2705
9.26232	18	1.24893	40.1375
9.37333	18	1.24893	40.0136
9.48434	18	1.24893	39.8978
9.59535	18	1.24893	39.7852
9.70636	18	1.24893	39.674
9.81737	18	1.24893	39.5636
9.92838	18	1.24893	39.4493
10.0394	18	1.24893	39.3342
10.1504	18	1.24893	39.2039
10.2614	18	1.24893	39.0734
10.3724	18	1.24893	38.9618
10.4834	18	1.24893	38.8288
10.5944	18	1.24893	38.6594
10.7055	18	1.24893	38.4568
10.8165	18	1.24893	38.2483
10.9275	18	1.24893	38.0403
11.0385	18	1.24893	37.8183
11.1495	18	1.24893	37.5831
11.2605	18	1.24893	37.3359
11.3715	18	1.24893	37.0695
11.4825	18	1.24893	36.7849
11.5935	18	1.24893	36.4824
11.7045	18	1.24893	36.1613
11.8156	18	1.24893	35.819
11.9266	18	1.24893	35.4505
12.0376	18	1.24893	35.0552
12.1486	18	1.24893	34.6306
12.2596	18	1.24893	34.1691
12.3706	18	1.24893	33.6639
12.4816	18	1.24893	33.0955
12.5926	18	1.24893	32.4401
12.7036	18	1.24893	31.6878
12.8146	18	1.24893	30.8093
12.9257	18	1.24893	29.8039
13.0367	18	1.24893	28.6176
13.1477	18	1.24893	27.2014
13.2587	18	1.24893	25.679
13.3697	18	1.24893	24.36
13.4807	18	1.24893	23.1617
13.5917	18	1.24893	21.8405
13.7027	18	1.24893	20.3239
13.8137	18	1.24893	18.5475
13.9247	18	1.24893	16.3471
14.0358	18	1.24893	13.608
14.1468	18	1.24893	10.167
14.2578	18	1.24893	5.75209
14.3688	18	1.24893	-0.394846
14.4798	18	1.24893	-9.52521
14.5908	18	1.24893	-22.0374
14.7018	18	1.24893	-42.728
14.8128	18	1.24893	-52.6731
14.9238	18	1.24893	-53.2871
15.0348	18	1.24893	-54.9417
15.1459	18	1.24893	-55.1996
15.2569	18	1.24893	-55.4616
15.3679	18	1.24893	-55.7256
15.4789	18	1.24893	-55.9955
15.5899	18	1.24893	-56.2739
15.7009	18	1.24893	-56.5595
15.8119	18	1.24893	-56.8563
15.9229	18	1.24893	-57.1653
16.0339	18	1.24893	-57.4884
16.1449	18	1.24893	-57.8298
16.256	18	1.24893	-58.2002
16.367	18	1.24893	-58.6102
16.478	18	1.24893	-59.0861
16.589	18	1.24893	-59.6979
16.7	18	1.24893	-60.6549
5.71	19	1.31414	49.4085
5.82101	19	1.31414	49.1084
5.93202	19	1.31414	48.8512
6.04303	19	1.31414	48.6144
6.15404	19	1.31414	48.3818
6.26505	19	1.31414	48.1458
6.37606	19	1.31414	47.9068
6.48707	19	1.31414	47.6477
6.59808	19	1.31414	47.3767
6.70909	19	1.31414	47.0908
6.8201	19	1.31414	46.7847
6.93111	19	1.31414	46.4703
7.04212	19	1.31414	46.146
7.15313	19	1.31414	45.8205
7.26414	19	1.31414	45.4907
7.37515	19	1.31414	45.1544
7.48616	19	1.31414	44.8101
7.59717	19	1.31414	44.4601
7.70818	19	1.31414	44.0837
7.81919	19	1.31414	43.697
7.9302	19	1.31414	43.2993
8.04121	19	1.31414	42.9039
8.15222	19	1.31414	42.5191
8.26323	19	1.31414	42.1523
8.37424	19	1.31414	41.7992
8.48525	19	1.31414	41.4612
8.59626	19	1.31414	41.1522
8.70727	19	1.31414	40.8903
8.81828	19	1.31414	40.6805
8.92929	19	1.31414	40.5144
9.0403	19	1.31414	40.374
9.15131	19	1.31414	40.2456
9.26232	19	1.31414	40.1252
9.37333	19	1.31414	40.0063
9.48434	19	1.31414	39.891
9.59535	19	1.31414	39.7778
9.70636	19	1.31414	39.6658
9.81737	19	1.31414	39.5554
9.92838	19	1.31414	39.4416
10.0394	19	1.31414	39.3277
10.1504	19	1.31414	39.1996
10.2614	19	1.31414	39.0722
10.3724	19	1.31414	38.9671
10.4834	19	1.31414	38.8406
10.5944	19	1.31414	38.6755
10.7055	19	1.31414	38.4697
10.8165	19	1.31414	38.2565
10.9275	19	1.31414	38.0436
11.0385	19	1.31414	37.8136
11.1495	19	1.31414	37.5682
11.2605	19	1.31414	37.3093
11.3715	19	1.31414	37.0285
11.4825	19	1.31414	36.7275
11.5935	19	1.31414	36.4077
11.7045	19	1.31414	36.0687
11.8156	19	1.31414	35.7078
11.9266	19	1.31414	35.3202
12.0376	19	1.31414	34.9053
12.1486	19	1.31414	34.4609
12.2596	19	1.31414	33.9796
12.3706	19	1.31414	33.455
12.4816	19	1.31414	32.8688
12.5926	19	1.31414	32.1999
12.7036	19	1.31414	31.4378
12.8146	19	1.31414	30.553
12.9257	19	1.31414	29.5361
13.0367	19	1.31414	28.3325
13.1477	19	1.31414	26.9005
13.2587	19	1.31414	25.3881
13.3697	19	1.31414	24.0872
13.4807	19	1.31414	22.8765
13.5917	19	1.31414	21.5332
13.7027	19	1.31414	19.9902
13.8137	19	1.31414	18.181
13.9247	19	1.31414	15.9335
14.0358	19	1.31414	13.1287
14.1468	19	1.31414	9.59493
14.2578	19	1.31414	5.05006
14.3688	19	1.31414	-1.28989
14.4798	19	1.31414	-10.6284
14.5908	19	1.31414	-23.4049
14.7018	19	1.31414	-44.4786
14.8128	19	1.31414	-52.3571
14.9238	19	1.31414	-52.9781
15.0348	19	1.31414	-54.5077
15.1459	19	1.31414	-54.7636
15.2569	19	1.31414	-55.0231
15.3679	19	1.31414	-55.2841
15.4789	19	1.31414	-55.5504
15.5899	19	1.31414	-55.8246
15.7009	19	1.31414	-56.1053
15.8119	19	1.31414	-56.3965
15.9229	19	1.31414	-56.6992
16.0339	19	1.31414	-57.0155
16.1449	19	1.31414	-57.3497
16.256	19	1.31414	-57.7128
16.367	19	1.31414	-58.1155
16.478	19	1.31414	-58.5849
16.589	19	1.31414	-59.1911
16.7	19	1.31414	-60.144
5.71	20	1.37935	49.1045
5.82101	20	1.37935	48.7974
5.93202	20	1.37935	48.5344
6.04303	20	1.37935	48.2923
6.15404	20	1.37935	48.0552
6.26505	20	1.37935	47.8123
6.37606	20	1.37935	47.565
6.48707	20	1.37935	47.2938
6.59808	20	1.37935	47.0103
6.70909	20	1.37935	46.7112
6.8201	20	1.37935	46.3942
6.93111	20	1.37935	46.0711
7.04212	20	1.37935	45.7416
7.15313	20	1.37935	45.4097
7.26414	20	1.37935	45.0712
7.37515	20	1.37935	44.7189
7.48616	20	1.37935	44.3551
7.59717	20	1.37935	43.985
7.70818	20	1.37935	43.5891
7.81919	20	1.37935	43.1904
7.9302	20	1.37935	42.7927
8.04121	20	1.37935	42.4148
8.15222	20	1.37935	42.056
8.26323	20	1.37935	41.7214
8.37424	20	1.37935	41.409
8.48525	20	1.37935	41.1243
8.59626	20	1.37935	40.883
8.70727	20	1.37935	40.6931
8.81828	20	1.37935	40.5437
8.92929	20	1.37935	40.4141
9.0403	20	1.37935	40.2928
9.15131	20	1.37935	40.171
9.26232	20	1.37935	40.0525
9.37333	20	1.37935	39.9339
9.48434	20	1.37935	39.8169
9.59535	20	1.37935	39.7019
9.70636	20	1.37935	39.5881
9.81737	20	1.37935	39.4785
9.92838	20	1.37935	39.366
10.0394	20	1.37935	39.2536
10.1504	20	1.37935	39.1284
10.2614	20	1.37935	39.0056
10.3724	20	1.37935	38.9096
10.4834	20	1.37935	38.7943
10.5944	20	1.37935	38.6394
10.7055	20	1.37935	38.432
10.8165	20	1.37935	38.2155
10.9275	20	1.37935	38.0003
11.0385	20	1.37935	37.764
11.1495	20	1.37935	37.5095
11.2605	20	1.37935	37.2398
11.3715	20	1.37935	36.9439
11.4825	20	1.37935	36.6244
11.5935	20	1.37935	36.2854
11.7045	20	1.37935	35.9261
11.8156	20	1.37935	35.5443
11.9266	20	1.37935	35.1346
12.0376	20	1.37935	34.6969
12.1486	20	1.37935	34.229
12.2596	20	1.37935	33.7241
12.3706	20	1.37935	33.1761
12.4816	20	1.37935	32.5679
12.5926	20	1.37935	31.8809
12.7036	20	1.37935	31.103
12.8146	20	1.37935	30.2044
12.9257	20	1.37935	29.17
13.0367	20	1.37935	27.9462
13.1477	20	1.37935	26.4987
13.2587	20	1.37935	24.997
13.3697	20	1.37935	23.7072
13.4807	20	1.37935	22.4804
13.5917	20	1.37935	21.1138
13.7027	20	1.37935	19.5444
13.8137	20	1.37935	17.7036
13.9247	20	1.37935	15.4131
14.0358	20	1.37935	12.5507
14.1468	20	1.37935	8.93797
14.2578	20	1.37935	4.28448
14.3688	20	1.37935	-2.21755
14.4798	20	1.37935	-11.7239
14.5908	20	1.37935	-24.749
14.7018	20	1.37935	-46.2292
14.8128	20	1.37935	-52.0163
14.9238	20	1.37935	-52.6628
15.0348	20	1.37935	-54.104
15.1459	20	1.37935	-54.3577
15.2569	20	1.37935	-54.6146
15.3679	20	1.37935	-54.8723
15.4789	20	1.37935	-55.1347
15.5899	20	1.37935	-55.4042
15.7009	20	1.37935	-55.6794
15.8119	20	1.37935	-55.9644
15.9229	20	1.37935	-56.26
16.0339	20	1.37935	-56.5686
16.1449	20	1.37935	-56.8949
16.256	20	1.37935	-57.2499
16.367	20	1.37935	-57.6448
16.478	20	1.37935	-58.107
16.589	20	1.37935	-58.7069
16.7	20	1.37935	-59.6546
5.71	21	1.44456	48.7599
5.82101	21	1.44456	48.4463
5.93202	21	1.44456	48.1775
6.04303	21	1.44456	47.93
6.15404	21	1.44456	47.6855
6.26505	21	1.44456	47.4326
6.37606	21	1.44456	47.1735
6.48707	21	1.44456	46.8889
6.59808	21	1.44456	46.5926
6.70909	21	1.44456	46.2817
6.8201	21	1.44456	45.9588
6.93111	21	1.44456	45.6316
7.04212	21	1.44456	45.2993
7.15313	21	1.44456	44.9593
7.26414	21	1.44456	44.6092
7.37515	21	1.44456	44.2405
7.48616	21	1.44456	43.8597
7.59717	21	1.44456	43.4756
7.70818	21	1.44456	43.0811
7.81919	21	1.44456	42.7004
7.9302	21	1.44456	42.3419
8.04121	21	1.44456	42.0159
8.15222	21	1.44456	41.7151
8.26323	21	1.44456	41.4426
8.37424	21	1.44456	41.1925
8.48525	21	1.44456	40.9671
8.59626	21	1.44456	40.7763
8.70727	21	1.44456	40.6218
8.81828	21	1.44456	40.4924
8.92929	21	1.44456	40.3683
9.0403	21	1.44456	40.2467
9.15131	21	1.44456	40.1211
9.26232	21	1.44456	39.9978
9.37333	21	1.44456	39.8741
9.48434	21	1.44456	39.7518
9.59535	21	1.44456	39.6319
9.70636	21	1.44456	39.5136
9.81737	21	1.44456	39.4004
9.92838	21	1.44456	39.2851
10.0394	21	1.44456	39.1707
10.1504	21	1.44456	39.0449
10.2614	21	1.44456	38.9223
10.3724	21	1.44456	38.8292
10.4834	21	1.44456	38.7183
10.5944	21	1.44456	38.568
10.7055	21	1.44456	38.3581
10.8165	21	1.44456	38.1375
10.9275	21	1.44456	37.918
11.0385	21	1.44456	37.6739
11.1495	21	1.44456	37.4088
11.2605	21	1.44456	37.1269
11.3715	21	1.44456	36.8146
11.4825	21	1.44456	36.4755
11.5935	21	1.44456	36.1159
11.7045	21	1.44456	35.7354
11.8156	21	1.44456	35.3317
11.9266	21	1.44456	34.8995
12.0376	21	1.44456	34.4388
12.1486	21	1.44456	33.9477
12.2596	21	1.44456	33.42
12.3706	21	1.44456	32.85
12.4816	21	1.44456	32.2219
12.5926	21	1.44456	31.5188
12.7036	21	1.44456	30.7275
12.8146	21	1.44456	29.8174
12.9257	21	1.44456	28.7685
13.0367	21	1.44456	27.5287
13.1477	21	1.44456	26.0725
13.2587	21	1.44456	24.5867
13.3697	21	1.44456	23.306
13.4807	21	1.44456	22.0634
13.5917	21	1.44456	20.6748
13.7027	21	1.44456	19.0807
13.8137	21	1.44456	17.211
13.9247	21	1.44456	14.8816
14.0358	21	1.44456	11.968
14.1468	21	1.44456	8.28552
14.2578	21	1.44456	3.53642
14.3688	21	1.44456	-3.11071
14.4798	21	1.44456	-12.7631
14.5908	21	1.44456	-26.0287
14.7018	21	1.44456	-47.886
14.8128	21	1.44456	-51.678
14.9238	21	1.44456	-52.321
15.0348	21	1.44456	-53.6619
15.1459	21	1.44456	-53.9142
15.2569	21	1.44456	-54.1691
15.3679	21	1.44456	-54.4245
15.4789	21	1.44456	-54.684
15.5899	21	1.44456	-54.9498
15.7009	21	1.44456	-55.2208
15.8119	21	1.44456	-55.5007
15.9229	21	1.44456	-55.7905
16.0339	21	1.44456	-56.0927
16.1449	21	1.44456	-56.4121
16.256	21	1.44456	-56.7598
16.367	21	1.44456	-57.1473
16.478	21	1.44456	-57.6025
16.589	21	1.44456	-58.196
16.7	21	1.44456	-59.1384
5.71	22	1.50977	48.3325
5.82101	22	1.50977	48.0132
5.93202	22	1.50977	47.7372
6.04303	22	1.50977	47.482
6.15404	22	1.50977	47.2252
6.26505	22	1.50977	46.9588
6.37606	22	1.50977	46.6846
6.48707	22	1.50977	46.3858
6.59808	22	1.50977	46.0779
6.70909	22	1.50977	45.7589
6.8201	22	1.50977	45.4348
6.93111	22	1.50977	45.1059
7.04212	22	1.50977	44.7687
7.15313	22	1.50977	44.4188
7.26414	22	1.50977	44.0572
7.37515	22	1.50977	43.6801
7.48616	22	1.50977	43.3013
7.59717	22	1.50977	42.9338
7.70818	22	1.50977	42.5937
7.81919	22	1.50977	42.2827
7.9302	22	1.50977	42.0023
8.04121	22	1.50977	41.7488
8.15222	22	1.50977	41.5119
8.26323	22	1.50977	41.292
8.37424	22	1.50977	41.0811
8.48525	22	1.50977	40.8838
8.59626	22	1.50977	40.7082
8.70727	22	1.50977	40.5598
8.81828	22	1.50977	40.4301
8.92929	22	1.50977	40.3012
9.0403	22	1.50977	40.1734
9.15131	22	1.50977	40.0407
9.26232	22	1.50977	39.9101
9.37333	22	1.50977	39.7788
9.48434	22	1.50977	39.6494
9.59535	22	1.50977	39.5226
9.70636	22	1.50977	39.398
9.81737	22	1.50977	39.2794
9.92838	22	1.50977	39.1596
10.0394	22	1.50977	39.0415
10.1504	22	1.50977	38.9134
10.2614	22	1.50977	38.7894
10.3724	22	1.50977	38.6971
10.4834	22	1.50977	38.589
10.5944	22	1.50977	38.4423
10.7055	22	1.50977	38.2296
10.8165	22	1.50977	38.0047
10.9275	22	1.50977	37.7811
11.0385	22	1.50977	37.5293
11.1495	22	1.50977	37.2538
11.2605	22	1.50977	36.9597
11.3715	22	1.50977	36.6304
11.4825	22	1.50977	36.2702
11.5935	22	1.50977	35.8884
11.7045	22	1.50977	35.4849
11.8156	22	1.50977	35.0574
11.9266	22	1.50977	34.6008
12.0376	22	1.50977	34.1151
12.1486	22	1.50977	33.5988
12.2596	22	1.50977	33.0461
12.3706	22	1.50977	32.452
12.4816	22	1.50977	31.8018
12.5926	22	1.50977	31.0801
12.7036	22	1.50977	30.2725
12.8146	22	1.50977	29.3475
12.9257	22	1.50977	28.2816
13.0367	22	1.50977	27.0247
13.1477	22	1.50977	25.5612
13.2587	22	1.50977	24.0936
13.3697	22	1.50977	22.8194
13.4807	22	1.50977	21.5589
13.5917	22	1.50977	20.1467
13.7027	22	1.50977	18.5257
13.8137	22	1.50977	16.6244
13.9247	22	1.50977	14.2531
14.0358	22	1.50977	11.2842
14.1468	22	1.50977	7.52727
14.2578	22	1.50977	2.67656
14.3688	22	1.50977	-4.12419
14.4798	22	1.50977	-13.9256
14.5908	22	1.50977	-27.4487
14.7018	22	1.50977	-49.6753
14.8128	22	1.50977	-51.3461
14.9238	22	1.50977	-51.9981
15.0348	22	1.50977	-53.2173
15.1459	22	1.50977	-53.468
15.2569	22	1.50977	-53.7209
15.3679	22	1.50977	-53.9738
15.4789	22	1.50977	-54.2303
15.5899	22	1.50977	-54.4925
15.7009	22	1.50977	-54.7593
15.8119	22	1.50977	-55.0343
15.9229	22	1.50977	-55.3186
16.0339	22	1.50977	-55.6147
16.1449	22	1.50977	-55.9275
16.256	22	1.50977	-56.2683
16.367	22	1.50977	-56.6488
16.478	22	1.50977	-57.0972
16.589	22	1.50977	-57.6845
16.7	22	1.50977	-58.6216
5.71	23	1.57498	47.7919
5.82101	23	1.57498	47.4666
5.93202	23	1.57498	47.1802
6.04303	23	1.57498	46.9129
6.15404	23	1.57498	46.64
6.26505	23	1.57498	46.3576
6.37606	23	1.57498	46.0668
6.48707	23	1.57498	45.7572
6.59808	23	1.57498	45.4438
6.70909	23	1.57498	45.1256
6.8201	23	1.57498	44.804
6.93111	23	1.57498	44.4759
7.04212	23	1.57498	44.1377
7.15313	23	1.57498	43.79
7.26414	23	1.57498	43.4387
7.37515	23	1.57498	43.0954
7.48616	23	1.57498	42.7791
7.59717	23	1.57498	42.494
7.70818	23	1.57498	42.2474
7.81919	23	1.57498	42.0163
7.9302	23	1.57498	41.7958
8.04121	23	1.57498	41.5836
8.15222	23	1.57498	41.3758
8.26323	23	1.57498	41.1728
8.37424	23	1.57498	40.9703
8.48525	23	1.57498	40.7761
8.59626	23	1.57498	40.598
8.70727	23	1.57498	40.4438
8.81828	23	1.57498	40.3056
8.92929	23	1.57498	40.1667
9.0403	23	1.57498	40.0289
9.15131	23	1.57498	39.8857
9.26232	23	1.57498	39.7454
9.37333	23	1.57498	39.6045
9.48434	23	1.57498	39.4652
9.59535	23	1.57498	39.3289
9.70636	23	1.57498	39.1953
9.81737	23	1.57498	39.07
9.92838	23	1.57498	38.9441
10.0394	23	1.57498	38.8202
10.1504	23	1.57498	38.6878
10.2614	23	1.57498	38.5608
10.3724	23	1.57498	38.4678
10.4834	23	1.57498	38.3632
10.5944	23	1.57498	38.2242
10.7055	23	1.57498	38.0109
10.8165	23	1.57498	37.7847
10.9275	23	1.57498	37.5618
11.0385	23	1.57498	37.3073
11.1495	23	1.57498	37.0269
11.2605	23	1.57498	36.7268
11.3715	23	1.57498	36.3831
11.4825	23	1.57498	36.001
11.5935	23	1.57498	35.5965
11.7045	23	1.57498	35.1688
11.8156	23	1.57498	34.7164
11.9266	23	1.57498	34.2334
12.0376	23	1.57498	33.7205
12.1486	23	1.57498	33.1764
12.2596	23	1.57498	32.5955
12.3706	23	1.57498	31.9737
12.4816	23	1.57498	31.2973
12.5926	23	1.57498	30.5523
12.7036	23	1.57498	29.723
12.8146	23	1.57498	28.7774
12.9257	23	1.57498	27.6897
13.0367	23	1.57498	26.4123
13.1477	23	1.57498	24.9403
13.2587	23	1.57498	23.4876
13.3697	23	1.57498	22.2129
13.4807	23	1.57498	20.9306
13.5917	23	1.57498	19.4917
13.7027	23	1.57498	17.8411
13.8137	23	1.57498	15.9059
13.9247	23	1.57498	13.4907
14.0358	23	1.57498	10.4657
14.1468	23	1.57498	6.63439
14.2578	23	1.57498	1.68378
14.3688	23	1.57498	-5.26673
14.4798	23	1.57498	-15.2104
14.5908	23	1.57498	-28.9893
14.7018	23	1.57498	-50.5788
14.8128	23	1.57498	-50.9891
14.9238	23	1.57498	-51.6596
15.0348	23	1.57498	-52.7981
15.1459	23	1.57498	-53.0477
15.2569	23	1.57498	-53.299
15.3679	23	1.57498	-53.5498
15.4789	23	1.57498	-53.8034
15.5899	23	1.57498	-54.0621
15.7009	23	1.57498	-54.3246
15.8119	23	1.57498	-54.5945
15.9229	23	1.57498	-54.8729
16.0339	23	1.57498	-55.1625
16.1449	23	1.57498	-55.4683
16.256	23	1.57498	-55.8016
16.367	23	1.57498	-56.1746
16.478	23	1.57498	-56.6157
16.589	23	1.57498	-57.1961
16.7	23	1.57498	-58.127
5.71	24	1.64018	47.1749
5.82101	24	1.64018	46.8399
5.93202	24	1.64018	46.5396
6.04303	24	1.64018	46.257
6.15404	24	1.64018	45.9677
6.26505	24	1.64018	45.6727
6.37606	24	1.64018	45.3715
6.48707	24	1.64018	45.0678
6.59808	24	1.64018	44.7652
6.70909	24	1.64018	44.4645
6.8201	24	1.64018	44.1613
6.93111	24	1.64018	43.8551
7.04212	24	1.64018	43.5497
7.15313	24	1.64018	43.2532
7.26414	24	1.64018	42.9697
7.37515	24	1.64018	42.7169
7.48616	24	1.64018	42.4896
7.59717	24	1.64018	42.2802
7.70818	24	1.64018	42.0806
7.81919	24	1.64018	41.8818
7.9302	24	1.64018	41.6802
8.04121	24	1.64018	41.4778
8.15222	24	1.64018	41.2752
8.26323	24	1.64018	41.0732
8.37424	24	1.64018	40.8691
8.48525	24	1.64018	40.6712
8.59626	24	1.64018	40.487
8.70727	24	1.64018	40.325
8.81828	24	1.64018	40.1777
8.92929	24	1.64018	40.0285
9.0403	24	1.64018	39.8798
9.15131	24	1.64018	39.7248
9.26232	24	1.64018	39.572
9.37333	24	1.64018	39.4182
9.48434	24	1.64018	39.2664
9.59535	24	1.64018	39.118
9.70636	24	1.64018	38.9731
9.81737	24	1.64018	38.8375
9.92838	24	1.64018	38.7026
10.0394	24	1.64018	38.5709
10.1504	24	1.64018	38.4322
10.2614	24	1.64018	38.2997
10.3724	24	1.64018	38.2025
10.4834	24	1.64018	38.0954
10.5944	24	1.64018	37.9556
10.7055	24	1.64018	37.7387
10.8165	24	1.64018	37.5078
10.9275	24	1.64018	37.2813
11.0385	24	1.64018	37.0207
11.1495	24	1.64018	36.7329
11.2605	24	1.64018	36.4252
11.3715	24	1.64018	36.0663
11.4825	24	1.64018	35.662
11.5935	24	1.64018	35.2337
11.7045	24	1.64018	34.781
11.8156	24	1.64018	34.3025
11.9266	24	1.64018	33.7923
12.0376	24	1.64018	33.2513
12.1486	24	1.64018	32.6785
12.2596	24	1.64018	32.0688
12.3706	24	1.64018	31.4187
12.4816	24	1.64018	30.7158
12.5926	24	1.64018	29.9471
12.7036	24	1.64018	29.0959
12.8146	24	1.64018	28.1298
12.9257	24	1.64018	27.0217
13.0367	24	1.64018	25.7266
13.1477	24	1.64018	24.251
13.2587	24	1.64018	22.8152
13.3697	24	1.64018	21.5389
13.4807	24	1.64018	20.2359
13.5917	24	1.64018	18.7717
13.7027	24	1.64018	17.0931
13.8137	24	1.64018	15.1255
13.9247	24	1.64018	12.6688
14.0358	24	1.64018	9.59073
14.1468	24	1.64018	5.68908
14.2578	24	1.64018	0.643466
14.3688	24	1.64018	-6.45073
14.4798	24	1.64018	-16.5295
14.5908	24	1.64018	-30.559
14.7018	24	1.64018	-50.2763
14.8128	24	1.64018	-50.6538
14.9238	24	1.64018	-51.3267
15.0348	24	1.64018	-52.3376
15.1459	24	1.64018	-52.5857
15.2569	24	1.64018	-52.8351
15.3679	24	1.64018	-53.0836
15.4789	24	1.64018	-53.3344
15.5899	24	1.64018	-53.5897
15.7009	24	1.64018	-53.8483
15.8119	24	1.64018	-54.1136
15.9229	24	1.64018	-54.387
16.0339	24	1.64018	-54.671
16.1449	24	1.64018	-54.9709
16.256	24	1.64018	-55.2979
16.367	24	1.64018	-55.6644
16.478	24	1.64018	-56.0992
16.589	24	1.64018	-56.6736
16.7	24	1.64018	-57.5991
5.71	25	1.70539	46.4472
5.82101	25	1.70539	46.1001
5.93202	25	1.70539	45.7894
6.04303	25	1.70539	45.4975
6.15404	25	1.70539	45.2059
6.26505	25	1.70539	44.9231
6.37606	25	1.70539	44.644
6.48707	25	1.70539	44.3838
6.59808	25	1.70539	44.1273
6.70909	25	1.70539	43.8764
6.8201	25	1.70539	43.6309
6.93111	25	1.70539	43.3876
7.04212	25	1.70539	43.1509
7.15313	25	1.70539	42.926
7.26414	25	1.70539	42.7102
7.37515	25	1.70539	42.508
7.48616	25	1.70539	42.3159
7.59717	25	1.70539	42.1283
7.70818	25	1.70539	41.9394
7.81919	25	1.70539	41.7474
7.9302	25	1.70539	41.5487
8.04121	25	1.70539	41.3461
8.15222	25	1.70539	41.1416
8.26323	25	1.70539	40.9361
8.37424	25	1.70539	40.7276
8.48525	25	1.70539	40.5235
8.59626	25	1.70539	40.3316
8.70727	25	1.70539	40.1598
8.81828	25	1.70539	40.0012
8.92929	25	1.70539	39.8395
9.0403	25	1.70539	39.6773
9.15131	25	1.70539	39.5078
9.26232	25	1.70539	39.3399
9.37333	25	1.70539	39.1703
9.48434	25	1.70539	39.003
9.59535	25	1.70539	38.8396
9.70636	25	1.70539	38.6806
9.81737	25	1.70539	38.5324
9.92838	25	1.70539	38.3862
10.0394	25	1.70539	38.2447
10.1504	25	1.70539	38.0975
10.2614	25	1.70539	37.9576
10.3724	25	1.70539	37.8539
10.4834	25	1.70539	37.742
10.5944	25	1.70539	37.5992
10.7055	25	1.70539	37.3771
10.8165	25	1.70539	37.1403
10.9275	25	1.70539	36.9095
11.0385	25	1.70539	36.6431
11.1495	25	1.70539	36.35
11.2605	25	1.70539	36.0382
11.3715	25	1.70539	35.6666
11.4825	25	1.70539	35.2406
11.5935	25	1.70539	34.7887
11.7045	25	1.70539	34.3106
11.8156	25	1.70539	33.8056
11.9266	25	1.70539	33.2671
12.0376	25	1.70539	32.6966
12.1486	25	1.70539	32.0934
12.2596	25	1.70539	31.4527
12.3706	25	1.70539	30.7718
12.4816	25	1.70539	30.0394
12.5926	25	1.70539	29.2437
12.7036	25	1.70539	28.3669
12.8146	25	1.70539	27.3768
12.9257	25	1.70539	26.2455
13.0367	25	1.70539	24.9312
13.1477	25	1.70539	23.4526
13.2587	25	1.70539	22.0309
13.3697	25	1.70539	20.7488
13.4807	25	1.70539	19.4236
13.5917	25	1.70539	17.933
13.7027	25	1.70539	16.2254
13.8137	25	1.70539	14.225
13.9247	25	1.70539	11.7273
14.0358	25	1.70539	8.59819
14.1468	25	1.70539	4.63023
14.2578	25	1.70539	-0.503917
14.3688	25	1.70539	-7.73239
14.4798	25	1.70539	-17.9375
14.5908	25	1.70539	-32.2098
14.7018	25	1.70539	-49.9402
14.8128	25	1.70539	-50.3176
14.9238	25	1.70539	-50.9776
15.0348	25	1.70539	-51.8778
15.1459	25	1.70539	-52.1243
15.2569	25	1.70539	-52.3717
15.3679	25	1.70539	-52.6178
15.4789	25	1.70539	-52.8658
15.5899	25	1.70539	-53.1177
15.7009	25	1.70539	-53.3725
15.8119	25	1.70539	-53.6335
15.9229	25	1.70539	-53.902
16.0339	25	1.70539	-54.1807
16.1449	25	1.70539	-54.4749
16.256	25	1.70539	-54.796
16.367	25	1.70539	-55.1563
16.478	25	1.70539	-55.5851
16.589	25	1.70539	-56.1536
16.7	25	1.70539	-57.0739
5.71	26	1.7706	45.6235
5.82101	26	1.7706	45.2827
5.93202	26	1.7706	44.9951
6.04303	26	1.7706	44.7349
6.15404	26	1.7706	44.499
6.26505	26	1.7706	44.2833
6.37606	26	1.7706	44.0779
6.48707	26	1.7706	43.8838
6.59808	26	1.7706	43.6892
6.70909	26	1.7706	43.4942
6.8201	26	1.7706	43.2972
6.93111	26	1.7706	43.0977
7.04212	26	1.7706	42.8949
7.15313	26	1.7706	42.695
7.26414	26	1.7706	42.4983
7.37515	26	1.7706	42.3055
7.48616	26	1.7706	42.1197
7.59717	26	1.7706	41.9357
7.70818	26	1.7706	41.7489
7.81919	26	1.7706	41.558
7.9302	26	1.7706	41.3589
8.04121	26	1.7706	41.1535
8.15222	26	1.7706	40.9447
8.26323	26	1.7706	40.7336
8.37424	26	1.7706	40.5185
8.48525	26	1.7706	40.306
8.59626	26	1.7706	40.1039
8.70727	26	1.7706	39.9194
8.81828	26	1.7706	39.746
8.92929	26	1.7706	39.5679
9.0403	26	1.7706	39.3884
9.15131	26	1.7706	39.2003
9.26232	26	1.7706	39.0135
9.37333	26	1.7706	38.8241
9.48434	26	1.7706	38.6374
9.59535	26	1.7706	38.455
9.70636	26	1.7706	38.2781
9.81737	26	1.7706	38.1146
9.92838	26	1.7706	37.9546
10.0394	26	1.7706	37.8008
10.1504	26	1.7706	37.6423
10.2614	26	1.7706	37.4923
10.3724	26	1.7706	37.3789
10.4834	26	1.7706	37.2598
10.5944	26	1.7706	37.113
10.7055	26	1.7706	36.8847
10.8165	26	1.7706	36.6416
10.9275	26	1.7706	36.4068
11.0385	26	1.7706	36.1361
11.1495	26	1.7706	35.8425
11.2605	26	1.7706	35.5357
11.3715	26	1.7706	35.1587
11.4825	26	1.7706	34.7141
11.5935	26	1.7706	34.2409
11.7045	26	1.7706	33.7393
11.8156	26	1.7706	33.2088
11.9266	26	1.7706	32.6421
12.0376	26	1.7706	32.0414
12.1486	26	1.7706	31.4063
12.2596	26	1.7706	30.7323
12.3706	26	1.7706	30.0176
12.4816	26	1.7706	29.2524
12.5926	26	1.7706	28.4254
12.7036	26	1.7706	27.5183
12.8146	26	1.7706	26.499
12.9257	26	1.7706	25.3395
13.0367	26	1.7706	24.0014
13.1477	26	1.7706	22.5163
13.2587	26	1.7706	21.1031
13.3697	26	1.7706	19.8095
13.4807	26	1.7706	18.458
13.5917	26	1.7706	16.9371
13.7027	26	1.7706	15.196
13.8137	26	1.7706	13.1578
13.9247	26	1.7706	10.613
14.0358	26	1.7706	7.42538
14.1468	26	1.7706	3.38223
14.2578	26	1.7706	-1.85122
14.3688	26	1.7706	-9.22783
14.4798	26	1.7706	-19.5709
14.5908	26	1.7706	-34.1078
14.7018	26	1.7706	-49.5943
14.8128	26	1.7706	-49.9666
14.9238	26	1.7706	-50.6068
15.0348	26	1.7706	-51.4254
15.1459	26	1.7706	-51.6708
15.2569	26	1.7706	-51.9167
15.3679	26	1.7706	-52.1609
15.4789	26	1.7706	-52.4065
15.5899	26	1.7706	-52.6556
15.7009	26	1.7706	-52.9069
15.8119	26	1.7706	-53.1639
15.9229	26	1.7706	-53.4279
16.0339	26	1.7706	-53.7018
16.1449	26	1.7706	-53.9908
16.256	26	1.7706	-54.3063
16.367	26	1.7706	-54.6609
16.478	26	1.7706	-55.0839
16.589	26	1.7706	-55.6469
16.7	26	1.7706	-56.5619
5.71	27	1.83581	44.8767
5.82101	27	1.83581	44.5959
5.93202	27	1.83581	44.3782
6.04303	27	1.83581	44.189
6.15404	27	1.83581	44.0197
6.26505	27	1.83581	43.8554
6.37606	27	1.83581	43.6932
6.48707	27	1.83581	43.5257
6.59808	27	1.83581	43.3539
6.70909	27	1.83581	43.1764
6.8201	27	1.83581	42.9911
6.93111	27	1.83581	42.801
7.04212	27	1.83581	42.6041
7.15313	27	1.83581	42.4084
7.26414	27	1.83581	42.2154
7.37515	27	1.83581	42.026
7.48616	27	1.83581	41.844
7.59717	27	1.83581	41.6634
7.70818	27	1.83581	41.4801
7.81919	27	1.83581	41.2916
7.9302	27	1.83581	41.0932
8.04121	27	1.83581	40.8854
8.15222	27	1.83581	40.6723
8.26323	27	1.83581	40.4553
8.37424	27	1.83581	40.233
8.48525	27	1.83581	40.0114
8.59626	27	1.83581	39.7975
8.70727	27	1.83581	39.5983
8.81828	27	1.83581	39.4083
8.92929	27	1.83581	39.2121
9.0403	27	1.83581	39.0137
9.15131	27	1.83581	38.8056
9.26232	27	1.83581	38.5975
9.37333	27	1.83581	38.3862
9.48434	27	1.83581	38.178
9.59535	27	1.83581	37.975
9.70636	27	1.83581	37.779
9.81737	27	1.83581	37.5986
9.92838	27	1.83581	37.424
10.0394	27	1.83581	37.2582
10.1504	27	1.83581	37.0888
10.2614	27	1.83581	36.929
10.3724	27	1.83581	36.8054
10.4834	27	1.83581	36.6761
10.5944	27	1.83581	36.5192
10.7055	27	1.83581	36.2807
10.8165	27	1.83581	36.0264
10.9275	27	1.83581	35.7816
11.0385	27	1.83581	35.5011
11.1495	27	1.83581	35.2018
11.2605	27	1.83581	34.8968
11.3715	27	1.83581	34.5149
11.4825	27	1.83581	34.0535
11.5935	27	1.83581	33.5601
11.7045	27	1.83581	33.0359
11.8156	27	1.83581	32.48
11.9266	27	1.83581	31.8844
12.0376	27	1.83581	31.252
12.1486	27	1.83581	30.5832
12.2596	27	1.83581	29.8731
12.3706	27	1.83581	29.1212
12.4816	27	1.83581	28.3191
12.5926	27	1.83581	27.4561
12.7036	27	1.83581	26.5134
12.8146	27	1.83581	25.4592
12.9257	27	1.83581	24.2658
13.0367	27	1.83581	22.8985
13.1477	27	1.83581	21.4034
13.2587	27	1.83581	19.9949
13.3697	27	1.83581	18.6864
13.4807	27	1.83581	17.3057
13.5917	27	1.83581	15.7509
13.7027	27	1.83581	13.9717
13.8137	27	1.83581	11.8894
13.9247	27	1.83581	9.28784
14.0358	27	1.83581	6.02846
14.1468	27	1.83581	1.89186
14.2578	27	1.83581	-3.46562
14.3688	27	1.83581	-11.0258
14.4798	27	1.83581	-21.5375
14.5908	27	1.83581	-36.3964
14.7018	27	1.83581	-49.2801
14.8128	27	1.83581	-49.6433
14.9238	27	1.83581	-50.2447
15.0348	27	1.83581	-50.9459
15.1459	27	1.83581	-51.1889
15.2569	27	1.83581	-51.432
15.3679	27	1.83581	-51.6731
15.4789	27	1.83581	-51.9154
15.5899	27	1.83581	-52.1607
15.7009	27	1.83581	-52.4079
15.8119	27	1.83581	-52.6606
15.9229	27	1.83581	-52.9198
16.0339	27	1.83581	-53.1886
16.1449	27	1.83581	-53.4725
16.256	27	1.83581	-53.7826
16.367	27	1.83581	-54.1319
16.478	27	1.83581	-54.5497
16.589	27	1.83581	-55.1077
16.7	27	1.83581	-56.0183
5.71	28	1.90102	44.2852
5.82101	28	1.90102	44.0496
5.93202	28	1.90102	43.8625
6.04303	28	1.90102	43.6988
6.15404	28	1.90102	43.5429
6.26505	28	1.90102	43.3874
6.37606	28	1.90102	43.2309
6.48707	28	1.90102	43.0653
6.59808	28	1.90102	42.8948
6.70909	28	1.90102	42.7174
6.8201	28	1.90102	42.5314
6.93111	28	1.90102	42.341
7.04212	28	1.90102	42.1439
7.15313	28	1.90102	41.949
7.26414	28	1.90102	41.7581
7.37515	28	1.90102	41.5719
7.48616	28	1.90102	41.3944
7.59717	28	1.90102	41.2181
7.70818	28	1.90102	41.0394
7.81919	28	1.90102	40.854
7.9302	28	1.90102	40.6565
8.04121	28	1.90102	40.4443
8.15222	28	1.90102	40.2242
8.26323	28	1.90102	39.9977
8.37424	28	1.90102	39.7642
8.48525	28	1.90102	39.529
8.59626	28	1.90102	39.2984
8.70727	28	1.90102	39.0791
8.81828	28	1.90102	38.8665
8.92929	28	1.90102	38.6461
9.0403	28	1.90102	38.4227
9.15131	28	1.90102	38.1888
9.26232	28	1.90102	37.9542
9.37333	28	1.90102	37.716
9.48434	28	1.90102	37.4818
9.59535	28	1.90102	37.2548
9.70636	28	1.90102	37.0372
9.81737	28	1.90102	36.8401
9.92838	28	1.90102	36.652
10.0394	28	1.90102	36.4754
10.1504	28	1.90102	36.2954
10.2614	28	1.90102	36.125
10.3724	28	1.90102	35.9886
10.4834	28	1.90102	35.8465
10.5944	28	1.90102	35.6774
10.7055	28	1.90102	35.4259
10.8165	28	1.90102	35.1579
10.9275	28	1.90102	34.9004
11.0385	28	1.90102	34.608
11.1495	28	1.90102	34.3041
11.2605	28	1.90102	34.0084
11.3715	28	1.90102	33.632
11.4825	28	1.90102	33.1614
11.5935	28	1.90102	32.6546
11.7045	28	1.90102	32.1155
11.8156	28	1.90102	31.5406
11.9266	28	1.90102	30.9192
12.0376	28	1.90102	30.2555
12.1486	28	1.90102	29.5506
12.2596	28	1.90102	28.7994
12.3706	28	1.90102	28.0032
12.4816	28	1.90102	27.1557
12.5926	28	1.90102	26.2463
12.7036	28	1.90102	25.2558
12.8146	28	1.90102	24.1525
12.9257	28	1.90102	22.9084
13.0367	28	1.90102	21.4934
13.1477	28	1.90102	19.9732
13.2587	28	1.90102	18.5583
13.3697	28	1.90102	17.2228
13.4807	28	1.90102	15.7984
13.5917	28	1.90102	14.1925
13.7027	28	1.90102	12.354
13.8137	28	1.90102	10.2001
13.9247	28	1.90102	7.50168
14.0358	28	1.90102	4.11512
14.1468	28	1.90102	-0.190597
14.2578	28	1.90102	-5.77357
14.3688	28	1.90102	-13.6593
14.4798	28	1.90102	-24.4646
14.5908	28	1.90102	-39.8662
14.7018	28	1.90102	-49.054
14.8128	28	1.90102	-49.4017
14.9238	28	1.90102	-49.9469
15.0348	28	1.90102	-50.5432
15.1459	28	1.90102	-50.7825
15.2569	28	1.90102	-51.0215
15.3679	28	1.90102	-51.2583
15.4789	28	1.90102	-51.4958
15.5899	28	1.90102	-51.736
15.7009	28	1.90102	-51.9779
15.8119	28	1.90102	-52.2248
15.9229	28	1.90102	-52.4781
16.0339	28	1.90102	-52.7409
16.1449	28	1.90102	-53.0188
16.256	28	1.90102	-53.3228
16.367	28	1.90102	-53.6661
16.478	28	1.90102	-54.0782
16.589	28	1.90102	-54.6309
16.7	28	1.90102	-55.5369
5.71	29	1.96623	43.346
5.82101	29	1.96623	43.1155
5.93202	29	1.96623	42.9297
6.04303	29	1.96623	42.7662
6.15404	29	1.96623	42.6088
6.26505	29	1.96623	42.4512
6.37606	29	1.96623	42.2923
6.48707	29	1.96623	42.1239
6.59808	29	1.96623	41.9507
6.70909	29	1.96623	41.7708
6.8201	29	1.96623	41.5828
6.93111	29	1.96623	41.3911
7.04212	29	1.96623	41.1944
7.15313	29	1.96623	41.002
7.26414	29	1.96623	40.8163
7.37515	29	1.96623	40.6381
7.48616	29	1.96623	40.4699
7.59717	29	1.96623	40.3018
7.70818	29	1.96623	40.1309
7.81919	29	1.96623	39.9508
7.9302	29	1.96623	39.7553
8.04121	29	1.96623	39.5372
8.15222	29	1.96623	39.3071
8.26323	29	1.96623	39.0674
8.37424	29	1.96623	38.8189
8.48525	29	1.96623	38.5657
8.59626	29	1.96623	38.3132
8.70727	29	1.96623	38.0684
8.81828	29	1.96623	37.828
8.92929	29	1.96623	37.5787
9.0403	29	1.96623	37.3268
9.15131	29	1.96623	37.0647
9.26232	29	1.96623	36.8028
9.37333	29	1.96623	36.5394
9.48434	29	1.96623	36.2841
9.59535	29	1.96623	36.0424
9.70636	29	1.96623	35.8166
9.81737	29	1.96623	35.621
9.92838	29	1.96623	35.4383
10.0394	29	1.96623	35.2686
10.1504	29	1.96623	35.0902
10.2614	29	1.96623	34.9168
10.3724	29	1.96623	34.7706
10.4834	29	1.96623	34.6126
10.5944	29	1.96623	34.4231
10.7055	29	1.96623	34.1489
10.8165	29	1.96623	33.855
10.9275	29	1.96623	33.5707
11.0385	29	1.96623	33.252
11.1495	29	1.96623	32.9274
11.2605	29	1.96623	32.626
11.3715	29	1.96623	32.2495
11.4825	29	1.96623	31.769
11.5935	29	1.96623	31.2496
11.7045	29	1.96623	30.7036
11.8156	29	1.96623	30.1193
11.9266	29	1.96623	29.4779
12.0376	29	1.96623	28.782
12.1486	29	1.96623	28.0336
12.2596	29	1.96623	27.223
12.3706	29	1.96623	26.3566
12.4816	29	1.96623	25.4319
12.5926	29	1.96623	24.4383
12.7036	29	1.96623	23.3548
12.8146	29	1.96623	22.1489
12.9257	29	1.96623	20.7917
13.0367	29	1.96623	19.2615
13.1477	29	1.96623	17.6784
13.2587	29	1.96623	16.2406
13.3697	29	1.96623	14.8407
13.4807	29	1.96623	13.3181
13.5917	29	1.96623	11.5926
13.7027	29	1.96623	9.6073
13.8137	29	1.96623	7.26487
13.9247	29	1.96623	4.28999
14.0358	29	1.96623	0.519066
14.1468	29	1.96623	-4.31415
14.2578	29	1.96623	-10.612
14.3688	29	1.96623	-19.4842
14.4798	29	1.96623	-31.1789
14.5908	29	1.96623	-48.2894
14.7018	29	1.96623	-53.2491
14.8128	29	1.96623	-53.5539
14.9238	29	1.96623	-53.8593
15.0348	29	1.96623	-54.1596
15.1459	29	1.96623	-54.4547
15.2569	29	1.96623	-54.7531
15.3679	29	1.96623	-55.0509
15.4789	29	1.96623	-55.3521
15.5899	29	1.96623	-55.6592
15.7009	29	1.96623	-55.9699
15.8119	29	1.96623	-56.288
15.9229	29	1.96623	-56.614
16.0339	29	1.96623	-56.9499
16.1449	29	1.96623	-57.2998
16.256	29	1.96623	-57.6746
16.367	29	1.96623	-58.0856
16.478	29	1.96623	-58.5597
16.589	29	1.96623	-59.1653
16.7	29	1.96623	-60.112
