5.71	0	0.0751617	50.3317
5.82101	0	0.0751617	50.2701
5.93202	0	0.0751617	50.2009
6.04303	0	0.0751617	50.1264
6.15404	0	0.0751617	50.0469
6.26505	0	0.0751617	49.9637
6.37606	0	0.0751617	49.8782
6.48707	0	0.0751617	49.7897
6.59808	0	0.0751617	49.6997
6.70909	0	0.0751617	49.606
6.8201	0	0.0751617	49.5108
6.93111	0	0.0751617	49.4129
7.04212	0	0.0751617	49.3134
7.15313	0	0.0751617	49.2137
7.26414	0	0.0751617	49.1123
7.37515	0	0.0751617	49.0104
7.48616	0	0.0751617	48.905
7.59717	0	0.0751617	48.7972
7.70818	0	0.0751617	48.6859
7.81919	0	0.0751617	48.5728
7.9302	0	0.0751617	48.4498
8.04121	0	0.0751617	48.323
8.15222	0	0.0751617	48.1807
8.26323	0	0.0751617	48.0357
8.37424	0	0.0751617	47.8719
8.48525	0	0.0751617	47.7086
8.59626	0	0.0751617	47.5407
8.70727	0	0.0751617	47.375
8.81828	0	0.0751617	47.2079
8.92929	0	0.0751617	47.0391
9.0403	0	0.0751617	46.8624
9.15131	0	0.0751617	46.679
9.26232	0	0.0751617	46.4866
9.37333	0	0.0751617	46.2829
9.48434	0	0.0751617	46.0714
9.59535	0	0.0751617	45.8491
9.70636	0	0.0751617	45.6207
9.81737	0	0.0751617	45.3831
9.92838	0	0.0751617	45.1401
10.0394	0	0.0751617	44.8878
10.1504	0	0.0751617	44.6307
10.2614	0	0.0751617	44.3673
10.3724	0	0.0751617	44.1038
10.4834	0	0.0751617	43.8441
10.5944	0	0.0751617	43.5933
10.7055	0	0.0751617	43.3538
10.8165	0	0.0751617	43.1227
10.9275	0	0.0751617	42.9021
11.0385	0	0.0751617	42.6865
11.1495	0	0.0751617	42.4738
11.2605	0	0.0751617	42.2671
11.3715	0	0.0751617	42.0599
11.4825	0	0.0751617	41.8541
11.5935	0	0.0751617	41.647
11.7045	0	0.0751617	41.4413
11.8156	0	0.0751617	41.2364
11.9266	0	0.0751617	41.0348
12.0376	0	0.0751617	40.8347
12.1486	0	0.0751617	40.6359
12.2596	0	0.0751617	40.4357
12.3706	0	0.0751617	40.2357
12.4816	0	0.0751617	40.0329
12.5926	0	0.0751617	39.8349
12.7036	0	0.0751617	39.6424
12.8146	0	0.0751617	39.4611
12.9257	0	0.0751617	39.2783
13.0367	0	0.0751617	39.0908
13.1477	0	0.0751617	38.899
13.2587	0	0.0751617	38.7094
13.3697	0	0.0751617	38.5233
13.4807	0	0.0751617	38.3063
13.5917	0	0.0751617	38.0956
13.7027	0	0.0751617	37.9006
13.8137	0	0.0751617	37.7132
13.9247	0	0.0751617	37.5143
14.0358	0	0.0751617	37.3117
14.1468	0	0.0751617	37.1392
14.2578	0	0.0751617	36.9864
14.3688	0	0.0751617	36.7083
14.4798	0	0.0751617	36.423
14.5908	0	0.0751617	36.1482
14.7018	0	0.0751617	35.8888
14.8128	0	0.0751617	35.6055
14.9238	0	0.0751617	35.3427
15.0348	0	0.0751617	35.0953
15.1459	0	0.0751617	34.8517
15.2569	0	0.0751617	34.6018
15.3679	0	0.0751617	34.3683
15.4789	0	0.0751617	34.1358
15.5899	0	0.0751617	33.8904
15.7009	0	0.0751617	33.6306
15.8119	0	0.0751617	33.3498
15.9229	0	0.0751617	33.0539
16.0339	0	0.0751617	32.7493
16.1449	0	0.0751617	32.4424
16.256	0	0.0751617	32.1282
16.367	0	0.0751617	31.8072
16.478	0	0.0751617	31.4761
16.589	0	0.0751617	31.133
16.7	0	0.0751617	30.7835
5.71	1	0.140371	50.1885
5.82101	1	0.140371	50.1267
5.93202	1	0.140371	50.0574
6.04303	1	0.140371	49.9827
6.15404	1	0.140371	49.9044
6.26505	1	0.140371	49.8219
6.37606	1	0.140371	49.7371
6.48707	1	0.140371	49.6483
6.59808	1	0.140371	49.5572
6.70909	1	0.140371	49.4629
6.8201	1	0.140371	49.3667
6.93111	1	0.140371	49.2693
7.04212	1	0.140371	49.17
7.15313	1	0.140371	49.0705
7.26414	1	0.140371	48.9689
7.37515	1	0.140371	48.865
7.48616	1	0.140371	48.7574
7.59717	1	0.140371	48.6468
7.70818	1	0.140371	48.5333
7.81919	1	0.140371	48.4187
7.9302	1	0.140371	48.2921
8.04121	1	0.140371	48.1603
8.15222	1	0.140371	48.0138
8.26323	1	0.140371	47.8649
8.37424	1	0.140371	47.7064
8.48525	1	0.140371	47.5491
8.59626	1	0.140371	47.3893
8.70727	1	0.140371	47.2305
8.81828	1	0.140371	47.066
8.92929	1	0.140371	46.898
9.0403	1	0.140371	46.7197
9.15131	1	0.140371	46.533
9.26232	1	0.140371	46.3365
9.37333	1	0.140371	46.1288
9.48434	1	0.140371	45.9131
9.59535	1	0.140371	45.6876
9.70636	1	0.140371	45.4557
9.81737	1	0.140371	45.2116
9.92838	1	0.140371	44.9616
10.0394	1	0.140371	44.6998
10.1504	1	0.140371	44.4346
10.2614	1	0.140371	44.1678
10.3724	1	0.140371	43.9062
10.4834	1	0.140371	43.6541
10.5944	1	0.140371	43.4142
10.7055	1	0.140371	43.1844
10.8165	1	0.140371	42.9611
10.9275	1	0.140371	42.746
11.0385	1	0.140371	42.5345
11.1495	1	0.140371	42.3242
11.2605	1	0.140371	42.1156
11.3715	1	0.140371	41.906
11.4825	1	0.140371	41.6975
11.5935	1	0.140371	41.4888
11.7045	1	0.140371	41.2832
11.8156	1	0.140371	41.0781
11.9266	1	0.140371	40.8755
12.0376	1	0.140371	40.672
12.1486	1	0.140371	40.4673
12.2596	1	0.140371	40.261
12.3706	1	0.140371	40.0555
12.4816	1	0.140371	39.8511
12.5926	1	0.140371	39.6531
12.7036	1	0.140371	39.4633
12.8146	1	0.140371	39.284
12.9257	1	0.140371	39.1033
13.0367	1	0.140371	38.9184
13.1477	1	0.140371	38.7275
13.2587	1	0.140371	38.5375
13.3697	1	0.140371	38.3512
13.4807	1	0.140371	38.1446
13.5917	1	0.140371	37.9401
13.7027	1	0.140371	37.7441
13.8137	1	0.140371	37.5507
13.9247	1	0.140371	37.3576
14.0358	1	0.140371	37.162
14.1468	1	0.140371	36.9774
14.2578	1	0.140371	36.8165
14.3688	1	0.140371	36.5817
14.4798	1	0.140371	36.32
14.5908	1	0.140371	36.0473
14.7018	1	0.140371	35.7824
14.8128	1	0.140371	35.5083
14.9238	1	0.140371	35.2427
15.0348	1	0.140371	34.9924
15.1459	1	0.140371	34.7516
15.2569	1	0.140371	34.5079
15.3679	1	0.140371	34.2796
15.4789	1	0.140371	34.0588
15.5899	1	0.140371	33.8323
15.7009	1	0.140371	33.5925
15.8119	1	0.140371	33.3315
15.9229	1	0.140371	33.0492
16.0339	1	0.140371	32.7486
16.1449	1	0.140371	32.4378
16.256	1	0.140371	32.1161
16.367	1	0.140371	31.7869
16.478	1	0.140371	31.4498
16.589	1	0.140371	31.0997
16.7	1	0.140371	30.7465
5.71	2	0.20558	50.0589
5.82101	2	0.20558	49.9964
5.93202	2	0.20558	49.9276
6.04303	2	0.20558	49.8529
6.15404	2	0.20558	49.7748
6.26505	2	0.20558	49.692
6.37606	2	0.20558	49.6059
6.48707	2	0.20558	49.5157
6.59808	2	0.20558	49.4226
6.70909	2	0.20558	49.3267
6.8201	2	0.20558	49.2288
6.93111	2	0.20558	49.1289
7.04212	2	0.20558	49.0272
7.15313	2	0.20558	48.9218
7.26414	2	0.20558	48.814
7.37515	2	0.20558	48.7017
7.48616	2	0.20558	48.5867
7.59717	2	0.20558	48.4686
7.70818	2	0.20558	48.3477
7.81919	2	0.20558	48.2248
7.9302	2	0.20558	48.0971
8.04121	2	0.20558	47.9676
8.15222	2	0.20558	47.8317
8.26323	2	0.20558	47.6949
8.37424	2	0.20558	47.5507
8.48525	2	0.20558	47.4066
8.59626	2	0.20558	47.2546
8.70727	2	0.20558	47.1014
8.81828	2	0.20558	46.9376
8.92929	2	0.20558	46.7689
9.0403	2	0.20558	46.5886
9.15131	2	0.20558	46.3998
9.26232	2	0.20558	46.2012
9.37333	2	0.20558	45.9923
9.48434	2	0.20558	45.7753
9.59535	2	0.20558	45.5468
9.70636	2	0.20558	45.3116
9.81737	2	0.20558	45.0609
9.92838	2	0.20558	44.805
10.0394	2	0.20558	44.5397
10.1504	2	0.20558	44.2739
10.2614	2	0.20558	44.0131
10.3724	2	0.20558	43.7604
10.4834	2	0.20558	43.518
10.5944	2	0.20558	43.2865
10.7055	2	0.20558	43.0633
10.8165	2	0.20558	42.8452
10.9275	2	0.20558	42.6344
11.0385	2	0.20558	42.4247
11.1495	2	0.20558	42.2151
11.2605	2	0.20558	42.0052
11.3715	2	0.20558	41.7945
11.4825	2	0.20558	41.5861
11.5935	2	0.20558	41.3778
11.7045	2	0.20558	41.1731
11.8156	2	0.20558	40.967
11.9266	2	0.20558	40.7607
12.0376	2	0.20558	40.5525
12.1486	2	0.20558	40.3423
12.2596	2	0.20558	40.1325
12.3706	2	0.20558	39.9249
12.4816	2	0.20558	39.7215
12.5926	2	0.20558	39.5254
12.7036	2	0.20558	39.3366
12.8146	2	0.20558	39.1568
12.9257	2	0.20558	38.974
13.0367	2	0.20558	38.7877
13.1477	2	0.20558	38.5968
13.2587	2	0.20558	38.408
13.3697	2	0.20558	38.2238
13.4807	2	0.20558	38.0211
13.5917	2	0.20558	37.8217
13.7027	2	0.20558	37.6283
13.8137	2	0.20558	37.4361
13.9247	2	0.20558	37.2414
14.0358	2	0.20558	37.0469
14.1468	2	0.20558	36.8672
14.2578	2	0.20558	36.7025
14.3688	2	0.20558	36.4714
14.4798	2	0.20558	36.2262
14.5908	2	0.20558	35.971
14.7018	2	0.20558	35.7072
14.8128	2	0.20558	35.4304
14.9238	2	0.20558	35.1672
15.0348	2	0.20558	34.9166
15.1459	2	0.20558	34.6732
15.2569	2	0.20558	34.4269
15.3679	2	0.20558	34.1995
15.4789	2	0.20558	33.9843
15.5899	2	0.20558	33.7684
15.7009	2	0.20558	33.5436
15.8119	2	0.20558	33.2998
15.9229	2	0.20558	33.0334
16.0339	2	0.20558	32.7453
16.1449	2	0.20558	32.44
16.256	2	0.20558	32.1159
16.367	2	0.20558	31.7791
16.478	2	0.20558	31.432
16.589	2	0.20558	31.071
16.7	2	0.20558	30.7101
5.71	3	0.27079	49.9314
5.82101	3	0.27079	49.8685
5.93202	3	0.27079	49.8
6.04303	3	0.27079	49.7255
6.15404	3	0.27079	49.647
6.26505	3	0.27079	49.5636
6.37606	3	0.27079	49.4762
6.48707	3	0.27079	49.3853
6.59808	3	0.27079	49.2915
6.70909	3	0.27079	49.1956
6.8201	3	0.27079	49.098
6.93111	3	0.27079	48.9977
7.04212	3	0.27079	48.8958
7.15313	3	0.27079	48.7895
7.26414	3	0.27079	48.6811
7.37515	3	0.27079	48.569
7.48616	3	0.27079	48.4546
7.59717	3	0.27079	48.3379
7.70818	3	0.27079	48.2181
7.81919	3	0.27079	48.0958
7.9302	3	0.27079	47.9682
8.04121	3	0.27079	47.8383
8.15222	3	0.27079	47.7028
8.26323	3	0.27079	47.5662
8.37424	3	0.27079	47.4235
8.48525	3	0.27079	47.2808
8.59626	3	0.27079	47.1294
8.70727	3	0.27079	46.9763
8.81828	3	0.27079	46.8116
8.92929	3	0.27079	46.6419
9.0403	3	0.27079	46.4604
9.15131	3	0.27079	46.2713
9.26232	3	0.27079	46.0723
9.37333	3	0.27079	45.8626
9.48434	3	0.27079	45.6444
9.59535	3	0.27079	45.4117
9.70636	3	0.27079	45.1723
9.81737	3	0.27079	44.9169
9.92838	3	0.27079	44.658
10.0394	3	0.27079	44.3957
10.1504	3	0.27079	44.1356
10.2614	3	0.27079	43.8845
10.3724	3	0.27079	43.6414
10.4834	3	0.27079	43.4066
10.5944	3	0.27079	43.181
10.7055	3	0.27079	42.9629
10.8165	3	0.27079	42.7489
10.9275	3	0.27079	42.5408
11.0385	3	0.27079	42.3318
11.1495	3	0.27079	42.1224
11.2605	3	0.27079	41.9124
11.3715	3	0.27079	41.702
11.4825	3	0.27079	41.4954
11.5935	3	0.27079	41.2881
11.7045	3	0.27079	41.0824
11.8156	3	0.27079	40.8736
11.9266	3	0.27079	40.6627
12.0376	3	0.27079	40.4501
12.1486	3	0.27079	40.2364
12.2596	3	0.27079	40.0256
12.3706	3	0.27079	39.8187
12.4816	3	0.27079	39.617
12.5926	3	0.27079	39.4221
12.7036	3	0.27079	39.2319
12.8146	3	0.27079	39.0495
12.9257	3	0.27079	38.8644
13.0367	3	0.27079	38.6768
13.1477	3	0.27079	38.4859
13.2587	3	0.27079	38.2982
13.3697	3	0.27079	38.1161
13.4807	3	0.27079	37.916
13.5917	3	0.27079	37.7186
13.7027	3	0.27079	37.5269
13.8137	3	0.27079	37.3371
13.9247	3	0.27079	37.1439
14.0358	3	0.27079	36.9504
14.1468	3	0.27079	36.7713
14.2578	3	0.27079	36.6094
14.3688	3	0.27079	36.3828
14.4798	3	0.27079	36.1424
14.5908	3	0.27079	35.8941
14.7018	3	0.27079	35.6439
14.8128	3	0.27079	35.3692
14.9238	3	0.27079	35.1048
15.0348	3	0.27079	34.8534
15.1459	3	0.27079	34.6096
15.2569	3	0.27079	34.3579
15.3679	3	0.27079	34.1273
15.4789	3	0.27079	33.9132
15.5899	3	0.27079	33.7047
15.7009	3	0.27079	33.4915
15.8119	3	0.27079	33.2625
15.9229	3	0.27079	33.0124
16.0339	3	0.27079	32.7397
16.1449	3	0.27079	32.4452
16.256	3	0.27079	32.1263
16.367	3	0.27079	31.787
16.478	3	0.27079	31.4295
16.589	3	0.27079	31.0531
16.7	3	0.27079	30.6771
5.71	4	0.335999	49.8011
5.82101	4	0.335999	49.7381
5.93202	4	0.335999	49.6698
6.04303	4	0.335999	49.5952
6.15404	4	0.335999	49.5157
6.26505	4	0.335999	49.4316
6.37606	4	0.335999	49.3432
6.48707	4	0.335999	49.2518
6.59808	4	0.335999	49.158
6.70909	4	0.335999	49.062
6.8201	4	0.335999	48.9645
6.93111	4	0.335999	48.8635
7.04212	4	0.335999	48.7609
7.15313	4	0.335999	48.6542
7.26414	4	0.335999	48.5456
7.37515	4	0.335999	48.4343
7.48616	4	0.335999	48.3208
7.59717	4	0.335999	48.2052
7.70818	4	0.335999	48.0858
7.81919	4	0.335999	47.9634
7.9302	4	0.335999	47.8357
8.04121	4	0.335999	47.7059
8.15222	4	0.335999	47.5712
8.26323	4	0.335999	47.4356
8.37424	4	0.335999	47.294
8.48525	4	0.335999	47.1522
8.59626	4	0.335999	47.0004
8.70727	4	0.335999	46.8467
8.81828	4	0.335999	46.6812
8.92929	4	0.335999	46.511
9.0403	4	0.335999	46.3293
9.15131	4	0.335999	46.1403
9.26232	4	0.335999	45.9412
9.37333	4	0.335999	45.7297
9.48434	4	0.335999	45.5091
9.59535	4	0.335999	45.2721
9.70636	4	0.335999	45.029
9.81737	4	0.335999	44.7734
9.92838	4	0.335999	44.5159
10.0394	4	0.335999	44.2617
10.1504	4	0.335999	44.0107
10.2614	4	0.335999	43.7682
10.3724	4	0.335999	43.5322
10.4834	4	0.335999	43.3028
10.5944	4	0.335999	43.0817
10.7055	4	0.335999	42.8676
10.8165	4	0.335999	42.6564
10.9275	4	0.335999	42.4497
11.0385	4	0.335999	42.241
11.1495	4	0.335999	42.0317
11.2605	4	0.335999	41.823
11.3715	4	0.335999	41.6138
11.4825	4	0.335999	41.4086
11.5935	4	0.335999	41.2012
11.7045	4	0.335999	40.9929
11.8156	4	0.335999	40.7805
11.9266	4	0.335999	40.5653
12.0376	4	0.335999	40.3502
12.1486	4	0.335999	40.1355
12.2596	4	0.335999	39.926
12.3706	4	0.335999	39.7209
12.4816	4	0.335999	39.5198
12.5926	4	0.335999	39.3241
12.7036	4	0.335999	39.1312
12.8146	4	0.335999	38.9456
12.9257	4	0.335999	38.759
13.0367	4	0.335999	38.5711
13.1477	4	0.335999	38.3809
13.2587	4	0.335999	38.194
13.3697	4	0.335999	38.013
13.4807	4	0.335999	37.8143
13.5917	4	0.335999	37.6178
13.7027	4	0.335999	37.4269
13.8137	4	0.335999	37.2385
13.9247	4	0.335999	37.048
14.0358	4	0.335999	36.8566
14.1468	4	0.335999	36.6781
14.2578	4	0.335999	36.5168
14.3688	4	0.335999	36.2957
14.4798	4	0.335999	36.0612
14.5908	4	0.335999	35.8165
14.7018	4	0.335999	35.5738
14.8128	4	0.335999	35.3078
14.9238	4	0.335999	35.046
15.0348	4	0.335999	34.7923
15.1459	4	0.335999	34.5462
15.2569	4	0.335999	34.2896
15.3679	4	0.335999	34.0533
15.4789	4	0.335999	33.8373
15.5899	4	0.335999	33.6331
15.7009	4	0.335999	33.4284
15.8119	4	0.335999	33.2116
15.9229	4	0.335999	32.9757
16.0339	4	0.335999	32.7183
16.1449	4	0.335999	32.438
16.256	4	0.335999	32.1291
16.367	4	0.335999	31.7929
16.478	4	0.335999	31.4297
16.589	4	0.335999	31.0374
16.7	4	0.335999	30.6406
5.71	5	0.401208	49.6707
5.82101	5	0.401208	49.6079
5.93202	5	0.401208	49.5391
6.04303	5	0.401208	49.464
6.15404	5	0.401208	49.3835
6.26505	5	0.401208	49.2985
6.37606	5	0.401208	49.2095
6.48707	5	0.401208	49.1178
6.59808	5	0.401208	49.0242
6.70909	5	0.401208	48.9277
6.8201	5	0.401208	48.8299
6.93111	5	0.401208	48.7281
7.04212	5	0.401208	48.6247
7.15313	5	0.401208	48.518
7.26414	5	0.401208	48.4096
7.37515	5	0.401208	48.2993
7.48616	5	0.401208	48.1864
7.59717	5	0.401208	48.0709
7.70818	5	0.401208	47.9516
7.81919	5	0.401208	47.8289
7.9302	5	0.401208	47.7014
8.04121	5	0.401208	47.5719
8.15222	5	0.401208	47.4383
8.26323	5	0.401208	47.3038
8.37424	5	0.401208	47.1626
8.48525	5	0.401208	47.0208
8.59626	5	0.401208	46.8683
8.70727	5	0.401208	46.7141
8.81828	5	0.401208	46.5483
8.92929	5	0.401208	46.3783
9.0403	5	0.401208	46.1969
9.15131	5	0.401208	46.0077
9.26232	5	0.401208	45.8078
9.37333	5	0.401208	45.5936
9.48434	5	0.401208	45.3704
9.59535	5	0.401208	45.1312
9.70636	5	0.401208	44.8871
9.81737	5	0.401208	44.6365
9.92838	5	0.401208	44.3854
10.0394	5	0.401208	44.1406
10.1504	5	0.401208	43.8984
10.2614	5	0.401208	43.6622
10.3724	5	0.401208	43.4312
10.4834	5	0.401208	43.2065
10.5944	5	0.401208	42.9893
10.7055	5	0.401208	42.7784
10.8165	5	0.401208	42.5687
10.9275	5	0.401208	42.3626
11.0385	5	0.401208	42.1544
11.1495	5	0.401208	41.9456
11.2605	5	0.401208	41.7389
11.3715	5	0.401208	41.5313
11.4825	5	0.401208	41.3259
11.5935	5	0.401208	41.1171
11.7045	5	0.401208	40.9051
11.8156	5	0.401208	40.6894
11.9266	5	0.401208	40.4717
12.0376	5	0.401208	40.2562
12.1486	5	0.401208	40.0428
12.2596	5	0.401208	39.835
12.3706	5	0.401208	39.6314
12.4816	5	0.401208	39.4292
12.5926	5	0.401208	39.231
12.7036	5	0.401208	39.0352
12.8146	5	0.401208	38.8471
12.9257	5	0.401208	38.66
13.0367	5	0.401208	38.4728
13.1477	5	0.401208	38.2835
13.2587	5	0.401208	38.0967
13.3697	5	0.401208	37.9155
13.4807	5	0.401208	37.717
13.5917	5	0.401208	37.5211
13.7027	5	0.401208	37.3306
13.8137	5	0.401208	37.1434
13.9247	5	0.401208	36.9555
14.0358	5	0.401208	36.7666
14.1468	5	0.401208	36.5887
14.2578	5	0.401208	36.4271
14.3688	5	0.401208	36.2105
14.4798	5	0.401208	35.9816
14.5908	5	0.401208	35.7411
14.7018	5	0.401208	35.5032
14.8128	5	0.401208	35.2458
14.9238	5	0.401208	34.9893
15.0348	5	0.401208	34.7351
15.1459	5	0.401208	34.4858
15.2569	5	0.401208	34.2245
15.3679	5	0.401208	33.9813
15.4789	5	0.401208	33.7609
15.5899	5	0.401208	33.5583
15.7009	5	0.401208	33.3597
15.8119	5	0.401208	33.1527
15.9229	5	0.401208	32.9288
16.0339	5	0.401208	32.6851
16.1449	5	0.401208	32.4188
16.256	5	0.401208	32.1225
16.367	5	0.401208	31.794
16.478	5	0.401208	31.4298
16.589	5	0.401208	31.0239
16.7	5	0.401208	30.6026
5.71	6	0.466417	49.5477
5.82101	6	0.466417	49.4848
5.93202	6	0.466417	49.4151
6.04303	6	0.466417	49.3392
6.15404	6	0.466417	49.2577
6.26505	6	0.466417	49.1719
6.37606	6	0.466417	49.0827
6.48707	6	0.466417	48.9907
6.59808	6	0.466417	48.8969
6.70909	6	0.466417	48.7997
6.8201	6	0.466417	48.7011
6.93111	6	0.466417	48.5987
7.04212	6	0.466417	48.4946
7.15313	6	0.466417	48.3881
7.26414	6	0.466417	48.2799
7.37515	6	0.466417	48.1699
7.48616	6	0.466417	48.0572
7.59717	6	0.466417	47.9412
7.70818	6	0.466417	47.8215
7.81919	6	0.466417	47.6985
7.9302	6	0.466417	47.5712
8.04121	6	0.466417	47.4422
8.15222	6	0.466417	47.309
8.26323	6	0.466417	47.175
8.37424	6	0.466417	47.0331
8.48525	6	0.466417	46.8905
8.59626	6	0.466417	46.7373
8.70727	6	0.466417	46.5825
8.81828	6	0.466417	46.4166
8.92929	6	0.466417	46.2467
9.0403	6	0.466417	46.0652
9.15131	6	0.466417	45.8748
9.26232	6	0.466417	45.6733
9.37333	6	0.466417	45.4567
9.48434	6	0.466417	45.2318
9.59535	6	0.466417	44.9941
9.70636	6	0.466417	44.7528
9.81737	6	0.466417	44.5104
9.92838	6	0.466417	44.2681
10.0394	6	0.466417	44.0308
10.1504	6	0.466417	43.795
10.2614	6	0.466417	43.5634
10.3724	6	0.466417	43.3365
10.4834	6	0.466417	43.1157
10.5944	6	0.466417	42.9017
10.7055	6	0.466417	42.6928
10.8165	6	0.466417	42.4838
10.9275	6	0.466417	42.2779
11.0385	6	0.466417	42.0706
11.1495	6	0.466417	41.8631
11.2605	6	0.466417	41.6581
11.3715	6	0.466417	41.4514
11.4825	6	0.466417	41.2442
11.5935	6	0.466417	41.0331
11.7045	6	0.466417	40.8179
11.8156	6	0.466417	40.6002
11.9266	6	0.466417	40.382
12.0376	6	0.466417	40.1678
12.1486	6	0.466417	39.9569
12.2596	6	0.466417	39.7503
12.3706	6	0.466417	39.5465
12.4816	6	0.466417	39.3422
12.5926	6	0.466417	39.141
12.7036	6	0.466417	38.9431
12.8146	6	0.466417	38.7536
12.9257	6	0.466417	38.5672
13.0367	6	0.466417	38.381
13.1477	6	0.466417	38.1919
13.2587	6	0.466417	38.0043
13.3697	6	0.466417	37.822
13.4807	6	0.466417	37.6232
13.5917	6	0.466417	37.4277
13.7027	6	0.466417	37.238
13.8137	6	0.466417	37.052
13.9247	6	0.466417	36.8657
14.0358	6	0.466417	36.6788
14.1468	6	0.466417	36.5014
14.2578	6	0.466417	36.3388
14.3688	6	0.466417	36.1252
14.4798	6	0.466417	35.9008
14.5908	6	0.466417	35.6661
14.7018	6	0.466417	35.4319
14.8128	6	0.466417	35.1809
14.9238	6	0.466417	34.9306
15.0348	6	0.466417	34.6802
15.1459	6	0.466417	34.4277
15.2569	6	0.466417	34.1616
15.3679	6	0.466417	33.9119
15.4789	6	0.466417	33.6858
15.5899	6	0.466417	33.4819
15.7009	6	0.466417	33.2872
15.8119	6	0.466417	33.0877
15.9229	6	0.466417	32.8733
16.0339	6	0.466417	32.6409
16.1449	6	0.466417	32.3869
16.256	6	0.466417	32.1035
16.367	6	0.466417	31.7854
16.478	6	0.466417	31.4245
16.589	6	0.466417	31.0096
16.7	6	0.466417	30.5638
5.71	7	0.531627	49.4319
5.82101	7	0.531627	49.3686
5.93202	7	0.531627	49.2977
6.04303	7	0.531627	49.2208
6.15404	7	0.531627	49.1384
6.26505	7	0.531627	49.052
6.37606	7	0.531627	48.9626
6.48707	7	0.531627	48.87
6.59808	7	0.531627	48.7756
6.70909	7	0.531627	48.6776
6.8201	7	0.531627	48.5778
6.93111	7	0.531627	48.4749
7.04212	7	0.531627	48.3703
7.15313	7	0.531627	48.2641
7.26414	7	0.531627	48.156
7.37515	7	0.531627	48.0457
7.48616	7	0.531627	47.9326
7.59717	7	0.531627	47.8159
7.70818	7	0.531627	47.6959
7.81919	7	0.531627	47.5728
7.9302	7	0.531627	47.4457
8.04121	7	0.531627	47.3171
8.15222	7	0.531627	47.1839
8.26323	7	0.531627	47.0495
8.37424	7	0.531627	46.9067
8.48525	7	0.531627	46.7632
8.59626	7	0.531627	46.6095
8.70727	7	0.531627	46.4545
8.81828	7	0.531627	46.2887
8.92929	7	0.531627	46.1185
9.0403	7	0.531627	45.9365
9.15131	7	0.531627	45.7446
9.26232	7	0.531627	45.5417
9.37333	7	0.531627	45.3247
9.48434	7	0.531627	45.1008
9.59535	7	0.531627	44.8684
9.70636	7	0.531627	44.6335
9.81737	7	0.531627	44.3997
9.92838	7	0.531627	44.1654
10.0394	7	0.531627	43.9333
10.1504	7	0.531627	43.7019
10.2614	7	0.531627	43.4742
10.3724	7	0.531627	43.2511
10.4834	7	0.531627	43.0336
10.5944	7	0.531627	42.8219
10.7055	7	0.531627	42.614
10.8165	7	0.531627	42.4053
10.9275	7	0.531627	42.1997
11.0385	7	0.531627	41.9941
11.1495	7	0.531627	41.7883
11.2605	7	0.531627	41.5839
11.3715	7	0.531627	41.3771
11.4825	7	0.531627	41.1673
11.5935	7	0.531627	40.9536
11.7045	7	0.531627	40.7363
11.8156	7	0.531627	40.5181
11.9266	7	0.531627	40.3014
12.0376	7	0.531627	40.0893
12.1486	7	0.531627	39.8804
12.2596	7	0.531627	39.6737
12.3706	7	0.531627	39.4682
12.4816	7	0.531627	39.2615
12.5926	7	0.531627	39.0577
12.7036	7	0.531627	38.8586
12.8146	7	0.531627	38.6688
12.9257	7	0.531627	38.4835
13.0367	7	0.531627	38.298
13.1477	7	0.531627	38.1082
13.2587	7	0.531627	37.919
13.3697	7	0.531627	37.7351
13.4807	7	0.531627	37.5357
13.5917	7	0.531627	37.3408
13.7027	7	0.531627	37.1522
13.8137	7	0.531627	36.9675
13.9247	7	0.531627	36.7821
14.0358	7	0.531627	36.5967
14.1468	7	0.531627	36.4197
14.2578	7	0.531627	36.2562
14.3688	7	0.531627	36.0449
14.4798	7	0.531627	35.824
14.5908	7	0.531627	35.5954
14.7018	7	0.531627	35.3648
14.8128	7	0.531627	35.1183
14.9238	7	0.531627	34.8733
15.0348	7	0.531627	34.6287
15.1459	7	0.531627	34.3748
15.2569	7	0.531627	34.1045
15.3679	7	0.531627	33.8485
15.4789	7	0.531627	33.6159
15.5899	7	0.531627	33.4083
15.7009	7	0.531627	33.2151
15.8119	7	0.531627	33.0215
15.9229	7	0.531627	32.8147
16.0339	7	0.531627	32.5915
16.1449	7	0.531627	32.3482
16.256	7	0.531627	32.0766
16.367	7	0.531627	31.7692
16.478	7	0.531627	31.4144
16.589	7	0.531627	30.9949
16.7	7	0.531627	30.5274
5.71	8	0.596836	49.3128
5.82101	8	0.596836	49.2486
5.93202	8	0.596836	49.1764
6.04303	8	0.596836	49.0985
6.15404	8	0.596836	49.0154
6.26505	8	0.596836	48.9284
6.37606	8	0.596836	48.8386
6.48707	8	0.596836	48.7453
6.59808	8	0.596836	48.6499
6.70909	8	0.596836	48.551
6.8201	8	0.596836	48.4503
6.93111	8	0.596836	48.3471
7.04212	8	0.596836	48.2423
7.15313	8	0.596836	48.1361
7.26414	8	0.596836	48.0279
7.37515	8	0.596836	47.917
7.48616	8	0.596836	47.8034
7.59717	8	0.596836	47.6862
7.70818	8	0.596836	47.5659
7.81919	8	0.596836	47.443
7.9302	8	0.596836	47.3161
8.04121	8	0.596836	47.1877
8.15222	8	0.596836	47.0539
8.26323	8	0.596836	46.9187
8.37424	8	0.596836	46.7752
8.48525	8	0.596836	46.6308
8.59626	8	0.596836	46.477
8.70727	8	0.596836	46.3219
8.81828	8	0.596836	46.1562
8.92929	8	0.596836	45.9856
9.0403	8	0.596836	45.8028
9.15131	8	0.596836	45.61
9.26232	8	0.596836	45.4072
9.37333	8	0.596836	45.1926
9.48434	8	0.596836	44.9726
9.59535	8	0.596836	44.7479
9.70636	8	0.596836	44.5212
9.81737	8	0.596836	44.2939
9.92838	8	0.596836	44.0656
10.0394	8	0.596836	43.8371
10.1504	8	0.596836	43.6092
10.2614	8	0.596836	43.3852
10.3724	8	0.596836	43.1656
10.4834	8	0.596836	42.9507
10.5944	8	0.596836	42.7402
10.7055	8	0.596836	42.5327
10.8165	8	0.596836	42.3247
10.9275	8	0.596836	42.1201
11.0385	8	0.596836	41.9164
11.1495	8	0.596836	41.7122
11.2605	8	0.596836	41.5073
11.3715	8	0.596836	41.2994
11.4825	8	0.596836	41.0869
11.5935	8	0.596836	40.8713
11.7045	8	0.596836	40.6535
11.8156	8	0.596836	40.4363
11.9266	8	0.596836	40.2222
12.0376	8	0.596836	40.0118
12.1486	8	0.596836	39.8036
12.2596	8	0.596836	39.5956
12.3706	8	0.596836	39.3874
12.4816	8	0.596836	39.1785
12.5926	8	0.596836	38.9727
12.7036	8	0.596836	38.7736
12.8146	8	0.596836	38.5844
12.9257	8	0.596836	38.3997
13.0367	8	0.596836	38.2138
13.1477	8	0.596836	38.0223
13.2587	8	0.596836	37.831
13.3697	8	0.596836	37.6453
13.4807	8	0.596836	37.4453
13.5917	8	0.596836	37.2511
13.7027	8	0.596836	37.0637
13.8137	8	0.596836	36.8804
13.9247	8	0.596836	36.6957
14.0358	8	0.596836	36.5112
14.1468	8	0.596836	36.3348
14.2578	8	0.596836	36.1713
14.3688	8	0.596836	35.9622
14.4798	8	0.596836	35.7444
14.5908	8	0.596836	35.5208
14.7018	8	0.596836	35.2948
14.8128	8	0.596836	35.052
14.9238	8	0.596836	34.8106
15.0348	8	0.596836	34.5712
15.1459	8	0.596836	34.3198
15.2569	8	0.596836	34.0465
15.3679	8	0.596836	33.7839
15.4789	8	0.596836	33.5436
15.5899	8	0.596836	33.3301
15.7009	8	0.596836	33.1357
15.8119	8	0.596836	32.9468
15.9229	8	0.596836	32.7464
16.0339	8	0.596836	32.531
16.1449	8	0.596836	32.297
16.256	8	0.596836	32.0355
16.367	8	0.596836	31.7382
16.478	8	0.596836	31.3913
16.589	8	0.596836	30.9716
16.7	8	0.596836	30.4874
5.71	9	0.662045	49.1919
5.82101	9	0.662045	49.1266
5.93202	9	0.662045	49.0533
6.04303	9	0.662045	48.9743
6.15404	9	0.662045	48.8908
6.26505	9	0.662045	48.8032
6.37606	9	0.662045	48.7127
6.48707	9	0.662045	48.6186
6.59808	9	0.662045	48.5221
6.70909	9	0.662045	48.4224
6.8201	9	0.662045	48.3209
6.93111	9	0.662045	48.2175
7.04212	9	0.662045	48.1126
7.15313	9	0.662045	48.006
7.26414	9	0.662045	47.8975
7.37515	9	0.662045	47.7859
7.48616	9	0.662045	47.6718
7.59717	9	0.662045	47.5543
7.70818	9	0.662045	47.4342
7.81919	9	0.662045	47.3115
7.9302	9	0.662045	47.1845
8.04121	9	0.662045	47.0559
8.15222	9	0.662045	46.9214
8.26323	9	0.662045	46.7852
8.37424	9	0.662045	46.6411
8.48525	9	0.662045	46.4964
8.59626	9	0.662045	46.3428
8.70727	9	0.662045	46.1877
8.81828	9	0.662045	46.022
8.92929	9	0.662045	45.8508
9.0403	9	0.662045	45.6679
9.15131	9	0.662045	45.4757
9.26232	9	0.662045	45.275
9.37333	9	0.662045	45.0656
9.48434	9	0.662045	44.8518
9.59535	9	0.662045	44.6346
9.70636	9	0.662045	44.4153
9.81737	9	0.662045	44.1923
9.92838	9	0.662045	43.9677
10.0394	9	0.662045	43.7424
10.1504	9	0.662045	43.5178
10.2614	9	0.662045	43.2973
10.3724	9	0.662045	43.0806
10.4834	9	0.662045	42.8673
10.5944	9	0.662045	42.6574
10.7055	9	0.662045	42.4503
10.8165	9	0.662045	42.2435
10.9275	9	0.662045	42.0405
11.0385	9	0.662045	41.8384
11.1495	9	0.662045	41.6352
11.2605	9	0.662045	41.4289
11.3715	9	0.662045	41.2193
11.4825	9	0.662045	41.0048
11.5935	9	0.662045	40.7884
11.7045	9	0.662045	40.5717
11.8156	9	0.662045	40.3563
11.9266	9	0.662045	40.1447
12.0376	9	0.662045	39.9352
12.1486	9	0.662045	39.7262
12.2596	9	0.662045	39.5161
12.3706	9	0.662045	39.3053
12.4816	9	0.662045	39.0949
12.5926	9	0.662045	38.8884
12.7036	9	0.662045	38.69
12.8146	9	0.662045	38.5016
12.9257	9	0.662045	38.3164
13.0367	9	0.662045	38.1291
13.1477	9	0.662045	37.9352
13.2587	9	0.662045	37.7417
13.3697	9	0.662045	37.5545
13.4807	9	0.662045	37.3543
13.5917	9	0.662045	37.1606
13.7027	9	0.662045	36.9742
13.8137	9	0.662045	36.7921
13.9247	9	0.662045	36.6077
14.0358	9	0.662045	36.4237
14.1468	9	0.662045	36.2477
14.2578	9	0.662045	36.0849
14.3688	9	0.662045	35.8782
14.4798	9	0.662045	35.6631
14.5908	9	0.662045	35.4429
14.7018	9	0.662045	35.2215
14.8128	9	0.662045	34.9825
14.9238	9	0.662045	34.7437
15.0348	9	0.662045	34.5078
15.1459	9	0.662045	34.2619
15.2569	9	0.662045	33.9881
15.3679	9	0.662045	33.7196
15.4789	9	0.662045	33.4709
15.5899	9	0.662045	33.2499
15.7009	9	0.662045	33.052
15.8119	9	0.662045	32.8667
15.9229	9	0.662045	32.6715
16.0339	9	0.662045	32.4624
16.1449	9	0.662045	32.2361
16.256	9	0.662045	31.983
16.367	9	0.662045	31.6945
16.478	9	0.662045	31.3554
16.589	9	0.662045	30.9381
16.7	9	0.662045	30.4422
5.71	10	0.727255	49.0725
5.82101	10	0.727255	49.0059
5.93202	10	0.727255	48.9317
6.04303	10	0.727255	48.8518
6.15404	10	0.727255	48.7677
6.26505	10	0.727255	48.6794
6.37606	10	0.727255	48.588
6.48707	10	0.727255	48.4929
6.59808	10	0.727255	48.3953
6.70909	10	0.727255	48.295
6.8201	10	0.727255	48.1929
6.93111	10	0.727255	48.0892
7.04212	10	0.727255	47.9841
7.15313	10	0.727255	47.8768
7.26414	10	0.727255	47.7678
7.37515	10	0.727255	47.6556
7.48616	10	0.727255	47.5411
7.59717	10	0.727255	47.4236
7.70818	10	0.727255	47.3036
7.81919	10	0.727255	47.1812
7.9302	10	0.727255	47.0538
8.04121	10	0.727255	46.9245
8.15222	10	0.727255	46.7892
8.26323	10	0.727255	46.6523
8.37424	10	0.727255	46.5081
8.48525	10	0.727255	46.3633
8.59626	10	0.727255	46.21
8.70727	10	0.727255	46.055
8.81828	10	0.727255	45.8891
8.92929	10	0.727255	45.7179
9.0403	10	0.727255	45.5358
9.15131	10	0.727255	45.3461
9.26232	10	0.727255	45.1493
9.37333	10	0.727255	44.9463
9.48434	10	0.727255	44.7393
9.59535	10	0.727255	44.5278
9.70636	10	0.727255	44.3136
9.81737	10	0.727255	44.0934
9.92838	10	0.727255	43.8715
10.0394	10	0.727255	43.6494
10.1504	10	0.727255	43.4282
10.2614	10	0.727255	43.2107
10.3724	10	0.727255	42.996
10.4834	10	0.727255	42.7837
10.5944	10	0.727255	42.5741
10.7055	10	0.727255	42.3678
10.8165	10	0.727255	42.1628
10.9275	10	0.727255	41.9617
11.0385	10	0.727255	41.7605
11.1495	10	0.727255	41.5574
11.2605	10	0.727255	41.3492
11.3715	10	0.727255	41.1379
11.4825	10	0.727255	40.9225
11.5935	10	0.727255	40.7064
11.7045	10	0.727255	40.492
11.8156	10	0.727255	40.2789
11.9266	10	0.727255	40.0688
12.0376	10	0.727255	39.8589
12.1486	10	0.727255	39.648
12.2596	10	0.727255	39.4358
12.3706	10	0.727255	39.2231
12.4816	10	0.727255	39.0124
12.5926	10	0.727255	38.8062
12.7036	10	0.727255	38.6086
12.8146	10	0.727255	38.4205
12.9257	10	0.727255	38.2336
13.0367	10	0.727255	38.0441
13.1477	10	0.727255	37.8477
13.2587	10	0.727255	37.6524
13.3697	10	0.727255	37.4643
13.4807	10	0.727255	37.2642
13.5917	10	0.727255	37.0711
13.7027	10	0.727255	36.8851
13.8137	10	0.727255	36.7036
13.9247	10	0.727255	36.5194
14.0358	10	0.727255	36.3358
14.1468	10	0.727255	36.1599
14.2578	10	0.727255	35.9975
14.3688	10	0.727255	35.7935
14.4798	10	0.727255	35.5809
14.5908	10	0.727255	35.3632
14.7018	10	0.727255	35.1452
14.8128	10	0.727255	34.9102
14.9238	10	0.727255	34.675
15.0348	10	0.727255	34.4414
15.1459	10	0.727255	34.2003
15.2569	10	0.727255	33.9287
15.3679	10	0.727255	33.6569
15.4789	10	0.727255	33.3995
15.5899	10	0.727255	33.1695
15.7009	10	0.727255	32.9666
15.8119	10	0.727255	32.7836
15.9229	10	0.727255	32.5919
16.0339	10	0.727255	32.3883
16.1449	10	0.727255	32.1683
16.256	10	0.727255	31.9221
16.367	10	0.727255	31.641
16.478	10	0.727255	31.3084
16.589	10	0.727255	30.8941
16.7	10	0.727255	30.3919
5.71	11	0.792464	48.9528
5.82101	11	0.792464	48.885
5.93202	11	0.792464	48.8099
6.04303	11	0.792464	48.7292
6.15404	11	0.792464	48.6444
6.26505	11	0.792464	48.5552
6.37606	11	0.792464	48.4627
6.48707	11	0.792464	48.3666
6.59808	11	0.792464	48.2679
6.70909	11	0.792464	48.167
6.8201	11	0.792464	48.0644
6.93111	11	0.792464	47.9603
7.04212	11	0.792464	47.8547
7.15313	11	0.792464	47.7467
7.26414	11	0.792464	47.637
7.37515	11	0.792464	47.5244
7.48616	11	0.792464	47.4098
7.59717	11	0.792464	47.2925
7.70818	11	0.792464	47.1727
7.81919	11	0.792464	47.0503
7.9302	11	0.792464	46.9223
8.04121	11	0.792464	46.7923
8.15222	11	0.792464	46.6568
8.26323	11	0.792464	46.5195
8.37424	11	0.792464	46.3757
8.48525	11	0.792464	46.2312
8.59626	11	0.792464	46.0783
8.70727	11	0.792464	45.9235
8.81828	11	0.792464	45.7579
8.92929	11	0.792464	45.5875
9.0403	11	0.792464	45.4077
9.15131	11	0.792464	45.2221
9.26232	11	0.792464	45.0305
9.37333	11	0.792464	44.8336
9.48434	11	0.792464	44.6325
9.59535	11	0.792464	44.4248
9.70636	11	0.792464	44.2136
9.81737	11	0.792464	43.9959
9.92838	11	0.792464	43.7766
10.0394	11	0.792464	43.5579
10.1504	11	0.792464	43.3399
10.2614	11	0.792464	43.1245
10.3724	11	0.792464	42.911
10.4834	11	0.792464	42.6991
10.5944	11	0.792464	42.4902
10.7055	11	0.792464	42.2853
10.8165	11	0.792464	42.0823
10.9275	11	0.792464	41.8828
11.0385	11	0.792464	41.6817
11.1495	11	0.792464	41.4779
11.2605	11	0.792464	41.2679
11.3715	11	0.792464	41.0554
11.4825	11	0.792464	40.8406
11.5935	11	0.792464	40.6259
11.7045	11	0.792464	40.4142
11.8156	11	0.792464	40.2028
11.9266	11	0.792464	39.9927
12.0376	11	0.792464	39.7816
12.1486	11	0.792464	39.5684
12.2596	11	0.792464	39.3547
12.3706	11	0.792464	39.1411
12.4816	11	0.792464	38.931
12.5926	11	0.792464	38.7258
12.7036	11	0.792464	38.5284
12.8146	11	0.792464	38.3395
12.9257	11	0.792464	38.15
13.0367	11	0.792464	37.9577
13.1477	11	0.792464	37.7592
13.2587	11	0.792464	37.5626
13.3697	11	0.792464	37.3742
13.4807	11	0.792464	37.1746
13.5917	11	0.792464	36.9819
13.7027	11	0.792464	36.7956
13.8137	11	0.792464	36.614
13.9247	11	0.792464	36.4299
14.0358	11	0.792464	36.2467
14.1468	11	0.792464	36.071
14.2578	11	0.792464	35.9087
14.3688	11	0.792464	35.7074
14.4798	11	0.792464	35.4972
14.5908	11	0.792464	35.2816
14.7018	11	0.792464	35.0659
14.8128	11	0.792464	34.8344
14.9238	11	0.792464	34.6036
15.0348	11	0.792464	34.3728
15.1459	11	0.792464	34.1355
15.2569	11	0.792464	33.8674
15.3679	11	0.792464	33.5947
15.4789	11	0.792464	33.3287
15.5899	11	0.792464	33.0883
15.7009	11	0.792464	32.8787
15.8119	11	0.792464	32.6972
15.9229	11	0.792464	32.5081
16.0339	11	0.792464	32.3089
16.1449	11	0.792464	32.0938
16.256	11	0.792464	31.8533
16.367	11	0.792464	31.5784
16.478	11	0.792464	31.2511
16.589	11	0.792464	30.8403
16.7	11	0.792464	30.3347
5.71	12	0.857673	48.8365
5.82101	12	0.857673	48.7674
5.93202	12	0.857673	48.6915
6.04303	12	0.857673	48.6097
6.15404	12	0.857673	48.5239
6.26505	12	0.857673	48.4337
6.37606	12	0.857673	48.3399
6.48707	12	0.857673	48.2427
6.59808	12	0.857673	48.143
6.70909	12	0.857673	48.0413
6.8201	12	0.857673	47.9382
6.93111	12	0.857673	47.8333
7.04212	12	0.857673	47.727
7.15313	12	0.857673	47.6182
7.26414	12	0.857673	47.5079
7.37515	12	0.857673	47.3951
7.48616	12	0.857673	47.2805
7.59717	12	0.857673	47.1634
7.70818	12	0.857673	47.0436
7.81919	12	0.857673	46.9209
7.9302	12	0.857673	46.7925
8.04121	12	0.857673	46.662
8.15222	12	0.857673	46.5265
8.26323	12	0.857673	46.3894
8.37424	12	0.857673	46.2463
8.48525	12	0.857673	46.1023
8.59626	12	0.857673	45.9497
8.70727	12	0.857673	45.795
8.81828	12	0.857673	45.6304
8.92929	12	0.857673	45.4619
9.0403	12	0.857673	45.2854
9.15131	12	0.857673	45.1046
9.26232	12	0.857673	44.9182
9.37333	12	0.857673	44.726
9.48434	12	0.857673	44.5291
9.59535	12	0.857673	44.3237
9.70636	12	0.857673	44.1146
9.81737	12	0.857673	43.8996
9.92838	12	0.857673	43.6832
10.0394	12	0.857673	43.4679
10.1504	12	0.857673	43.2526
10.2614	12	0.857673	43.0384
10.3724	12	0.857673	42.8256
10.4834	12	0.857673	42.6142
10.5944	12	0.857673	42.4065
10.7055	12	0.857673	42.2035
10.8165	12	0.857673	42.0024
10.9275	12	0.857673	41.804
11.0385	12	0.857673	41.6022
11.1495	12	0.857673	41.3973
11.2605	12	0.857673	41.1862
11.3715	12	0.857673	40.9734
11.4825	12	0.857673	40.7604
11.5935	12	0.857673	40.5477
11.7045	12	0.857673	40.3382
11.8156	12	0.857673	40.1275
11.9266	12	0.857673	39.9162
12.0376	12	0.857673	39.7034
12.1486	12	0.857673	39.4884
12.2596	12	0.857673	39.274
12.3706	12	0.857673	39.0606
12.4816	12	0.857673	38.8516
12.5926	12	0.857673	38.6475
12.7036	12	0.857673	38.4493
12.8146	12	0.857673	38.2583
12.9257	12	0.857673	38.0658
13.0367	12	0.857673	37.8708
13.1477	12	0.857673	37.671
13.2587	12	0.857673	37.4739
13.3697	12	0.857673	37.2858
13.4807	12	0.857673	37.0865
13.5917	12	0.857673	36.8938
13.7027	12	0.857673	36.7067
13.8137	12	0.857673	36.5246
13.9247	12	0.857673	36.3404
14.0358	12	0.857673	36.1578
14.1468	12	0.857673	35.9823
14.2578	12	0.857673	35.8201
14.3688	12	0.857673	35.6203
14.4798	12	0.857673	35.4122
14.5908	12	0.857673	35.1987
14.7018	12	0.857673	34.9845
14.8128	12	0.857673	34.7557
14.9238	12	0.857673	34.5288
15.0348	12	0.857673	34.3027
15.1459	12	0.857673	34.0692
15.2569	12	0.857673	33.8042
15.3679	12	0.857673	33.5319
15.4789	12	0.857673	33.2594
15.5899	12	0.857673	33.0078
15.7009	12	0.857673	32.7899
15.8119	12	0.857673	32.6093
15.9229	12	0.857673	32.4224
16.0339	12	0.857673	32.2262
16.1449	12	0.857673	32.0149
16.256	12	0.857673	31.7791
16.367	12	0.857673	31.5089
16.478	12	0.857673	31.1864
16.589	12	0.857673	30.779
16.7	12	0.857673	30.2712
5.71	13	0.922882	48.7238
5.82101	13	0.922882	48.6534
5.93202	13	0.922882	48.5765
6.04303	13	0.922882	48.4936
6.15404	13	0.922882	48.4065
6.26505	13	0.922882	48.315
6.37606	13	0.922882	48.2197
6.48707	13	0.922882	48.1213
6.59808	13	0.922882	48.0205
6.70909	13	0.922882	47.9179
6.8201	13	0.922882	47.814
6.93111	13	0.922882	47.708
7.04212	13	0.922882	47.6007
7.15313	13	0.922882	47.4911
7.26414	13	0.922882	47.3803
7.37515	13	0.922882	47.2673
7.48616	13	0.922882	47.1528
7.59717	13	0.922882	47.0357
7.70818	13	0.922882	46.9158
7.81919	13	0.922882	46.7927
7.9302	13	0.922882	46.6639
8.04121	13	0.922882	46.5333
8.15222	13	0.922882	46.3982
8.26323	13	0.922882	46.2614
8.37424	13	0.922882	46.1189
8.48525	13	0.922882	45.9754
8.59626	13	0.922882	45.8232
8.70727	13	0.922882	45.669
8.81828	13	0.922882	45.506
8.92929	13	0.922882	45.3401
9.0403	13	0.922882	45.1674
9.15131	13	0.922882	44.991
9.26232	13	0.922882	44.809
9.37333	13	0.922882	44.6199
9.48434	13	0.922882	44.4254
9.59535	13	0.922882	44.2219
9.70636	13	0.922882	44.0148
9.81737	13	0.922882	43.8031
9.92838	13	0.922882	43.59
10.0394	13	0.922882	43.3774
10.1504	13	0.922882	43.1642
10.2614	13	0.922882	42.9508
10.3724	13	0.922882	42.7385
10.4834	13	0.922882	42.5282
10.5944	13	0.922882	42.3225
10.7055	13	0.922882	42.1217
10.8165	13	0.922882	41.9222
10.9275	13	0.922882	41.7243
11.0385	13	0.922882	41.5215
11.1495	13	0.922882	41.3155
11.2605	13	0.922882	41.1042
11.3715	13	0.922882	40.892
11.4825	13	0.922882	40.6815
11.5935	13	0.922882	40.4709
11.7045	13	0.922882	40.2623
11.8156	13	0.922882	40.0512
11.9266	13	0.922882	39.8381
12.0376	13	0.922882	39.6236
12.1486	13	0.922882	39.4075
12.2596	13	0.922882	39.1935
12.3706	13	0.922882	38.9811
12.4816	13	0.922882	38.7731
12.5926	13	0.922882	38.5695
12.7036	13	0.922882	38.3693
12.8146	13	0.922882	38.1755
12.9257	13	0.922882	37.9801
13.0367	13	0.922882	37.7831
13.1477	13	0.922882	37.5827
13.2587	13	0.922882	37.3858
13.3697	13	0.922882	37.1982
13.4807	13	0.922882	36.9991
13.5917	13	0.922882	36.8058
13.7027	13	0.922882	36.6177
13.8137	13	0.922882	36.4349
13.9247	13	0.922882	36.2505
14.0358	13	0.922882	36.0686
14.1468	13	0.922882	35.8934
14.2578	13	0.922882	35.731
14.3688	13	0.922882	35.5321
14.4798	13	0.922882	35.3253
14.5908	13	0.922882	35.1138
14.7018	13	0.922882	34.9009
14.8128	13	0.922882	34.6741
14.9238	13	0.922882	34.4503
15.0348	13	0.922882	34.2294
15.1459	13	0.922882	33.9997
15.2569	13	0.922882	33.7376
15.3679	13	0.922882	33.466
15.4789	13	0.922882	33.1897
15.5899	13	0.922882	32.9275
15.7009	13	0.922882	32.6998
15.8119	13	0.922882	32.5201
15.9229	13	0.922882	32.3349
16.0339	13	0.922882	32.1406
16.1449	13	0.922882	31.9321
16.256	13	0.922882	31.7
16.367	13	0.922882	31.4335
16.478	13	0.922882	31.1151
16.589	13	0.922882	30.7106
16.7	13	0.922882	30.2017
5.71	14	0.988092	48.6163
5.82101	14	0.988092	48.5446
5.93202	14	0.988092	48.4663
6.04303	14	0.988092	48.3821
6.15404	14	0.988092	48.2935
6.26505	14	0.988092	48.2004
6.37606	14	0.988092	48.1036
6.48707	14	0.988092	48.0039
6.59808	14	0.988092	47.9018
6.70909	14	0.988092	47.798
6.8201	14	0.988092	47.693
6.93111	14	0.988092	47.5857
7.04212	14	0.988092	47.4772
7.15313	14	0.988092	47.3668
7.26414	14	0.988092	47.2554
7.37515	14	0.988092	47.1423
7.48616	14	0.988092	47.0277
7.59717	14	0.988092	46.9103
7.70818	14	0.988092	46.7902
7.81919	14	0.988092	46.6667
7.9302	14	0.988092	46.5377
8.04121	14	0.988092	46.4071
8.15222	14	0.988092	46.2726
8.26323	14	0.988092	46.1364
8.37424	14	0.988092	45.9943
8.48525	14	0.988092	45.8509
8.59626	14	0.988092	45.6992
8.70727	14	0.988092	45.5457
8.81828	14	0.988092	45.3849
8.92929	14	0.988092	45.2219
9.0403	14	0.988092	45.0527
9.15131	14	0.988092	44.8797
9.26232	14	0.988092	44.7007
9.37333	14	0.988092	44.5135
9.48434	14	0.988092	44.3206
9.59535	14	0.988092	44.1193
9.70636	14	0.988092	43.9146
9.81737	14	0.988092	43.7064
9.92838	14	0.988092	43.4967
10.0394	14	0.988092	43.2862
10.1504	14	0.988092	43.0744
10.2614	14	0.988092	42.8616
10.3724	14	0.988092	42.6503
10.4834	14	0.988092	42.4419
10.5944	14	0.988092	42.2387
10.7055	14	0.988092	42.0402
10.8165	14	0.988092	41.8415
10.9275	14	0.988092	41.6435
11.0385	14	0.988092	41.4396
11.1495	14	0.988092	41.2329
11.2605	14	0.988092	41.0226
11.3715	14	0.988092	40.8117
11.4825	14	0.988092	40.6037
11.5935	14	0.988092	40.3946
11.7045	14	0.988092	40.1856
11.8156	14	0.988092	39.9733
11.9266	14	0.988092	39.7583
12.0376	14	0.988092	39.5427
12.1486	14	0.988092	39.3264
12.2596	14	0.988092	39.1134
12.3706	14	0.988092	38.9025
12.4816	14	0.988092	38.6949
12.5926	14	0.988092	38.4905
12.7036	14	0.988092	38.2878
12.8146	14	0.988092	38.0909
12.9257	14	0.988092	37.8933
13.0367	14	0.988092	37.6952
13.1477	14	0.988092	37.4953
13.2587	14	0.988092	37.299
13.3697	14	0.988092	37.1118
13.4807	14	0.988092	36.9124
13.5917	14	0.988092	36.7183
13.7027	14	0.988092	36.5291
13.8137	14	0.988092	36.3456
13.9247	14	0.988092	36.1609
14.0358	14	0.988092	35.9793
14.1468	14	0.988092	35.8045
14.2578	14	0.988092	35.6417
14.3688	14	0.988092	35.4431
14.4798	14	0.988092	35.237
14.5908	14	0.988092	35.027
14.7018	14	0.988092	34.8155
14.8128	14	0.988092	34.5902
14.9238	14	0.988092	34.3688
15.0348	14	0.988092	34.1521
15.1459	14	0.988092	33.9263
15.2569	14	0.988092	33.6675
15.3679	14	0.988092	33.397
15.4789	14	0.988092	33.1191
15.5899	14	0.988092	32.8481
15.7009	14	0.988092	32.6095
15.8119	14	0.988092	32.4309
15.9229	14	0.988092	32.2466
16.0339	14	0.988092	32.0536
16.1449	14	0.988092	31.8471
16.256	14	0.988092	31.6176
16.367	14	0.988092	31.3542
16.478	14	0.988092	31.0392
16.589	14	0.988092	30.6371
16.7	14	0.988092	30.1284
5.71	15	1.0533	48.5101
5.82101	15	1.0533	48.4373
5.93202	15	1.0533	48.3576
6.04303	15	1.0533	48.272
6.15404	15	1.0533	48.1817
6.26505	15	1.0533	48.0871
6.37606	15	1.0533	47.9887
6.48707	15	1.0533	47.8875
6.59808	15	1.0533	47.7842
6.70909	15	1.0533	47.6789
6.8201	15	1.0533	47.5725
6.93111	15	1.0533	47.4639
7.04212	15	1.0533	47.3542
7.15313	15	1.0533	47.243
7.26414	15	1.0533	47.131
7.37515	15	1.0533	47.0177
7.48616	15	1.0533	46.9028
7.59717	15	1.0533	46.7849
7.70818	15	1.0533	46.6645
7.81919	15	1.0533	46.5408
7.9302	15	1.0533	46.4118
8.04121	15	1.0533	46.2814
8.15222	15	1.0533	46.1474
8.26323	15	1.0533	46.0115
8.37424	15	1.0533	45.8695
8.48525	15	1.0533	45.7261
8.59626	15	1.0533	45.5749
8.70727	15	1.0533	45.4225
8.81828	15	1.0533	45.2638
8.92929	15	1.0533	45.1033
9.0403	15	1.0533	44.937
9.15131	15	1.0533	44.7661
9.26232	15	1.0533	44.5889
9.37333	15	1.0533	44.4029
9.48434	15	1.0533	44.2115
9.59535	15	1.0533	44.0129
9.70636	15	1.0533	43.8112
9.81737	15	1.0533	43.6066
9.92838	15	1.0533	43.4
10.0394	15	1.0533	43.191
10.1504	15	1.0533	42.9805
10.2614	15	1.0533	42.7689
10.3724	15	1.0533	42.5595
10.4834	15	1.0533	42.354
10.5944	15	1.0533	42.1537
10.7055	15	1.0533	41.9571
10.8165	15	1.0533	41.7588
10.9275	15	1.0533	41.5602
11.0385	15	1.0533	41.3556
11.1495	15	1.0533	41.1486
11.2605	15	1.0533	40.9401
11.3715	15	1.0533	40.731
11.4825	15	1.0533	40.5245
11.5935	15	1.0533	40.3159
11.7045	15	1.0533	40.1054
11.8156	15	1.0533	39.8914
11.9266	15	1.0533	39.6749
12.0376	15	1.0533	39.4589
12.1486	15	1.0533	39.2432
12.2596	15	1.0533	39.0314
12.3706	15	1.0533	38.8219
12.4816	15	1.0533	38.6136
12.5926	15	1.0533	38.4076
12.7036	15	1.0533	38.2023
12.8146	15	1.0533	38.0029
12.9257	15	1.0533	37.8043
13.0367	15	1.0533	37.6064
13.1477	15	1.0533	37.4076
13.2587	15	1.0533	37.2122
13.3697	15	1.0533	37.025
13.4807	15	1.0533	36.825
13.5917	15	1.0533	36.6298
13.7027	15	1.0533	36.4397
13.8137	15	1.0533	36.2554
13.9247	15	1.0533	36.0704
14.0358	15	1.0533	35.889
14.1468	15	1.0533	35.7141
14.2578	15	1.0533	35.5507
14.3688	15	1.0533	35.352
14.4798	15	1.0533	35.1461
14.5908	15	1.0533	34.9369
14.7018	15	1.0533	34.7269
14.8128	15	1.0533	34.5027
14.9238	15	1.0533	34.2825
15.0348	15	1.0533	34.0682
15.1459	15	1.0533	33.8458
15.2569	15	1.0533	33.5904
15.3679	15	1.0533	33.3209
15.4789	15	1.0533	33.0433
15.5899	15	1.0533	32.7672
15.7009	15	1.0533	32.5185
15.8119	15	1.0533	32.341
15.9229	15	1.0533	32.157
16.0339	15	1.0533	31.9647
16.1449	15	1.0533	31.7596
16.256	15	1.0533	31.5317
16.367	15	1.0533	31.2709
16.478	15	1.0533	30.9586
16.589	15	1.0533	30.5584
16.7	15	1.0533	30.0509
5.71	16	1.11851	48.3989
5.82101	16	1.11851	48.3249
5.93202	16	1.11851	48.2439
6.04303	16	1.11851	48.1569
6.15404	16	1.11851	48.0651
6.26505	16	1.11851	47.9689
6.37606	16	1.11851	47.8692
6.48707	16	1.11851	47.7666
6.59808	16	1.11851	47.6618
6.70909	16	1.11851	47.5551
6.8201	16	1.11851	47.4472
6.93111	16	1.11851	47.3374
7.04212	16	1.11851	47.2265
7.15313	16	1.11851	47.1147
7.26414	16	1.11851	47.0021
7.37515	16	1.11851	46.8884
7.48616	16	1.11851	46.7733
7.59717	16	1.11851	46.6548
7.70818	16	1.11851	46.5344
7.81919	16	1.11851	46.4108
7.9302	16	1.11851	46.2817
8.04121	16	1.11851	46.1516
8.15222	16	1.11851	46.0178
8.26323	16	1.11851	45.882
8.37424	16	1.11851	45.7397
8.48525	16	1.11851	45.5959
8.59626	16	1.11851	45.4454
8.70727	16	1.11851	45.294
8.81828	16	1.11851	45.1371
8.92929	16	1.11851	44.9784
9.0403	16	1.11851	44.8137
9.15131	16	1.11851	44.6437
9.26232	16	1.11851	44.4672
9.37333	16	1.11851	44.2824
9.48434	16	1.11851	44.0927
9.59535	16	1.11851	43.8974
9.70636	16	1.11851	43.6994
9.81737	16	1.11851	43.498
9.92838	16	1.11851	43.2945
10.0394	16	1.11851	43.0872
10.1504	16	1.11851	42.8787
10.2614	16	1.11851	42.6699
10.3724	16	1.11851	42.4641
10.4834	16	1.11851	42.2624
10.5944	16	1.11851	42.0652
10.7055	16	1.11851	41.87
10.8165	16	1.11851	41.6714
10.9275	16	1.11851	41.4721
11.0385	16	1.11851	41.2673
11.1495	16	1.11851	41.0607
11.2605	16	1.11851	40.8542
11.3715	16	1.11851	40.6469
11.4825	16	1.11851	40.4405
11.5935	16	1.11851	40.2312
11.7045	16	1.11851	40.0186
11.8156	16	1.11851	39.8028
11.9266	16	1.11851	39.5852
12.0376	16	1.11851	39.3694
12.1486	16	1.11851	39.155
12.2596	16	1.11851	38.944
12.3706	16	1.11851	38.7349
12.4816	16	1.11851	38.5253
12.5926	16	1.11851	38.317
12.7036	16	1.11851	38.1098
12.8146	16	1.11851	37.9089
12.9257	16	1.11851	37.7108
13.0367	16	1.11851	37.5141
13.1477	16	1.11851	37.317
13.2587	16	1.11851	37.1224
13.3697	16	1.11851	36.9349
13.4807	16	1.11851	36.7342
13.5917	16	1.11851	36.5381
13.7027	16	1.11851	36.3472
13.8137	16	1.11851	36.1624
13.9247	16	1.11851	35.9771
14.0358	16	1.11851	35.7954
14.1468	16	1.11851	35.6202
14.2578	16	1.11851	35.4559
14.3688	16	1.11851	35.2569
14.4798	16	1.11851	35.0507
14.5908	16	1.11851	34.8417
14.7018	16	1.11851	34.6327
14.8128	16	1.11851	34.4093
14.9238	16	1.11851	34.1891
15.0348	16	1.11851	33.9753
15.1459	16	1.11851	33.7546
15.2569	16	1.11851	33.5013
15.3679	16	1.11851	33.2325
15.4789	16	1.11851	32.9551
15.5899	16	1.11851	32.6782
15.7009	16	1.11851	32.4249
15.8119	16	1.11851	32.2484
15.9229	16	1.11851	32.0648
16.0339	16	1.11851	31.8729
16.1449	16	1.11851	31.6683
16.256	16	1.11851	31.4412
16.367	16	1.11851	31.1822
16.478	16	1.11851	30.8722
16.589	16	1.11851	30.4742
16.7	16	1.11851	29.9682
5.71	17	1.18372	48.2833
5.82101	17	1.18372	48.2084
5.93202	17	1.18372	48.126
6.04303	17	1.18372	48.0377
6.15404	17	1.18372	47.9443
6.26505	17	1.18372	47.8468
6.37606	17	1.18372	47.7457
6.48707	17	1.18372	47.6417
6.59808	17	1.18372	47.5355
6.70909	17	1.18372	47.4274
6.8201	17	1.18372	47.3181
6.93111	17	1.18372	47.2073
7.04212	17	1.18372	47.0954
7.15313	17	1.18372	46.983
7.26414	17	1.18372	46.8702
7.37515	17	1.18372	46.756
7.48616	17	1.18372	46.641
7.59717	17	1.18372	46.5223
7.70818	17	1.18372	46.4023
7.81919	17	1.18372	46.2792
7.9302	17	1.18372	46.1503
8.04121	17	1.18372	46.0207
8.15222	17	1.18372	45.8871
8.26323	17	1.18372	45.7512
8.37424	17	1.18372	45.6088
8.48525	17	1.18372	45.465
8.59626	17	1.18372	45.3156
8.70727	17	1.18372	45.1652
8.81828	17	1.18372	45.0099
8.92929	17	1.18372	44.8523
9.0403	17	1.18372	44.6885
9.15131	17	1.18372	44.519
9.26232	17	1.18372	44.3431
9.37333	17	1.18372	44.1601
9.48434	17	1.18372	43.9727
9.59535	17	1.18372	43.7811
9.70636	17	1.18372	43.5868
9.81737	17	1.18372	43.3879
9.92838	17	1.18372	43.1869
10.0394	17	1.18372	42.9814
10.1504	17	1.18372	42.7753
10.2614	17	1.18372	42.5701
10.3724	17	1.18372	42.368
10.4834	17	1.18372	42.1698
10.5944	17	1.18372	41.9746
10.7055	17	1.18372	41.78
10.8165	17	1.18372	41.5809
10.9275	17	1.18372	41.381
11.0385	17	1.18372	41.177
11.1495	17	1.18372	40.9715
11.2605	17	1.18372	40.767
11.3715	17	1.18372	40.5609
11.4825	17	1.18372	40.3537
11.5935	17	1.18372	40.143
11.7045	17	1.18372	39.9284
11.8156	17	1.18372	39.7114
11.9266	17	1.18372	39.4936
12.0376	17	1.18372	39.2785
12.1486	17	1.18372	39.0655
12.2596	17	1.18372	38.8549
12.3706	17	1.18372	38.6451
12.4816	17	1.18372	38.4336
12.5926	17	1.18372	38.223
12.7036	17	1.18372	38.0144
12.8146	17	1.18372	37.8131
12.9257	17	1.18372	37.6163
13.0367	17	1.18372	37.4214
13.1477	17	1.18372	37.2254
13.2587	17	1.18372	37.0309
13.3697	17	1.18372	36.8426
13.4807	17	1.18372	36.641
13.5917	17	1.18372	36.444
13.7027	17	1.18372	36.2525
13.8137	17	1.18372	36.0672
13.9247	17	1.18372	35.8813
14.0358	17	1.18372	35.699
14.1468	17	1.18372	35.5227
14.2578	17	1.18372	35.3576
14.3688	17	1.18372	35.1584
14.4798	17	1.18372	34.952
14.5908	17	1.18372	34.7429
14.7018	17	1.18372	34.5347
14.8128	17	1.18372	34.3125
14.9238	17	1.18372	34.0931
15.0348	17	1.18372	33.8791
15.1459	17	1.18372	33.6593
15.2569	17	1.18372	33.4075
15.3679	17	1.18372	33.1413
15.4789	17	1.18372	32.8643
15.5899	17	1.18372	32.5858
15.7009	17	1.18372	32.329
15.8119	17	1.18372	32.1525
15.9229	17	1.18372	31.9699
16.0339	17	1.18372	31.7784
16.1449	17	1.18372	31.5734
16.256	17	1.18372	31.3466
16.367	17	1.18372	31.0885
16.478	17	1.18372	30.7807
16.589	17	1.18372	30.3861
16.7	17	1.18372	29.8831
5.71	18	1.24893	48.1671
5.82101	18	1.24893	48.0913
5.93202	18	1.24893	48.0076
6.04303	18	1.24893	47.9179
6.15404	18	1.24893	47.8232
6.26505	18	1.24893	47.7243
6.37606	18	1.24893	47.622
6.48707	18	1.24893	47.5166
6.59808	18	1.24893	47.4089
6.70909	18	1.24893	47.2996
6.8201	18	1.24893	47.1892
6.93111	18	1.24893	47.0774
7.04212	18	1.24893	46.9648
7.15313	18	1.24893	46.852
7.26414	18	1.24893	46.7389
7.37515	18	1.24893	46.6246
7.48616	18	1.24893	46.5099
7.59717	18	1.24893	46.3917
7.70818	18	1.24893	46.2726
7.81919	18	1.24893	46.1505
7.9302	18	1.24893	46.0219
8.04121	18	1.24893	45.8927
8.15222	18	1.24893	45.7594
8.26323	18	1.24893	45.6234
8.37424	18	1.24893	45.4815
8.48525	18	1.24893	45.3379
8.59626	18	1.24893	45.1896
8.70727	18	1.24893	45.0403
8.81828	18	1.24893	44.8859
8.92929	18	1.24893	44.7289
9.0403	18	1.24893	44.5653
9.15131	18	1.24893	44.3962
9.26232	18	1.24893	44.2211
9.37333	18	1.24893	44.0403
9.48434	18	1.24893	43.8558
9.59535	18	1.24893	43.6675
9.70636	18	1.24893	43.4766
9.81737	18	1.24893	43.2797
9.92838	18	1.24893	43.0807
10.0394	18	1.24893	42.8777
10.1504	18	1.24893	42.6744
10.2614	18	1.24893	42.4731
10.3724	18	1.24893	42.2747
10.4834	18	1.24893	42.0791
10.5944	18	1.24893	41.8849
10.7055	18	1.24893	41.6903
10.8165	18	1.24893	41.4908
10.9275	18	1.24893	41.2909
11.0385	18	1.24893	41.0884
11.1495	18	1.24893	40.8847
11.2605	18	1.24893	40.6813
11.3715	18	1.24893	40.4759
11.4825	18	1.24893	40.2671
11.5935	18	1.24893	40.0547
11.7045	18	1.24893	39.8386
11.8156	18	1.24893	39.6211
11.9266	18	1.24893	39.4039
12.0376	18	1.24893	39.1899
12.1486	18	1.24893	38.978
12.2596	18	1.24893	38.7669
12.3706	18	1.24893	38.5556
12.4816	18	1.24893	38.342
12.5926	18	1.24893	38.1295
12.7036	18	1.24893	37.9205
12.8146	18	1.24893	37.7197
12.9257	18	1.24893	37.5249
13.0367	18	1.24893	37.3315
13.1477	18	1.24893	37.136
13.2587	18	1.24893	36.941
13.3697	18	1.24893	36.7517
13.4807	18	1.24893	36.5491
13.5917	18	1.24893	36.3513
13.7027	18	1.24893	36.1591
13.8137	18	1.24893	35.9733
13.9247	18	1.24893	35.7865
14.0358	18	1.24893	35.6032
14.1468	18	1.24893	35.4253
14.2578	18	1.24893	35.259
14.3688	18	1.24893	35.0595
14.4798	18	1.24893	34.8533
14.5908	18	1.24893	34.6444
14.7018	18	1.24893	34.4364
14.8128	18	1.24893	34.2147
14.9238	18	1.24893	33.9962
15.0348	18	1.24893	33.7829
15.1459	18	1.24893	33.563
15.2569	18	1.24893	33.3119
15.3679	18	1.24893	33.0487
15.4789	18	1.24893	32.774
15.5899	18	1.24893	32.4952
15.7009	18	1.24893	32.234
15.8119	18	1.24893	32.0566
15.9229	18	1.24893	31.8741
16.0339	18	1.24893	31.6836
16.1449	18	1.24893	31.4796
16.256	18	1.24893	31.2525
16.367	18	1.24893	30.9943
16.478	18	1.24893	30.6866
16.589	18	1.24893	30.2941
16.7	18	1.24893	29.7972
5.71	19	1.31414	48.0487
5.82101	19	1.31414	47.9719
5.93202	19	1.31414	47.8868
6.04303	19	1.31414	47.7958
6.15404	19	1.31414	47.6997
6.26505	19	1.31414	47.5995
6.37606	19	1.31414	47.4959
6.48707	19	1.31414	47.3891
6.59808	19	1.31414	47.2801
6.70909	19	1.31414	47.1696
6.8201	19	1.31414	47.058
6.93111	19	1.31414	46.9454
7.04212	19	1.31414	46.8322
7.15313	19	1.31414	46.7189
7.26414	19	1.31414	46.6059
7.37515	19	1.31414	46.4916
7.48616	19	1.31414	46.3778
7.59717	19	1.31414	46.2605
7.70818	19	1.31414	46.1428
7.81919	19	1.31414	46.022
7.9302	19	1.31414	45.8937
8.04121	19	1.31414	45.7651
8.15222	19	1.31414	45.6321
8.26323	19	1.31414	45.4962
8.37424	19	1.31414	45.355
8.48525	19	1.31414	45.2121
8.59626	19	1.31414	45.0648
8.70727	19	1.31414	44.9161
8.81828	19	1.31414	44.7621
8.92929	19	1.31414	44.605
9.0403	19	1.31414	44.4414
9.15131	19	1.31414	44.2728
9.26232	19	1.31414	44.099
9.37333	19	1.31414	43.9208
9.48434	19	1.31414	43.7393
9.59535	19	1.31414	43.554
9.70636	19	1.31414	43.3658
9.81737	19	1.31414	43.1707
9.92838	19	1.31414	42.9737
10.0394	19	1.31414	42.7738
10.1504	19	1.31414	42.5739
10.2614	19	1.31414	42.3767
10.3724	19	1.31414	42.1815
10.4834	19	1.31414	41.9876
10.5944	19	1.31414	41.7937
10.7055	19	1.31414	41.599
10.8165	19	1.31414	41.3997
10.9275	19	1.31414	41.2005
11.0385	19	1.31414	40.9999
11.1495	19	1.31414	40.7982
11.2605	19	1.31414	40.5952
11.3715	19	1.31414	40.3894
11.4825	19	1.31414	40.1788
11.5935	19	1.31414	39.9649
11.7045	19	1.31414	39.7481
11.8156	19	1.31414	39.5307
11.9266	19	1.31414	39.3149
12.0376	19	1.31414	39.1018
12.1486	19	1.31414	38.8902
12.2596	19	1.31414	38.6779
12.3706	19	1.31414	38.4645
12.4816	19	1.31414	38.2491
12.5926	19	1.31414	38.0354
12.7036	19	1.31414	37.8269
12.8146	19	1.31414	37.6275
12.9257	19	1.31414	37.4344
13.0367	19	1.31414	37.2421
13.1477	19	1.31414	37.0463
13.2587	19	1.31414	36.8505
13.3697	19	1.31414	36.6601
13.4807	19	1.31414	36.4566
13.5917	19	1.31414	36.2581
13.7027	19	1.31414	36.0653
13.8137	19	1.31414	35.8789
13.9247	19	1.31414	35.6908
14.0358	19	1.31414	35.5062
14.1468	19	1.31414	35.3266
14.2578	19	1.31414	35.1588
14.3688	19	1.31414	34.9589
14.4798	19	1.31414	34.753
14.5908	19	1.31414	34.5448
14.7018	19	1.31414	34.3371
14.8128	19	1.31414	34.1153
14.9238	19	1.31414	33.897
15.0348	19	1.31414	33.685
15.1459	19	1.31414	33.4652
15.2569	19	1.31414	33.2146
15.3679	19	1.31414	32.9534
15.4789	19	1.31414	32.682
15.5899	19	1.31414	32.4043
15.7009	19	1.31414	32.1391
15.8119	19	1.31414	31.9603
15.9229	19	1.31414	31.7769
16.0339	19	1.31414	31.5868
16.1449	19	1.31414	31.3837
16.256	19	1.31414	31.1572
16.367	19	1.31414	30.8992
16.478	19	1.31414	30.5908
16.589	19	1.31414	30.1994
16.7	19	1.31414	29.7062
5.71	20	1.37935	47.9282
5.82101	20	1.37935	47.8504
5.93202	20	1.37935	47.7639
6.04303	20	1.37935	47.6715
6.15404	20	1.37935	47.5742
6.26505	20	1.37935	47.4727
6.37606	20	1.37935	47.3676
6.48707	20	1.37935	47.2595
6.59808	20	1.37935	47.1492
6.70909	20	1.37935	47.0375
6.8201	20	1.37935	46.9249
6.93111	20	1.37935	46.8114
7.04212	20	1.37935	46.6977
7.15313	20	1.37935	46.584
7.26414	20	1.37935	46.4712
7.37515	20	1.37935	46.3575
7.48616	20	1.37935	46.2451
7.59717	20	1.37935	46.1292
7.70818	20	1.37935	46.0134
7.81919	20	1.37935	45.8941
7.9302	20	1.37935	45.7661
8.04121	20	1.37935	45.6379
8.15222	20	1.37935	45.5057
8.26323	20	1.37935	45.3702
8.37424	20	1.37935	45.2301
8.48525	20	1.37935	45.0879
8.59626	20	1.37935	44.9413
8.70727	20	1.37935	44.7929
8.81828	20	1.37935	44.6387
8.92929	20	1.37935	44.4812
9.0403	20	1.37935	44.3174
9.15131	20	1.37935	44.1496
9.26232	20	1.37935	43.9774
9.37333	20	1.37935	43.8018
9.48434	20	1.37935	43.6232
9.59535	20	1.37935	43.44
9.70636	20	1.37935	43.254
9.81737	20	1.37935	43.0608
9.92838	20	1.37935	42.866
10.0394	20	1.37935	42.6698
10.1504	20	1.37935	42.4737
10.2614	20	1.37935	42.28
10.3724	20	1.37935	42.0874
10.4834	20	1.37935	41.8944
10.5944	20	1.37935	41.7006
10.7055	20	1.37935	41.506
10.8165	20	1.37935	41.3077
10.9275	20	1.37935	41.11
11.0385	20	1.37935	40.9114
11.1495	20	1.37935	40.7112
11.2605	20	1.37935	40.5078
11.3715	20	1.37935	40.3011
11.4825	20	1.37935	40.0889
11.5935	20	1.37935	39.874
11.7045	20	1.37935	39.6573
11.8156	20	1.37935	39.4407
11.9266	20	1.37935	39.2263
12.0376	20	1.37935	39.0136
12.1486	20	1.37935	38.8013
12.2596	20	1.37935	38.5873
12.3706	20	1.37935	38.3717
12.4816	20	1.37935	38.155
12.5926	20	1.37935	37.9409
12.7036	20	1.37935	37.7338
12.8146	20	1.37935	37.5361
12.9257	20	1.37935	37.3443
13.0367	20	1.37935	37.1524
13.1477	20	1.37935	36.9558
13.2587	20	1.37935	36.7589
13.3697	20	1.37935	36.5675
13.4807	20	1.37935	36.3633
13.5917	20	1.37935	36.1642
13.7027	20	1.37935	35.9707
13.8137	20	1.37935	35.7834
13.9247	20	1.37935	35.5937
14.0358	20	1.37935	35.4075
14.1468	20	1.37935	35.2263
14.2578	20	1.37935	35.0573
14.3688	20	1.37935	34.8569
14.4798	20	1.37935	34.6511
14.5908	20	1.37935	34.4437
14.7018	20	1.37935	34.2366
14.8128	20	1.37935	34.0149
14.9238	20	1.37935	33.7964
15.0348	20	1.37935	33.5846
15.1459	20	1.37935	33.3662
15.2569	20	1.37935	33.1163
15.3679	20	1.37935	32.8563
15.4789	20	1.37935	32.5875
15.5899	20	1.37935	32.3112
15.7009	20	1.37935	32.0441
15.8119	20	1.37935	31.8646
15.9229	20	1.37935	31.6797
16.0339	20	1.37935	31.4886
16.1449	20	1.37935	31.2843
16.256	20	1.37935	31.0598
16.367	20	1.37935	30.8035
16.478	20	1.37935	30.4953
16.589	20	1.37935	30.1045
16.7	20	1.37935	29.6095
5.71	21	1.44456	47.8059
5.82101	21	1.44456	47.727
5.93202	21	1.44456	47.6391
6.04303	21	1.44456	47.5454
6.15404	21	1.44456	47.4468
6.26505	21	1.44456	47.344
6.37606	21	1.44456	47.2376
6.48707	21	1.44456	47.1282
6.59808	21	1.44456	47.0167
6.70909	21	1.44456	46.9038
6.8201	21	1.44456	46.7902
6.93111	21	1.44456	46.676
7.04212	21	1.44456	46.5617
7.15313	21	1.44456	46.4478
7.26414	21	1.44456	46.3354
7.37515	21	1.44456	46.2229
7.48616	21	1.44456	46.1124
7.59717	21	1.44456	45.9984
7.70818	21	1.44456	45.8848
7.81919	21	1.44456	45.7672
7.9302	21	1.44456	45.6396
8.04121	21	1.44456	45.512
8.15222	21	1.44456	45.3809
8.26323	21	1.44456	45.2462
8.37424	21	1.44456	45.1072
8.48525	21	1.44456	44.9657
8.59626	21	1.44456	44.8194
8.70727	21	1.44456	44.6707
8.81828	21	1.44456	44.5159
8.92929	21	1.44456	44.3578
9.0403	21	1.44456	44.1941
9.15131	21	1.44456	44.0273
9.26232	21	1.44456	43.8568
9.37333	21	1.44456	43.6834
9.48434	21	1.44456	43.5071
9.59535	21	1.44456	43.3254
9.70636	21	1.44456	43.141
9.81737	21	1.44456	42.9502
9.92838	21	1.44456	42.7579
10.0394	21	1.44456	42.5657
10.1504	21	1.44456	42.3734
10.2614	21	1.44456	42.1825
10.3724	21	1.44456	41.9915
10.4834	21	1.44456	41.799
10.5944	21	1.44456	41.6053
10.7055	21	1.44456	41.4114
10.8165	21	1.44456	41.2147
10.9275	21	1.44456	41.019
11.0385	21	1.44456	40.8219
11.1495	21	1.44456	40.6228
11.2605	21	1.44456	40.4183
11.3715	21	1.44456	40.2105
11.4825	21	1.44456	39.9973
11.5935	21	1.44456	39.7821
11.7045	21	1.44456	39.5662
11.8156	21	1.44456	39.3508
11.9266	21	1.44456	39.1375
12.0376	21	1.44456	38.9245
12.1486	21	1.44456	38.7107
12.2596	21	1.44456	38.4948
12.3706	21	1.44456	38.2773
12.4816	21	1.44456	38.0602
12.5926	21	1.44456	37.8465
12.7036	21	1.44456	37.6412
12.8146	21	1.44456	37.4453
12.9257	21	1.44456	37.2541
13.0367	21	1.44456	37.0618
13.1477	21	1.44456	36.8642
13.2587	21	1.44456	36.6661
13.3697	21	1.44456	36.4739
13.4807	21	1.44456	36.2692
13.5917	21	1.44456	36.0695
13.7027	21	1.44456	35.875
13.8137	21	1.44456	35.6864
13.9247	21	1.44456	35.4949
14.0358	21	1.44456	35.307
14.1468	21	1.44456	35.1243
14.2578	21	1.44456	34.9542
14.3688	21	1.44456	34.7534
14.4798	21	1.44456	34.5476
14.5908	21	1.44456	34.3407
14.7018	21	1.44456	34.1343
14.8128	21	1.44456	33.9127
14.9238	21	1.44456	33.694
15.0348	21	1.44456	33.4821
15.1459	21	1.44456	33.2648
15.2569	21	1.44456	33.017
15.3679	21	1.44456	32.7595
15.4789	21	1.44456	32.4922
15.5899	21	1.44456	32.2161
15.7009	21	1.44456	31.9459
15.8119	21	1.44456	31.767
15.9229	21	1.44456	31.5827
16.0339	21	1.44456	31.3889
16.1449	21	1.44456	31.1845
16.256	21	1.44456	30.9601
16.367	21	1.44456	30.7044
16.478	21	1.44456	30.3985
16.589	21	1.44456	30.0084
16.7	21	1.44456	29.5158
5.71	22	1.50977	47.6817
5.82101	22	1.50977	47.6017
5.93202	22	1.50977	47.5126
6.04303	22	1.50977	47.4176
6.15404	22	1.50977	47.3177
6.26505	22	1.50977	47.2136
6.37606	22	1.50977	47.1061
6.48707	22	1.50977	46.9954
6.59808	22	1.50977	46.8826
6.70909	22	1.50977	46.7686
6.8201	22	1.50977	46.6541
6.93111	22	1.50977	46.5391
7.04212	22	1.50977	46.4243
7.15313	22	1.50977	46.3106
7.26414	22	1.50977	46.1992
7.37515	22	1.50977	46.0884
7.48616	22	1.50977	45.9806
7.59717	22	1.50977	45.8688
7.70818	22	1.50977	45.7578
7.81919	22	1.50977	45.6421
7.9302	22	1.50977	45.515
8.04121	22	1.50977	45.3883
8.15222	22	1.50977	45.2588
8.26323	22	1.50977	45.1252
8.37424	22	1.50977	44.9873
8.48525	22	1.50977	44.8463
8.59626	22	1.50977	44.6999
8.70727	22	1.50977	44.5505
8.81828	22	1.50977	44.3949
8.92929	22	1.50977	44.2362
9.0403	22	1.50977	44.0728
9.15131	22	1.50977	43.907
9.26232	22	1.50977	43.7379
9.37333	22	1.50977	43.566
9.48434	22	1.50977	43.3911
9.59535	22	1.50977	43.2105
9.70636	22	1.50977	43.0274
9.81737	22	1.50977	42.8393
9.92838	22	1.50977	42.6499
10.0394	22	1.50977	42.4615
10.1504	22	1.50977	42.2724
10.2614	22	1.50977	42.0833
10.3724	22	1.50977	41.8933
10.4834	22	1.50977	41.7011
10.5944	22	1.50977	41.5081
10.7055	22	1.50977	41.3155
10.8165	22	1.50977	41.1209
10.9275	22	1.50977	40.9272
11.0385	22	1.50977	40.7311
11.1495	22	1.50977	40.5322
11.2605	22	1.50977	40.3266
11.3715	22	1.50977	40.1179
11.4825	22	1.50977	39.9044
11.5935	22	1.50977	39.6895
11.7045	22	1.50977	39.4752
11.8156	22	1.50977	39.2608
11.9266	22	1.50977	39.0479
12.0376	22	1.50977	38.834
12.1486	22	1.50977	38.6183
12.2596	22	1.50977	38.4007
12.3706	22	1.50977	38.182
12.4816	22	1.50977	37.9653
12.5926	22	1.50977	37.7528
12.7036	22	1.50977	37.5493
12.8146	22	1.50977	37.3548
12.9257	22	1.50977	37.1633
13.0367	22	1.50977	36.9702
13.1477	22	1.50977	36.7714
13.2587	22	1.50977	36.5723
13.3697	22	1.50977	36.3795
13.4807	22	1.50977	36.1742
13.5917	22	1.50977	35.9739
13.7027	22	1.50977	35.778
13.8137	22	1.50977	35.5879
13.9247	22	1.50977	35.3942
14.0358	22	1.50977	35.2047
14.1468	22	1.50977	35.0206
14.2578	22	1.50977	34.8496
14.3688	22	1.50977	34.6487
14.4798	22	1.50977	34.4427
14.5908	22	1.50977	34.2358
14.7018	22	1.50977	34.0296
14.8128	22	1.50977	33.8082
14.9238	22	1.50977	33.5896
15.0348	22	1.50977	33.3779
15.1459	22	1.50977	33.1614
15.2569	22	1.50977	32.9153
15.3679	22	1.50977	32.6609
15.4789	22	1.50977	32.3963
15.5899	22	1.50977	32.1201
15.7009	22	1.50977	31.846
15.8119	22	1.50977	31.6676
15.9229	22	1.50977	31.4834
16.0339	22	1.50977	31.2889
16.1449	22	1.50977	31.0834
16.256	22	1.50977	30.8579
16.367	22	1.50977	30.6028
16.478	22	1.50977	30.2991
16.589	22	1.50977	29.9124
16.7	22	1.50977	29.4262
5.71	23	1.57498	47.5573
5.82101	23	1.57498	47.4762
5.93202	23	1.57498	47.3859
6.04303	23	1.57498	47.2897
6.15404	23	1.57498	47.1887
6.26505	23	1.57498	47.0834
6.37606	23	1.57498	46.9748
6.48707	23	1.57498	46.8629
6.59808	23	1.57498	46.7489
6.70909	23	1.57498	46.6338
6.8201	23	1.57498	46.5185
6.93111	23	1.57498	46.4028
7.04212	23	1.57498	46.2878
7.15313	23	1.57498	46.1747
7.26414	23	1.57498	46.0649
7.37515	23	1.57498	45.9564
7.48616	23	1.57498	45.8517
7.59717	23	1.57498	45.7426
7.70818	23	1.57498	45.6346
7.81919	23	1.57498	45.5211
7.9302	23	1.57498	45.3947
8.04121	23	1.57498	45.2693
8.15222	23	1.57498	45.1417
8.26323	23	1.57498	45.0095
8.37424	23	1.57498	44.8726
8.48525	23	1.57498	44.7318
8.59626	23	1.57498	44.5849
8.70727	23	1.57498	44.4346
8.81828	23	1.57498	44.2782
8.92929	23	1.57498	44.1191
9.0403	23	1.57498	43.9559
9.15131	23	1.57498	43.7908
9.26232	23	1.57498	43.6227
9.37333	23	1.57498	43.4514
9.48434	23	1.57498	43.2773
9.59535	23	1.57498	43.0976
9.70636	23	1.57498	42.9157
9.81737	23	1.57498	42.7305
9.92838	23	1.57498	42.544
10.0394	23	1.57498	42.3588
10.1504	23	1.57498	42.1722
10.2614	23	1.57498	41.9842
10.3724	23	1.57498	41.7947
10.4834	23	1.57498	41.603
10.5944	23	1.57498	41.411
10.7055	23	1.57498	41.2204
10.8165	23	1.57498	41.0279
10.9275	23	1.57498	40.8359
11.0385	23	1.57498	40.6401
11.1495	23	1.57498	40.4409
11.2605	23	1.57498	40.2345
11.3715	23	1.57498	40.0253
11.4825	23	1.57498	39.8124
11.5935	23	1.57498	39.5985
11.7045	23	1.57498	39.3858
11.8156	23	1.57498	39.1722
11.9266	23	1.57498	38.9588
12.0376	23	1.57498	38.7436
12.1486	23	1.57498	38.526
12.2596	23	1.57498	38.3073
12.3706	23	1.57498	38.0882
12.4816	23	1.57498	37.8728
12.5926	23	1.57498	37.662
12.7036	23	1.57498	37.4599
12.8146	23	1.57498	37.2661
12.9257	23	1.57498	37.0738
13.0367	23	1.57498	36.8796
13.1477	23	1.57498	36.6798
13.2587	23	1.57498	36.4799
13.3697	23	1.57498	36.2865
13.4807	23	1.57498	36.0806
13.5917	23	1.57498	35.8793
13.7027	23	1.57498	35.6817
13.8137	23	1.57498	35.4897
13.9247	23	1.57498	35.294
14.0358	23	1.57498	35.1028
14.1468	23	1.57498	34.9176
14.2578	23	1.57498	34.7459
14.3688	23	1.57498	34.5447
14.4798	23	1.57498	34.3384
14.5908	23	1.57498	34.1312
14.7018	23	1.57498	33.9248
14.8128	23	1.57498	33.7035
14.9238	23	1.57498	33.4852
15.0348	23	1.57498	33.2739
15.1459	23	1.57498	33.0582
15.2569	23	1.57498	32.8133
15.3679	23	1.57498	32.5616
15.4789	23	1.57498	32.3008
15.5899	23	1.57498	32.0257
15.7009	23	1.57498	31.7478
15.8119	23	1.57498	31.5685
15.9229	23	1.57498	31.3833
16.0339	23	1.57498	31.1897
16.1449	23	1.57498	30.9836
16.256	23	1.57498	30.7574
16.367	23	1.57498	30.502
16.478	23	1.57498	30.1987
16.589	23	1.57498	29.8152
16.7	23	1.57498	29.3376
5.71	24	1.64018	47.4307
5.82101	24	1.64018	47.3486
5.93202	24	1.64018	47.2572
6.04303	24	1.64018	47.1598
6.15404	24	1.64018	47.0578
6.26505	24	1.64018	46.9514
6.37606	24	1.64018	46.8417
6.48707	24	1.64018	46.7285
6.59808	24	1.64018	46.6133
6.70909	24	1.64018	46.4972
6.8201	24	1.64018	46.381
6.93111	24	1.64018	46.2647
7.04212	24	1.64018	46.1497
7.15313	24	1.64018	46.0378
7.26414	24	1.64018	45.93
7.37515	24	1.64018	45.824
7.48616	24	1.64018	45.7229
7.59717	24	1.64018	45.6167
7.70818	24	1.64018	45.5119
7.81919	24	1.64018	45.4007
7.9302	24	1.64018	45.2754
8.04121	24	1.64018	45.1517
8.15222	24	1.64018	45.0261
8.26323	24	1.64018	44.8953
8.37424	24	1.64018	44.759
8.48525	24	1.64018	44.6182
8.59626	24	1.64018	44.4707
8.70727	24	1.64018	44.3193
8.81828	24	1.64018	44.1624
8.92929	24	1.64018	44.0029
9.0403	24	1.64018	43.8399
9.15131	24	1.64018	43.675
9.26232	24	1.64018	43.5073
9.37333	24	1.64018	43.336
9.48434	24	1.64018	43.162
9.59535	24	1.64018	42.9832
9.70636	24	1.64018	42.8026
9.81737	24	1.64018	42.6203
9.92838	24	1.64018	42.4367
10.0394	24	1.64018	42.2538
10.1504	24	1.64018	42.0689
10.2614	24	1.64018	41.8814
10.3724	24	1.64018	41.6924
10.4834	24	1.64018	41.5015
10.5944	24	1.64018	41.3112
10.7055	24	1.64018	41.1228
10.8165	24	1.64018	40.9323
10.9275	24	1.64018	40.7415
11.0385	24	1.64018	40.5456
11.1495	24	1.64018	40.346
11.2605	24	1.64018	40.1393
11.3715	24	1.64018	39.9302
11.4825	24	1.64018	39.7187
11.5935	24	1.64018	39.5062
11.7045	24	1.64018	39.2948
11.8156	24	1.64018	39.0815
11.9266	24	1.64018	38.8669
12.0376	24	1.64018	38.6502
12.1486	24	1.64018	38.4311
12.2596	24	1.64018	38.212
12.3706	24	1.64018	37.9935
12.4816	24	1.64018	37.7797
12.5926	24	1.64018	37.5707
12.7036	24	1.64018	37.3693
12.8146	24	1.64018	37.1755
12.9257	24	1.64018	36.9822
13.0367	24	1.64018	36.7869
13.1477	24	1.64018	36.5864
13.2587	24	1.64018	36.3859
13.3697	24	1.64018	36.1921
13.4807	24	1.64018	35.9854
13.5917	24	1.64018	35.7827
13.7027	24	1.64018	35.5832
13.8137	24	1.64018	35.3893
13.9247	24	1.64018	35.1917
14.0358	24	1.64018	34.9992
14.1468	24	1.64018	34.8131
14.2578	24	1.64018	34.6407
14.3688	24	1.64018	34.4393
14.4798	24	1.64018	34.2326
14.5908	24	1.64018	34.0249
14.7018	24	1.64018	33.8181
14.8128	24	1.64018	33.5967
14.9238	24	1.64018	33.3789
15.0348	24	1.64018	33.1685
15.1459	24	1.64018	32.9537
15.2569	24	1.64018	32.7101
15.3679	24	1.64018	32.4602
15.4789	24	1.64018	32.2026
15.5899	24	1.64018	31.9296
15.7009	24	1.64018	31.6486
15.8119	24	1.64018	31.4675
15.9229	24	1.64018	31.2816
16.0339	24	1.64018	31.0882
16.1449	24	1.64018	30.8826
16.256	24	1.64018	30.6566
16.367	24	1.64018	30.4
16.478	24	1.64018	30.0965
16.589	24	1.64018	29.7151
16.7	24	1.64018	29.244
5.71	25	1.70539	47.3003
5.82101	25	1.70539	47.2173
5.93202	25	1.70539	47.125
6.04303	25	1.70539	47.0268
6.15404	25	1.70539	46.9239
6.26505	25	1.70539	46.8166
6.37606	25	1.70539	46.7059
6.48707	25	1.70539	46.5917
6.59808	25	1.70539	46.4754
6.70909	25	1.70539	46.3583
6.8201	25	1.70539	46.2414
6.93111	25	1.70539	46.1249
7.04212	25	1.70539	46.0103
7.15313	25	1.70539	45.8998
7.26414	25	1.70539	45.7945
7.37515	25	1.70539	45.6915
7.48616	25	1.70539	45.5943
7.59717	25	1.70539	45.4911
7.70818	25	1.70539	45.3898
7.81919	25	1.70539	45.2813
7.9302	25	1.70539	45.1572
8.04121	25	1.70539	45.0354
8.15222	25	1.70539	44.9118
8.26323	25	1.70539	44.7822
8.37424	25	1.70539	44.6464
8.48525	25	1.70539	44.5053
8.59626	25	1.70539	44.3572
8.70727	25	1.70539	44.205
8.81828	25	1.70539	44.0476
8.92929	25	1.70539	43.8877
9.0403	25	1.70539	43.7245
9.15131	25	1.70539	43.5592
9.26232	25	1.70539	43.3911
9.37333	25	1.70539	43.2193
9.48434	25	1.70539	43.0451
9.59535	25	1.70539	42.8673
9.70636	25	1.70539	42.6879
9.81737	25	1.70539	42.5081
9.92838	25	1.70539	42.3268
10.0394	25	1.70539	42.1452
10.1504	25	1.70539	41.9613
10.2614	25	1.70539	41.7742
10.3724	25	1.70539	41.5858
10.4834	25	1.70539	41.3962
10.5944	25	1.70539	41.208
10.7055	25	1.70539	41.0218
10.8165	25	1.70539	40.8328
10.9275	25	1.70539	40.6428
11.0385	25	1.70539	40.4467
11.1495	25	1.70539	40.2469
11.2605	25	1.70539	40.0406
11.3715	25	1.70539	39.8323
11.4825	25	1.70539	39.6226
11.5935	25	1.70539	39.4117
11.7045	25	1.70539	39.201
11.8156	25	1.70539	38.9874
11.9266	25	1.70539	38.7714
12.0376	25	1.70539	38.5533
12.1486	25	1.70539	38.3332
12.2596	25	1.70539	38.1145
12.3706	25	1.70539	37.8971
12.4816	25	1.70539	37.6849
12.5926	25	1.70539	37.4774
12.7036	25	1.70539	37.2761
12.8146	25	1.70539	37.0817
12.9257	25	1.70539	36.8875
13.0367	25	1.70539	36.6914
13.1477	25	1.70539	36.4903
13.2587	25	1.70539	36.2895
13.3697	25	1.70539	36.0953
13.4807	25	1.70539	35.8875
13.5917	25	1.70539	35.6833
13.7027	25	1.70539	35.4818
13.8137	25	1.70539	35.2861
13.9247	25	1.70539	35.087
14.0358	25	1.70539	34.8933
14.1468	25	1.70539	34.7068
14.2578	25	1.70539	34.5338
14.3688	25	1.70539	34.3321
14.4798	25	1.70539	34.1249
14.5908	25	1.70539	33.9167
14.7018	25	1.70539	33.7096
14.8128	25	1.70539	33.488
14.9238	25	1.70539	33.2707
15.0348	25	1.70539	33.0612
15.1459	25	1.70539	32.8475
15.2569	25	1.70539	32.6051
15.3679	25	1.70539	32.3566
15.4789	25	1.70539	32.1016
15.5899	25	1.70539	31.8309
15.7009	25	1.70539	31.5472
15.8119	25	1.70539	31.365
15.9229	25	1.70539	31.1781
16.0339	25	1.70539	30.9844
16.1449	25	1.70539	30.7791
16.256	25	1.70539	30.5538
16.367	25	1.70539	30.2971
16.478	25	1.70539	29.9938
16.589	25	1.70539	29.6141
16.7	25	1.70539	29.1469
5.71	26	1.7706	47.1669
5.82101	26	1.7706	47.0833
5.93202	26	1.7706	46.9904
6.04303	26	1.7706	46.8915
6.15404	26	1.7706	46.788
6.26505	26	1.7706	46.6799
6.37606	26	1.7706	46.5682
6.48707	26	1.7706	46.453
6.59808	26	1.7706	46.3357
6.70909	26	1.7706	46.2179
6.8201	26	1.7706	46.1006
6.93111	26	1.7706	45.9843
7.04212	26	1.7706	45.8705
7.15313	26	1.7706	45.7618
7.26414	26	1.7706	45.6594
7.37515	26	1.7706	45.5595
7.48616	26	1.7706	45.4664
7.59717	26	1.7706	45.3663
7.70818	26	1.7706	45.2687
7.81919	26	1.7706	45.1631
7.9302	26	1.7706	45.0404
8.04121	26	1.7706	44.9205
8.15222	26	1.7706	44.7987
8.26323	26	1.7706	44.6702
8.37424	26	1.7706	44.5346
8.48525	26	1.7706	44.3932
8.59626	26	1.7706	44.2446
8.70727	26	1.7706	44.0916
8.81828	26	1.7706	43.9338
8.92929	26	1.7706	43.7734
9.0403	26	1.7706	43.6097
9.15131	26	1.7706	43.4435
9.26232	26	1.7706	43.2744
9.37333	26	1.7706	43.1018
9.48434	26	1.7706	42.9272
9.59535	26	1.7706	42.7503
9.70636	26	1.7706	42.5721
9.81737	26	1.7706	42.3941
9.92838	26	1.7706	42.2145
10.0394	26	1.7706	42.0334
10.1504	26	1.7706	41.85
10.2614	26	1.7706	41.6633
10.3724	26	1.7706	41.4758
10.4834	26	1.7706	41.2879
10.5944	26	1.7706	41.1018
10.7055	26	1.7706	40.9178
10.8165	26	1.7706	40.7298
10.9275	26	1.7706	40.5402
11.0385	26	1.7706	40.3441
11.1495	26	1.7706	40.1446
11.2605	26	1.7706	39.9395
11.3715	26	1.7706	39.7325
11.4825	26	1.7706	39.5249
11.5935	26	1.7706	39.3153
11.7045	26	1.7706	39.1047
11.8156	26	1.7706	38.8904
11.9266	26	1.7706	38.6729
12.0376	26	1.7706	38.4539
12.1486	26	1.7706	38.2336
12.2596	26	1.7706	38.0158
12.3706	26	1.7706	37.8
12.4816	26	1.7706	37.5891
12.5926	26	1.7706	37.3824
12.7036	26	1.7706	37.1807
12.8146	26	1.7706	36.9856
12.9257	26	1.7706	36.7907
13.0367	26	1.7706	36.5941
13.1477	26	1.7706	36.3929
13.2587	26	1.7706	36.1918
13.3697	26	1.7706	35.9972
13.4807	26	1.7706	35.7882
13.5917	26	1.7706	35.5822
13.7027	26	1.7706	35.3789
13.8137	26	1.7706	35.1818
13.9247	26	1.7706	34.9815
14.0358	26	1.7706	34.7872
14.1468	26	1.7706	34.6003
14.2578	26	1.7706	34.4269
14.3688	26	1.7706	34.2248
14.4798	26	1.7706	34.0171
14.5908	26	1.7706	33.8084
14.7018	26	1.7706	33.6011
14.8128	26	1.7706	33.3795
14.9238	26	1.7706	33.1626
15.0348	26	1.7706	32.9541
15.1459	26	1.7706	32.7414
15.2569	26	1.7706	32.4999
15.3679	26	1.7706	32.2525
15.4789	26	1.7706	31.9997
15.5899	26	1.7706	31.7313
15.7009	26	1.7706	31.4449
15.8119	26	1.7706	31.2621
15.9229	26	1.7706	31.0745
16.0339	26	1.7706	30.8804
16.1449	26	1.7706	30.6754
16.256	26	1.7706	30.4507
16.367	26	1.7706	30.1946
16.478	26	1.7706	29.8922
16.589	26	1.7706	29.5141
16.7	26	1.7706	29.0505
5.71	27	1.83581	47.0236
5.82101	27	1.83581	46.9398
5.93202	27	1.83581	46.8469
6.04303	27	1.83581	46.7476
6.15404	27	1.83581	46.6437
6.26505	27	1.83581	46.5348
6.37606	27	1.83581	46.4223
6.48707	27	1.83581	46.3061
6.59808	27	1.83581	46.1879
6.70909	27	1.83581	46.0693
6.8201	27	1.83581	45.9514
6.93111	27	1.83581	45.8354
7.04212	27	1.83581	45.7222
7.15313	27	1.83581	45.6151
7.26414	27	1.83581	45.515
7.37515	27	1.83581	45.4176
7.48616	27	1.83581	45.3279
7.59717	27	1.83581	45.2303
7.70818	27	1.83581	45.1357
7.81919	27	1.83581	45.0325
7.9302	27	1.83581	44.9109
8.04121	27	1.83581	44.7926
8.15222	27	1.83581	44.672
8.26323	27	1.83581	44.5442
8.37424	27	1.83581	44.4087
8.48525	27	1.83581	44.2669
8.59626	27	1.83581	44.1179
8.70727	27	1.83581	43.9643
8.81828	27	1.83581	43.8061
8.92929	27	1.83581	43.645
9.0403	27	1.83581	43.4805
9.15131	27	1.83581	43.313
9.26232	27	1.83581	43.1428
9.37333	27	1.83581	42.9693
9.48434	27	1.83581	42.7943
9.59535	27	1.83581	42.6183
9.70636	27	1.83581	42.4413
9.81737	27	1.83581	42.2645
9.92838	27	1.83581	42.0861
10.0394	27	1.83581	41.9053
10.1504	27	1.83581	41.7223
10.2614	27	1.83581	41.5363
10.3724	27	1.83581	41.3502
10.4834	27	1.83581	41.1644
10.5944	27	1.83581	40.9805
10.7055	27	1.83581	40.7982
10.8165	27	1.83581	40.6111
10.9275	27	1.83581	40.422
11.0385	27	1.83581	40.2263
11.1495	27	1.83581	40.0276
11.2605	27	1.83581	39.8244
11.3715	27	1.83581	39.6192
11.4825	27	1.83581	39.4135
11.5935	27	1.83581	39.205
11.7045	27	1.83581	38.9939
11.8156	27	1.83581	38.7786
11.9266	27	1.83581	38.5599
12.0376	27	1.83581	38.3404
12.1486	27	1.83581	38.1204
12.2596	27	1.83581	37.9037
12.3706	27	1.83581	37.6895
12.4816	27	1.83581	37.4794
12.5926	27	1.83581	37.2729
12.7036	27	1.83581	37.0706
12.8146	27	1.83581	36.8749
12.9257	27	1.83581	36.6799
13.0367	27	1.83581	36.4833
13.1477	27	1.83581	36.2824
13.2587	27	1.83581	36.0813
13.3697	27	1.83581	35.8863
13.4807	27	1.83581	35.6762
13.5917	27	1.83581	35.4688
13.7027	27	1.83581	35.2642
13.8137	27	1.83581	35.0662
13.9247	27	1.83581	34.8655
14.0358	27	1.83581	34.6711
14.1468	27	1.83581	34.4845
14.2578	27	1.83581	34.3113
14.3688	27	1.83581	34.1089
14.4798	27	1.83581	33.9011
14.5908	27	1.83581	33.6924
14.7018	27	1.83581	33.4854
14.8128	27	1.83581	33.2641
14.9238	27	1.83581	33.0479
15.0348	27	1.83581	32.8404
15.1459	27	1.83581	32.6288
15.2569	27	1.83581	32.3879
15.3679	27	1.83581	32.1412
15.4789	27	1.83581	31.89
15.5899	27	1.83581	31.623
15.7009	27	1.83581	31.3327
15.8119	27	1.83581	31.1502
15.9229	27	1.83581	30.9623
16.0339	27	1.83581	30.7682
16.1449	27	1.83581	30.5639
16.256	27	1.83581	30.3402
16.367	27	1.83581	30.0856
16.478	27	1.83581	29.7846
16.589	27	1.83581	29.4086
16.7	27	1.83581	28.9494
5.71	28	1.90102	46.8582
5.82101	28	1.90102	46.775
5.93202	28	1.90102	46.6829
6.04303	28	1.90102	46.584
6.15404	28	1.90102	46.48
6.26505	28	1.90102	46.3709
6.37606	28	1.90102	46.2578
6.48707	28	1.90102	46.1409
6.59808	28	1.90102	46.0219
6.70909	28	1.90102	45.9026
6.8201	28	1.90102	45.7841
6.93111	28	1.90102	45.6678
7.04212	28	1.90102	45.5547
7.15313	28	1.90102	45.4479
7.26414	28	1.90102	45.3487
7.37515	28	1.90102	45.2522
7.48616	28	1.90102	45.164
7.59717	28	1.90102	45.0675
7.70818	28	1.90102	44.9744
7.81919	28	1.90102	44.8724
7.9302	28	1.90102	44.7514
8.04121	28	1.90102	44.6338
8.15222	28	1.90102	44.5136
8.26323	28	1.90102	44.3858
8.37424	28	1.90102	44.25
8.48525	28	1.90102	44.1075
8.59626	28	1.90102	43.9582
8.70727	28	1.90102	43.804
8.81828	28	1.90102	43.6453
8.92929	28	1.90102	43.4833
9.0403	28	1.90102	43.3178
9.15131	28	1.90102	43.1489
9.26232	28	1.90102	42.9773
9.37333	28	1.90102	42.8031
9.48434	28	1.90102	42.6278
9.59535	28	1.90102	42.4526
9.70636	28	1.90102	42.2767
9.81737	28	1.90102	42.1008
9.92838	28	1.90102	41.9233
10.0394	28	1.90102	41.7428
10.1504	28	1.90102	41.5606
10.2614	28	1.90102	41.376
10.3724	28	1.90102	41.1917
10.4834	28	1.90102	41.0083
10.5944	28	1.90102	40.8266
10.7055	28	1.90102	40.646
10.8165	28	1.90102	40.4598
10.9275	28	1.90102	40.2715
11.0385	28	1.90102	40.077
11.1495	28	1.90102	39.8797
11.2605	28	1.90102	39.679
11.3715	28	1.90102	39.4762
11.4825	28	1.90102	39.2719
11.5935	28	1.90102	39.064
11.7045	28	1.90102	38.852
11.8156	28	1.90102	38.6354
11.9266	28	1.90102	38.4155
12.0376	28	1.90102	38.1956
12.1486	28	1.90102	37.976
12.2596	28	1.90102	37.7604
12.3706	28	1.90102	37.5471
12.4816	28	1.90102	37.3371
12.5926	28	1.90102	37.1302
12.7036	28	1.90102	36.9273
12.8146	28	1.90102	36.7313
12.9257	28	1.90102	36.5366
13.0367	28	1.90102	36.3407
13.1477	28	1.90102	36.1405
13.2587	28	1.90102	35.9397
13.3697	28	1.90102	35.7446
13.4807	28	1.90102	35.5337
13.5917	28	1.90102	35.3255
13.7027	28	1.90102	35.1204
13.8137	28	1.90102	34.9225
13.9247	28	1.90102	34.7225
14.0358	28	1.90102	34.5292
14.1468	28	1.90102	34.3438
14.2578	28	1.90102	34.1719
14.3688	28	1.90102	33.9703
14.4798	28	1.90102	33.7633
14.5908	28	1.90102	33.5558
14.7018	28	1.90102	33.3502
14.8128	28	1.90102	33.1301
14.9238	28	1.90102	32.9152
15.0348	28	1.90102	32.7093
15.1459	28	1.90102	32.499
15.2569	28	1.90102	32.2585
15.3679	28	1.90102	32.0118
15.4789	28	1.90102	31.7614
15.5899	28	1.90102	31.4939
15.7009	28	1.90102	31.1945
15.8119	28	1.90102	31.0138
15.9229	28	1.90102	30.8268
16.0339	28	1.90102	30.6336
16.1449	28	1.90102	30.4307
16.256	28	1.90102	30.2089
16.367	28	1.90102	29.9568
16.478	28	1.90102	29.659
16.589	28	1.90102	29.2867
16.7	28	1.90102	28.8336
5.71	29	1.96623	46.6254
5.82101	29	1.96623	46.5444
5.93202	29	1.96623	46.4545
6.04303	29	1.96623	46.3575
6.15404	29	1.96623	46.2548
6.26505	29	1.96623	46.1468
6.37606	29	1.96623	46.0346
6.48707	29	1.96623	45.9181
6.59808	29	1.96623	45.7992
6.70909	29	1.96623	45.6795
6.8201	29	1.96623	45.5603
6.93111	29	1.96623	45.4426
7.04212	29	1.96623	45.3277
7.15313	29	1.96623	45.2186
7.26414	29	1.96623	45.1168
7.37515	29	1.96623	45.0175
7.48616	29	1.96623	44.9263
7.59717	29	1.96623	44.8272
7.70818	29	1.96623	44.7319
7.81919	29	1.96623	44.6285
7.9302	29	1.96623	44.5065
8.04121	29	1.96623	44.3879
8.15222	29	1.96623	44.2664
8.26323	29	1.96623	44.1374
8.37424	29	1.96623	44.0003
8.48525	29	1.96623	43.8568
8.59626	29	1.96623	43.7066
8.70727	29	1.96623	43.5517
8.81828	29	1.96623	43.3921
8.92929	29	1.96623	43.2289
9.0403	29	1.96623	43.0619
9.15131	29	1.96623	42.8912
9.26232	29	1.96623	42.7179
9.37333	29	1.96623	42.5427
9.48434	29	1.96623	42.3668
9.59535	29	1.96623	42.1922
9.70636	29	1.96623	42.0173
9.81737	29	1.96623	41.8423
9.92838	29	1.96623	41.6659
10.0394	29	1.96623	41.4866
10.1504	29	1.96623	41.3058
10.2614	29	1.96623	41.1236
10.3724	29	1.96623	40.9421
10.4834	29	1.96623	40.7615
10.5944	29	1.96623	40.5823
10.7055	29	1.96623	40.4036
10.8165	29	1.96623	40.2188
10.9275	29	1.96623	40.032
11.0385	29	1.96623	39.8396
11.1495	29	1.96623	39.6447
11.2605	29	1.96623	39.4471
11.3715	29	1.96623	39.2468
11.4825	29	1.96623	39.0436
11.5935	29	1.96623	38.8357
11.7045	29	1.96623	38.6221
11.8156	29	1.96623	38.4039
11.9266	29	1.96623	38.1823
12.0376	29	1.96623	37.9616
12.1486	29	1.96623	37.742
12.2596	29	1.96623	37.5264
12.3706	29	1.96623	37.313
12.4816	29	1.96623	37.1018
12.5926	29	1.96623	36.8933
12.7036	29	1.96623	36.689
12.8146	29	1.96623	36.4925
12.9257	29	1.96623	36.2982
13.0367	29	1.96623	36.1034
13.1477	29	1.96623	35.9042
13.2587	29	1.96623	35.7041
13.3697	29	1.96623	35.5094
13.4807	29	1.96623	35.2984
13.5917	29	1.96623	35.0904
13.7027	29	1.96623	34.8861
13.8137	29	1.96623	34.6897
13.9247	29	1.96623	34.4919
14.0358	29	1.96623	34.3013
14.1468	29	1.96623	34.1187
14.2578	29	1.96623	33.9504
14.3688	29	1.96623	33.7516
14.4798	29	1.96623	33.5476
14.5908	29	1.96623	33.3435
14.7018	29	1.96623	33.1418
14.8128	29	1.96623	32.925
14.9238	29	1.96623	32.7132
15.0348	29	1.96623	32.5106
15.1459	29	1.96623	32.3029
15.2569	29	1.96623	32.0629
15.3679	29	1.96623	31.8155
15.4789	29	1.96623	31.5653
15.5899	29	1.96623	31.2981
15.7009	29	1.96623	30.9698
15.8119	29	1.96623	30.7928
15.9229	29	1.96623	30.6093
16.0339	29	1.96623	30.4189
16.1449	29	1.96623	30.2185
16.256	29	1.96623	29.9994
16.367	29	1.96623	29.7517
16.478	29	1.96623	29.4601
16.589	29	1.96623	29.0961
16.7	29	1.96623	28.6552
