-5.00054	0	69.1894
-4.78842	0	69.4015
-4.5763	0	69.6137
-4.36418	0	69.8258
-4.15206	0	70.0379
-3.93994	0	70.25
-3.72782	0	70.4618
-3.51569	0	70.568
-3.30357	0	70.5999
-3.09145	0	70.4752
-2.87933	0	70.0575
-2.66721	0	69.7378
-2.45509	0	69.584
-2.24297	0	69.5016
-2.03085	0	69.3501
-1.81872	0	69.2526
-1.6066	0	69.0692
-1.39448	0	68.8261
-1.18236	0	68.4476
-0.970239	0	67.7247
-0.758118	0	67.3443
-0.545997	0	67.0908
-0.333876	0	66.8479
-0.121755	0	66.5823
0.0903666	0	66.3062
0.302488	0	66.0249
0.514609	0	65.7255
0.72673	0	65.4345
0.938851	0	65.1412
1.15097	0	64.84
1.36309	0	64.5501
1.57522	0	64.2587
1.78734	0	63.9523
1.99946	0	63.6635
2.21158	0	63.3463
2.4237	0	63.0461
2.63582	0	62.7412
2.84794	0	62.4298
3.06006	0	62.1267
3.27218	0	61.8184
3.48431	0	61.5048
3.69643	0	61.201
3.90855	0	60.8811
4.12067	0	60.5686
4.33279	0	60.2569
4.54491	0	59.9242
4.75703	0	59.6129
4.96915	0	59.2702
5.18128	0	58.9148
5.3934	0	58.5479
5.60552	0	58.1259
5.81764	0	57.6241
6.02976	0	56.9438
6.24188	0	55.9863
6.454	0	54.6678
6.66612	0	52.6838
6.87825	0	49.97
7.09037	0	46.2157
7.30249	0	36.0966
7.51461	0	26.6165
7.72673	0	11.3366
7.93885	0	-13.2866
8.15097	0	-53.0438
8.36309	0	-117.558
8.57522	0	-222.553
8.78734	0	-100
8.99946	0	-100
9.21158	0	-100
9.4237	0	-100
9.63582	0	-100
9.84794	0	-100
10.0601	0	-100
10.2722	0	-100
10.4843	0	-100
10.6964	0	-100
10.9085	0	-100
11.1207	0	-100
11.3328	0	-100
11.5449	0	-100
11.757	0	-100
11.9692	0	-100
12.1813	0	-100
12.3934	0	-100
12.6055	0	-100
12.8176	0	-100
13.0298	0	-100
13.2419	0	-100
13.454	0	-100
13.6661	0	-100
13.8782	0	-100
14.0904	0	-100
14.3025	0	-100
14.5146	0	-100
14.7267	0	-100
14.9389	0	-100
15.151	0	-100
15.3631	0	-100
15.5752	0	-100
15.7873	0	-100
15.9995	0	-100
-5.00054	1	69.2374
-4.78842	1	69.4495
-4.5763	1	69.6617
-4.36418	1	69.8738
-4.15206	1	70.0859
-3.93994	1	70.298
-3.72782	1	70.5098
-3.51569	1	70.616
-3.30357	1	70.6479
-3.09145	1	70.5232
-2.87933	1	70.1057
-2.66721	1	69.7866
-2.45509	1	69.6337
-2.24297	1	69.5531
-2.03085	1	69.4061
-1.81872	1	69.3168
-1.6066	1	69.156
-1.39448	1	68.9906
-1.18236	1	68.7469
-0.970239	1	67.9256
-0.758118	1	67.4514
-0.545997	1	67.1983
-0.333876	1	66.9652
-0.121755	1	66.7075
0.0903666	1	66.4397
0.302488	1	66.1602
0.514609	1	65.8481
0.72673	1	65.5524
0.938851	1	65.2374
1.15097	1	64.9244
1.36309	1	64.6292
1.57522	1	64.3345
1.78734	1	64.0284
1.99946	1	63.7375
2.21158	1	63.4186
2.4237	1	63.1165
2.63582	1	62.8084
2.84794	1	62.4951
3.06006	1	62.1905
3.27218	1	61.8801
3.48431	1	61.5669
3.69643	1	61.2614
3.90855	1	60.941
4.12067	1	60.6282
4.33279	1	60.3151
4.54491	1	59.9825
4.75703	1	59.6704
4.96915	1	59.3272
5.18128	1	58.9721
5.3934	1	58.6052
5.60552	1	58.1834
5.81764	1	57.683
6.02976	1	57.0037
6.24188	1	56.0502
6.454	1	54.7521
6.66612	1	52.8546
6.87825	1	50.2966
7.09037	1	46.5779
7.30249	1	36.4667
7.51461	1	26.9868
7.72673	1	11.7069
7.93885	1	-12.9163
8.15097	1	-52.6735
8.36309	1	-117.188
8.57522	1	-222.183
8.78734	1	-100
8.99946	1	-100
9.21158	1	-100
9.4237	1	-100
9.63582	1	-100
9.84794	1	-100
10.0601	1	-100
10.2722	1	-100
10.4843	1	-100
10.6964	1	-100
10.9085	1	-100
11.1207	1	-100
11.3328	1	-100
11.5449	1	-100
11.757	1	-100
11.9692	1	-100
12.1813	1	-100
12.3934	1	-100
12.6055	1	-100
12.8176	1	-100
13.0298	1	-100
13.2419	1	-100
13.454	1	-100
13.6661	1	-100
13.8782	1	-100
14.0904	1	-100
14.3025	1	-100
14.5146	1	-100
14.7267	1	-100
14.9389	1	-100
15.151	1	-100
15.3631	1	-100
15.5752	1	-100
15.7873	1	-100
15.9995	1	-100
-5.00054	2	69.2915
-4.78842	2	69.5036
-4.5763	2	69.7157
-4.36418	2	69.9278
-4.15206	2	70.14
-3.93994	2	70.3521
-3.72782	2	70.5639
-3.51569	2	70.6701
-3.30357	2	70.702
-3.09145	2	70.5773
-2.87933	2	70.16
-2.66721	2	69.8415
-2.45509	2	69.6898
-2.24297	2	69.6115
-2.03085	2	69.4697
-1.81872	2	69.3896
-1.6066	2	69.2501
-1.39448	2	69.0713
-1.18236	2	68.806
-0.970239	2	67.9897
-0.758118	2	67.5237
-0.545997	2	67.2721
-0.333876	2	67.0381
-0.121755	2	66.7791
0.0903666	2	66.5093
0.302488	2	66.2279
0.514609	2	65.915
0.72673	2	65.6187
0.938851	2	65.3044
1.15097	2	64.9921
1.36309	2	64.6967
1.57522	2	64.4021
1.78734	2	64.0954
1.99946	2	63.8039
2.21158	2	63.4847
2.4237	2	63.182
2.63582	2	62.8736
2.84794	2	62.5601
3.06006	2	62.2551
3.27218	2	61.9446
3.48431	2	61.6311
3.69643	2	61.3252
3.90855	2	61.0048
4.12067	2	60.6915
4.33279	2	60.3783
4.54491	2	60.0455
4.75703	2	59.7332
4.96915	2	59.39
5.18128	2	59.0349
5.3934	2	58.6679
5.60552	2	58.2463
5.81764	2	57.7461
6.02976	2	57.0668
6.24188	2	56.1143
6.454	2	54.8187
6.66612	2	52.9217
6.87825	2	50.354
7.09037	2	46.6329
7.30249	2	36.5207
7.51461	2	27.0408
7.72673	2	11.7609
7.93885	2	-12.8622
8.15097	2	-52.6195
8.36309	2	-117.134
8.57522	2	-222.129
8.78734	2	-100
8.99946	2	-100
9.21158	2	-100
9.4237	2	-100
9.63582	2	-100
9.84794	2	-100
10.0601	2	-100
10.2722	2	-100
10.4843	2	-100
10.6964	2	-100
10.9085	2	-100
11.1207	2	-100
11.3328	2	-100
11.5449	2	-100
11.757	2	-100
11.9692	2	-100
12.1813	2	-100
12.3934	2	-100
12.6055	2	-100
12.8176	2	-100
13.0298	2	-100
13.2419	2	-100
13.454	2	-100
13.6661	2	-100
13.8782	2	-100
14.0904	2	-100
14.3025	2	-100
14.5146	2	-100
14.7267	2	-100
14.9389	2	-100
15.151	2	-100
15.3631	2	-100
15.5752	2	-100
15.7873	2	-100
15.9995	2	-100
-5.00054	3	69.3508
-4.78842	3	69.5629
-4.5763	3	69.7751
-4.36418	3	69.9872
-4.15206	3	70.1993
-3.93994	3	70.4114
-3.72782	3	70.6232
-3.51569	3	70.7294
-3.30357	3	70.7614
-3.09145	3	70.6367
-2.87933	3	70.2197
-2.66721	3	69.902
-2.45509	3	69.7519
-2.24297	3	69.6769
-2.03085	3	69.5422
-1.81872	3	69.4738
-1.6066	3	69.3163
-1.39448	3	69.1291
-1.18236	3	68.8665
-0.970239	3	68.0543
-0.758118	3	67.5919
-0.545997	3	67.3391
-0.333876	3	67.1041
-0.121755	3	66.844
0.0903666	3	66.5736
0.302488	3	66.2923
0.514609	3	65.9801
0.72673	3	65.6844
0.938851	3	65.3707
1.15097	3	65.0587
1.36309	3	64.7635
1.57522	3	64.4685
1.78734	3	64.1621
1.99946	3	63.8704
2.21158	3	63.5512
2.4237	3	63.2488
2.63582	3	62.9402
2.84794	3	62.6269
3.06006	3	62.322
3.27218	3	62.0113
3.48431	3	61.698
3.69643	3	61.3918
3.90855	3	61.0714
4.12067	3	60.7582
4.33279	3	60.4448
4.54491	3	60.1122
4.75703	3	59.7998
4.96915	3	59.4565
5.18128	3	59.1016
5.3934	3	58.7345
5.60552	3	58.3128
5.81764	3	57.8128
6.02976	3	57.1334
6.24188	3	56.1801
6.454	3	54.8841
6.66612	3	52.9833
6.87825	3	50.4134
7.09037	3	46.6922
7.30249	3	36.5801
7.51461	3	27.1002
7.72673	3	11.8202
7.93885	3	-12.8029
8.15097	3	-52.5602
8.36309	3	-117.074
8.57522	3	-222.07
8.78734	3	-100
8.99946	3	-100
9.21158	3	-100
9.4237	3	-100
9.63582	3	-100
9.84794	3	-100
10.0601	3	-100
10.2722	3	-100
10.4843	3	-100
10.6964	3	-100
10.9085	3	-100
11.1207	3	-100
11.3328	3	-100
11.5449	3	-100
11.757	3	-100
11.9692	3	-100
12.1813	3	-100
12.3934	3	-100
12.6055	3	-100
12.8176	3	-100
13.0298	3	-100
13.2419	3	-100
13.454	3	-100
13.6661	3	-100
13.8782	3	-100
14.0904	3	-100
14.3025	3	-100
14.5146	3	-100
14.7267	3	-100
14.9389	3	-100
15.151	3	-100
15.3631	3	-100
15.5752	3	-100
15.7873	3	-100
15.9995	3	-100
-5.00054	4	69.412
-4.78842	4	69.6241
-4.5763	4	69.8362
-4.36418	4	70.0484
-4.15206	4	70.2605
-3.93994	4	70.4726
-3.72782	4	70.6844
-3.51569	4	70.7906
-3.30357	4	70.8226
-3.09145	4	70.698
-2.87933	4	70.2814
-2.66721	4	69.965
-2.45509	4	69.8173
-2.24297	4	69.7467
-2.03085	4	69.6219
-1.81872	4	69.5669
-1.6066	4	69.3631
-1.39448	4	69.1899
-1.18236	4	68.9287
-0.970239	4	68.1191
-0.758118	4	67.659
-0.545997	4	67.4042
-0.333876	4	67.169
-0.121755	4	66.9079
0.0903666	4	66.6378
0.302488	4	66.3571
0.514609	4	66.0454
0.72673	4	65.7501
0.938851	4	65.4369
1.15097	4	65.125
1.36309	4	64.8302
1.57522	4	64.535
1.78734	4	64.2289
1.99946	4	63.9374
2.21158	4	63.6181
2.4237	4	63.3161
2.63582	4	63.0075
2.84794	4	62.6944
3.06006	4	62.3896
3.27218	4	62.0787
3.48431	4	61.7657
3.69643	4	61.4595
3.90855	4	61.139
4.12067	4	60.8262
4.33279	4	60.5124
4.54491	4	60.1801
4.75703	4	59.8677
4.96915	4	59.5243
5.18128	4	59.1697
5.3934	4	58.8026
5.60552	4	58.3808
5.81764	4	57.881
6.02976	4	57.2016
6.24188	4	56.247
6.454	4	54.9501
6.66612	4	53.0456
6.87825	4	50.4747
7.09037	4	46.7534
7.30249	4	36.6412
7.51461	4	27.1613
7.72673	4	11.8814
7.93885	4	-12.7418
8.15097	4	-52.499
8.36309	4	-117.013
8.57522	4	-222.009
8.78734	4	-100
8.99946	4	-100
9.21158	4	-100
9.4237	4	-100
9.63582	4	-100
9.84794	4	-100
10.0601	4	-100
10.2722	4	-100
10.4843	4	-100
10.6964	4	-100
10.9085	4	-100
11.1207	4	-100
11.3328	4	-100
11.5449	4	-100
11.757	4	-100
11.9692	4	-100
12.1813	4	-100
12.3934	4	-100
12.6055	4	-100
12.8176	4	-100
13.0298	4	-100
13.2419	4	-100
13.454	4	-100
13.6661	4	-100
13.8782	4	-100
14.0904	4	-100
14.3025	4	-100
14.5146	4	-100
14.7267	4	-100
14.9389	4	-100
15.151	4	-100
15.3631	4	-100
15.5752	4	-100
15.7873	4	-100
15.9995	4	-100
-5.00054	5	69.4741
-4.78842	5	69.6862
-4.5763	5	69.8984
-4.36418	5	70.1105
-4.15206	5	70.3226
-3.93994	5	70.5347
-3.72782	5	70.7465
-3.51569	5	70.8527
-3.30357	5	70.8847
-3.09145	5	70.7602
-2.87933	5	70.3442
-2.66721	5	70.0297
-2.45509	5	69.8853
-2.24297	5	69.8211
-2.03085	5	69.7094
-1.81872	5	69.633
-1.6066	5	69.4166
-1.39448	5	69.2522
-1.18236	5	68.9913
-0.970239	5	68.1829
-0.758118	5	67.7233
-0.545997	5	67.4675
-0.333876	5	67.2322
-0.121755	5	66.9712
0.0903666	5	66.7018
0.302488	5	66.4217
0.514609	5	66.1105
0.72673	5	65.8155
0.938851	5	65.5026
1.15097	5	65.1909
1.36309	5	64.8965
1.57522	5	64.6013
1.78734	5	64.2954
1.99946	5	64.0041
2.21158	5	63.6849
2.4237	5	63.3834
2.63582	5	63.0747
2.84794	5	62.7618
3.06006	5	62.4572
3.27218	5	62.1462
3.48431	5	61.8336
3.69643	5	61.5273
3.90855	5	61.2068
4.12067	5	60.8943
4.33279	5	60.5803
4.54491	5	60.2483
4.75703	5	59.9359
4.96915	5	59.5924
5.18128	5	59.2381
5.3934	5	58.871
5.60552	5	58.449
5.81764	5	57.9494
6.02976	5	57.2701
6.24188	5	56.3142
6.454	5	55.016
6.66612	5	53.1083
6.87825	5	50.5369
7.09037	5	46.8154
7.30249	5	36.7033
7.51461	5	27.2234
7.72673	5	11.9435
7.93885	5	-12.6797
8.15097	5	-52.4369
8.36309	5	-116.951
8.57522	5	-221.947
8.78734	5	-100
8.99946	5	-100
9.21158	5	-100
9.4237	5	-100
9.63582	5	-100
9.84794	5	-100
10.0601	5	-100
10.2722	5	-100
10.4843	5	-100
10.6964	5	-100
10.9085	5	-100
11.1207	5	-100
11.3328	5	-100
11.5449	5	-100
11.757	5	-100
11.9692	5	-100
12.1813	5	-100
12.3934	5	-100
12.6055	5	-100
12.8176	5	-100
13.0298	5	-100
13.2419	5	-100
13.454	5	-100
13.6661	5	-100
13.8782	5	-100
14.0904	5	-100
14.3025	5	-100
14.5146	5	-100
14.7267	5	-100
14.9389	5	-100
15.151	5	-100
15.3631	5	-100
15.5752	5	-100
15.7873	5	-100
15.9995	5	-100
-5.00054	6	69.5365
-4.78842	6	69.7487
-4.5763	6	69.9608
-4.36418	6	70.1729
-4.15206	6	70.385
-3.93994	6	70.5971
-3.72782	6	70.8089
-3.51569	6	70.9152
-3.30357	6	70.9472
-3.09145	6	70.8228
-2.87933	6	70.4076
-2.66721	6	70.0956
-2.45509	6	69.9556
-2.24297	6	69.8992
-2.03085	6	69.803
-1.81872	6	69.6555
-1.6066	6	69.4748
-1.39448	6	69.3144
-1.18236	6	69.0535
-0.970239	6	68.2441
-0.758118	6	67.7824
-0.545997	6	67.5277
-0.333876	6	67.2922
-0.121755	6	67.0331
0.0903666	6	66.7644
0.302488	6	66.4852
0.514609	6	66.1743
0.72673	6	65.8795
0.938851	6	65.567
1.15097	6	65.2553
1.36309	6	64.9613
1.57522	6	64.6662
1.78734	6	64.3604
1.99946	6	64.0694
2.21158	6	63.7501
2.4237	6	63.4489
2.63582	6	63.1403
2.84794	6	62.8275
3.06006	6	62.5231
3.27218	6	62.212
3.48431	6	61.8994
3.69643	6	61.5933
3.90855	6	61.2728
4.12067	6	60.9605
4.33279	6	60.6465
4.54491	6	60.3145
4.75703	6	60.0022
4.96915	6	59.6586
5.18128	6	59.3043
5.3934	6	58.9372
5.60552	6	58.515
5.81764	6	58.0152
6.02976	6	57.3354
6.24188	6	56.3774
6.454	6	55.0764
6.66612	6	53.1682
6.87825	6	50.5989
7.09037	6	46.8778
7.30249	6	36.7656
7.51461	6	27.2857
7.72673	6	12.0058
7.93885	6	-12.6173
8.15097	6	-52.3746
8.36309	6	-116.889
8.57522	6	-221.884
8.78734	6	-100
8.99946	6	-100
9.21158	6	-100
9.4237	6	-100
9.63582	6	-100
9.84794	6	-100
10.0601	6	-100
10.2722	6	-100
10.4843	6	-100
10.6964	6	-100
10.9085	6	-100
11.1207	6	-100
11.3328	6	-100
11.5449	6	-100
11.757	6	-100
11.9692	6	-100
12.1813	6	-100
12.3934	6	-100
12.6055	6	-100
12.8176	6	-100
13.0298	6	-100
13.2419	6	-100
13.454	6	-100
13.6661	6	-100
13.8782	6	-100
14.0904	6	-100
14.3025	6	-100
14.5146	6	-100
14.7267	6	-100
14.9389	6	-100
15.151	6	-100
15.3631	6	-100
15.5752	6	-100
15.7873	6	-100
15.9995	6	-100
-5.00054	7	69.5992
-4.78842	7	69.8114
-4.5763	7	70.0235
-4.36418	7	70.2356
-4.15206	7	70.4477
-3.93994	7	70.6598
-3.72782	7	70.8716
-3.51569	7	70.9779
-3.30357	7	71.01
-3.09145	7	70.8858
-2.87933	7	70.4716
-2.66721	7	70.1626
-2.45509	7	70.028
-2.24297	7	69.981
-2.03085	7	69.8629
-1.81872	7	69.6947
-1.6066	7	69.5366
-1.39448	7	69.377
-1.18236	7	69.1159
-0.970239	7	68.3051
-0.758118	7	67.8422
-0.545997	7	67.5881
-0.333876	7	67.3532
-0.121755	7	67.0956
0.0903666	7	66.8272
0.302488	7	66.5482
0.514609	7	66.2378
0.72673	7	65.9425
0.938851	7	65.6307
1.15097	7	65.319
1.36309	7	65.0247
1.57522	7	64.7304
1.78734	7	64.424
1.99946	7	64.1335
2.21158	7	63.8145
2.4237	7	63.5127
2.63582	7	63.2049
2.84794	7	62.8916
3.06006	7	62.5873
3.27218	7	62.2769
3.48431	7	61.9634
3.69643	7	61.6582
3.90855	7	61.3376
4.12067	7	61.0249
4.33279	7	60.7118
4.54491	7	60.3789
4.75703	7	60.0669
4.96915	7	59.7236
5.18128	7	59.3682
5.3934	7	59.0013
5.60552	7	58.579
5.81764	7	58.0776
6.02976	7	57.3957
6.24188	7	56.4366
6.454	7	55.1313
6.66612	7	53.2268
6.87825	7	50.661
7.09037	7	46.9404
7.30249	7	36.8283
7.51461	7	27.3484
7.72673	7	12.0684
7.93885	7	-12.5547
8.15097	7	-52.312
8.36309	7	-116.826
8.57522	7	-221.822
8.78734	7	-100
8.99946	7	-100
9.21158	7	-100
9.4237	7	-100
9.63582	7	-100
9.84794	7	-100
10.0601	7	-100
10.2722	7	-100
10.4843	7	-100
10.6964	7	-100
10.9085	7	-100
11.1207	7	-100
11.3328	7	-100
11.5449	7	-100
11.757	7	-100
11.9692	7	-100
12.1813	7	-100
12.3934	7	-100
12.6055	7	-100
12.8176	7	-100
13.0298	7	-100
13.2419	7	-100
13.454	7	-100
13.6661	7	-100
13.8782	7	-100
14.0904	7	-100
14.3025	7	-100
14.5146	7	-100
14.7267	7	-100
14.9389	7	-100
15.151	7	-100
15.3631	7	-100
15.5752	7	-100
15.7873	7	-100
15.9995	7	-100
-5.00054	8	69.662
-4.78842	8	69.8741
-4.5763	8	70.0863
-4.36418	8	70.2984
-4.15206	8	70.5105
-3.93994	8	70.7226
-3.72782	8	70.9344
-3.51569	8	71.0407
-3.30357	8	71.0728
-3.09145	8	70.9489
-2.87933	8	70.536
-2.66721	8	70.2309
-2.45509	8	70.1032
-2.24297	8	70.0669
-2.03085	8	69.8664
-1.81872	8	69.7524
-1.6066	8	69.5989
-1.39448	8	69.4392
-1.18236	8	69.178
-0.970239	8	68.3654
-0.758118	8	67.9016
-0.545997	8	67.6486
-0.333876	8	67.4147
-0.121755	8	67.1579
0.0903666	8	66.8897
0.302488	8	66.6107
0.514609	8	66.3006
0.72673	8	66.0051
0.938851	8	65.6935
1.15097	8	65.3819
1.36309	8	65.0872
1.57522	8	64.7936
1.78734	8	64.4868
1.99946	8	64.1965
2.21158	8	63.8777
2.4237	8	63.5754
2.63582	8	63.2683
2.84794	8	62.9546
3.06006	8	62.6503
3.27218	8	62.3404
3.48431	8	62.0264
3.69643	8	61.7217
3.90855	8	61.4012
4.12067	8	61.088
4.33279	8	60.7756
4.54491	8	60.4421
4.75703	8	60.1303
4.96915	8	59.787
5.18128	8	59.431
5.3934	8	59.064
5.60552	8	58.6416
5.81764	8	58.1392
6.02976	8	57.4559
6.24188	8	56.4968
6.454	8	55.1895
6.66612	8	53.2881
6.87825	8	50.7237
7.09037	8	47.0031
7.30249	8	36.891
7.51461	8	27.4111
7.72673	8	12.1311
7.93885	8	-12.492
8.15097	8	-52.2493
8.36309	8	-116.764
8.57522	8	-221.759
8.78734	8	-100
8.99946	8	-100
9.21158	8	-100
9.4237	8	-100
9.63582	8	-100
9.84794	8	-100
10.0601	8	-100
10.2722	8	-100
10.4843	8	-100
10.6964	8	-100
10.9085	8	-100
11.1207	8	-100
11.3328	8	-100
11.5449	8	-100
11.757	8	-100
11.9692	8	-100
12.1813	8	-100
12.3934	8	-100
12.6055	8	-100
12.8176	8	-100
13.0298	8	-100
13.2419	8	-100
13.454	8	-100
13.6661	8	-100
13.8782	8	-100
14.0904	8	-100
14.3025	8	-100
14.5146	8	-100
14.7267	8	-100
14.9389	8	-100
15.151	8	-100
15.3631	8	-100
15.5752	8	-100
15.7873	8	-100
15.9995	8	-100
-5.00054	9	69.7251
-4.78842	9	69.9373
-4.5763	9	70.1494
-4.36418	9	70.3615
-4.15206	9	70.5736
-3.93994	9	70.7858
-3.72782	9	70.9975
-3.51569	9	71.1039
-3.30357	9	71.1361
-3.09145	9	71.0124
-2.87933	9	70.6014
-2.66721	9	70.3018
-2.45509	9	70.1833
-2.24297	9	70.1351
-2.03085	9	69.9089
-1.81872	9	69.8152
-1.6066	9	69.662
-1.39448	9	69.5022
-1.18236	9	69.2409
-0.970239	9	68.4279
-0.758118	9	67.9638
-0.545997	9	67.7113
-0.333876	9	67.4776
-0.121755	9	67.2211
0.0903666	9	66.9528
0.302488	9	66.6738
0.514609	9	66.3638
0.72673	9	66.0682
0.938851	9	65.7569
1.15097	9	65.4454
1.36309	9	65.1505
1.57522	9	64.8573
1.78734	9	64.5503
1.99946	9	64.2602
2.21158	9	63.9416
2.4237	9	63.639
2.63582	9	63.3323
2.84794	9	63.0185
3.06006	9	62.7142
3.27218	9	62.4047
3.48431	9	62.0905
3.69643	9	61.786
3.90855	9	61.4655
4.12067	9	61.1521
4.33279	9	60.8402
4.54491	9	60.5064
4.75703	9	60.1946
4.96915	9	59.8515
5.18128	9	59.4951
5.3934	9	59.128
5.60552	9	58.7054
5.81764	9	58.2026
6.02976	9	57.5185
6.24188	9	56.5595
6.454	9	55.2509
6.66612	9	53.3507
6.87825	9	50.7867
7.09037	9	47.0661
7.30249	9	36.954
7.51461	9	27.474
7.72673	9	12.1941
7.93885	9	-12.429
8.15097	9	-52.1863
8.36309	9	-116.701
8.57522	9	-221.696
8.78734	9	-100
8.99946	9	-100
9.21158	9	-100
9.4237	9	-100
9.63582	9	-100
9.84794	9	-100
10.0601	9	-100
10.2722	9	-100
10.4843	9	-100
10.6964	9	-100
10.9085	9	-100
11.1207	9	-100
11.3328	9	-100
11.5449	9	-100
11.757	9	-100
11.9692	9	-100
12.1813	9	-100
12.3934	9	-100
12.6055	9	-100
12.8176	9	-100
13.0298	9	-100
13.2419	9	-100
13.454	9	-100
13.6661	9	-100
13.8782	9	-100
14.0904	9	-100
14.3025	9	-100
14.5146	9	-100
14.7267	9	-100
14.9389	9	-100
15.151	9	-100
15.3631	9	-100
15.5752	9	-100
15.7873	9	-100
15.9995	9	-100
-5.00054	10	69.7885
-4.78842	10	70.0006
-4.5763	10	70.2127
-4.36418	10	70.4248
-4.15206	10	70.637
-3.93994	10	70.8491
-3.72782	10	71.0608
-3.51569	10	71.1673
-3.30357	10	71.1996
-3.09145	10	71.0765
-2.87933	10	70.6683
-2.66721	10	70.3772
-2.45509	10	70.2722
-2.24297	10	70.1721
-2.03085	10	69.9683
-1.81872	10	69.8782
-1.6066	10	69.725
-1.39448	10	69.5652
-1.18236	10	69.3038
-0.970239	10	68.4904
-0.758118	10	68.0262
-0.545997	10	67.7739
-0.333876	10	67.5404
-0.121755	10	67.2839
0.0903666	10	67.0157
0.302488	10	66.7366
0.514609	10	66.4267
0.72673	10	66.1312
0.938851	10	65.8198
1.15097	10	65.5084
1.36309	10	65.2137
1.57522	10	64.9204
1.78734	10	64.6136
1.99946	10	64.3235
2.21158	10	64.005
2.4237	10	63.7025
2.63582	10	63.3958
2.84794	10	63.0822
3.06006	10	62.7779
3.27218	10	62.4684
3.48431	10	62.1543
3.69643	10	61.8499
3.90855	10	61.5295
4.12067	10	61.2161
4.33279	10	60.9042
4.54491	10	60.5705
4.75703	10	60.2588
4.96915	10	59.9157
5.18128	10	59.5593
5.3934	10	59.1923
5.60552	10	58.7697
5.81764	10	58.267
6.02976	10	57.5833
6.24188	10	56.6243
6.454	10	55.3149
6.66612	10	53.414
6.87825	10	50.8498
7.09037	10	47.1292
7.30249	10	37.0171
7.51461	10	27.5371
7.72673	10	12.2572
7.93885	10	-12.3659
8.15097	10	-52.1232
8.36309	10	-116.637
8.57522	10	-221.633
8.78734	10	-100
8.99946	10	-100
9.21158	10	-100
9.4237	10	-100
9.63582	10	-100
9.84794	10	-100
10.0601	10	-100
10.2722	10	-100
10.4843	10	-100
10.6964	10	-100
10.9085	10	-100
11.1207	10	-100
11.3328	10	-100
11.5449	10	-100
11.757	10	-100
11.9692	10	-100
12.1813	10	-100
12.3934	10	-100
12.6055	10	-100
12.8176	10	-100
13.0298	10	-100
13.2419	10	-100
13.454	10	-100
13.6661	10	-100
13.8782	10	-100
14.0904	10	-100
14.3025	10	-100
14.5146	10	-100
14.7267	10	-100
14.9389	10	-100
15.151	10	-100
15.3631	10	-100
15.5752	10	-100
15.7873	10	-100
15.9995	10	-100
-5.00054	11	69.8522
-4.78842	11	70.0643
-4.5763	11	70.2764
-4.36418	11	70.4885
-4.15206	11	70.7006
-3.93994	11	70.9128
-3.72782	11	71.1245
-3.51569	11	71.231
-3.30357	11	71.2636
-3.09145	11	71.1412
-2.87933	11	70.7371
-2.66721	11	70.4578
-2.45509	11	70.3705
-2.24297	11	70.2107
-2.03085	11	70.0312
-1.81872	11	69.9421
-1.6066	11	69.7886
-1.39448	11	69.6287
-1.18236	11	69.3673
-0.970239	11	68.5539
-0.758118	11	68.0897
-0.545997	11	67.8373
-0.333876	11	67.6038
-0.121755	11	67.3473
0.0903666	11	67.079
0.302488	11	66.8
0.514609	11	66.4901
0.72673	11	66.1947
0.938851	11	65.8834
1.15097	11	65.5721
1.36309	11	65.2776
1.57522	11	64.9843
1.78734	11	64.6777
1.99946	11	64.3877
2.21158	11	64.0693
2.4237	11	63.767
2.63582	11	63.4603
2.84794	11	63.1468
3.06006	11	62.8427
3.27218	11	62.5332
3.48431	11	62.2191
3.69643	11	61.9148
3.90855	11	61.5944
4.12067	11	61.2812
4.33279	11	60.9693
4.54491	11	60.6357
4.75703	11	60.3241
4.96915	11	59.981
5.18128	11	59.6248
5.3934	11	59.2578
5.60552	11	58.8354
5.81764	11	58.3328
6.02976	11	57.6495
6.24188	11	56.6905
6.454	11	55.3801
6.66612	11	53.4777
6.87825	11	50.9132
7.09037	11	47.1926
7.30249	11	37.0804
7.51461	11	27.6005
7.72673	11	12.3206
7.93885	11	-12.3025
8.15097	11	-52.0598
8.36309	11	-116.574
8.57522	11	-221.569
8.78734	11	-100
8.99946	11	-100
9.21158	11	-100
9.4237	11	-100
9.63582	11	-100
9.84794	11	-100
10.0601	11	-100
10.2722	11	-100
10.4843	11	-100
10.6964	11	-100
10.9085	11	-100
11.1207	11	-100
11.3328	11	-100
11.5449	11	-100
11.757	11	-100
11.9692	11	-100
12.1813	11	-100
12.3934	11	-100
12.6055	11	-100
12.8176	11	-100
13.0298	11	-100
13.2419	11	-100
13.454	11	-100
13.6661	11	-100
13.8782	11	-100
14.0904	11	-100
14.3025	11	-100
14.5146	11	-100
14.7267	11	-100
14.9389	11	-100
15.151	11	-100
15.3631	11	-100
15.5752	11	-100
15.7873	11	-100
15.9995	11	-100
-5.00054	12	69.9161
-4.78842	12	70.1282
-4.5763	12	70.3403
-4.36418	12	70.5524
-4.15206	12	70.7646
-3.93994	12	70.9767
-3.72782	12	71.1884
-3.51569	12	71.2951
-3.30357	12	71.3279
-3.09145	12	71.2065
-2.87933	12	70.8082
-2.66721	12	70.5444
-2.45509	12	70.467
-2.24297	12	70.2579
-2.03085	12	70.0944
-1.81872	12	70.0056
-1.6066	12	69.852
-1.39448	12	69.6921
-1.18236	12	69.4306
-0.970239	12	68.6169
-0.758118	12	68.1525
-0.545997	12	67.9002
-0.333876	12	67.6668
-0.121755	12	67.4102
0.0903666	12	67.142
0.302488	12	66.863
0.514609	12	66.5529
0.72673	12	66.2576
0.938851	12	65.9463
1.15097	12	65.635
1.36309	12	65.3406
1.57522	12	65.0473
1.78734	12	64.7408
1.99946	12	64.4509
2.21158	12	64.1324
2.4237	12	63.8304
2.63582	12	63.5236
2.84794	12	63.2102
3.06006	12	62.9061
3.27218	12	62.5966
3.48431	12	62.2827
3.69643	12	61.9784
3.90855	12	61.658
4.12067	12	61.345
4.33279	12	61.033
4.54491	12	60.6995
4.75703	12	60.3879
4.96915	12	60.0449
5.18128	12	59.6888
5.3934	12	59.322
5.60552	12	58.8997
5.81764	12	58.3974
6.02976	12	57.7148
6.24188	12	56.7562
6.454	12	55.4455
6.66612	12	53.5416
6.87825	12	50.9766
7.09037	12	47.256
7.30249	12	37.1439
7.51461	12	27.664
7.72673	12	12.3841
7.93885	12	-12.2391
8.15097	12	-51.9963
8.36309	12	-116.511
8.57522	12	-221.506
8.78734	12	-100
8.99946	12	-100
9.21158	12	-100
9.4237	12	-100
9.63582	12	-100
9.84794	12	-100
10.0601	12	-100
10.2722	12	-100
10.4843	12	-100
10.6964	12	-100
10.9085	12	-100
11.1207	12	-100
11.3328	12	-100
11.5449	12	-100
11.757	12	-100
11.9692	12	-100
12.1813	12	-100
12.3934	12	-100
12.6055	12	-100
12.8176	12	-100
13.0298	12	-100
13.2419	12	-100
13.454	12	-100
13.6661	12	-100
13.8782	12	-100
14.0904	12	-100
14.3025	12	-100
14.5146	12	-100
14.7267	12	-100
14.9389	12	-100
15.151	12	-100
15.3631	12	-100
15.5752	12	-100
15.7873	12	-100
15.9995	12	-100
-5.00054	13	69.9803
-4.78842	13	70.1924
-4.5763	13	70.4045
-4.36418	13	70.6166
-4.15206	13	70.8287
-3.93994	13	71.0409
-3.72782	13	71.2526
-3.51569	13	71.3594
-3.30357	13	71.3927
-3.09145	13	71.2726
-2.87933	13	70.8822
-2.66721	13	70.6385
-2.45509	13	70.515
-2.24297	13	70.3129
-2.03085	13	70.1578
-1.81872	13	70.0689
-1.6066	13	69.9153
-1.39448	13	69.7554
-1.18236	13	69.4939
-0.970239	13	68.6798
-0.758118	13	68.2151
-0.545997	13	67.9631
-0.333876	13	67.7298
-0.121755	13	67.4731
0.0903666	13	67.2049
0.302488	13	66.9259
0.514609	13	66.6158
0.72673	13	66.3205
0.938851	13	66.0091
1.15097	13	65.6978
1.36309	13	65.4036
1.57522	13	65.1102
1.78734	13	64.8039
1.99946	13	64.5139
2.21158	13	64.1955
2.4237	13	63.8936
2.63582	13	63.5867
2.84794	13	63.2735
3.06006	13	62.9695
3.27218	13	62.6598
3.48431	13	62.3462
3.69643	13	62.0417
3.90855	13	61.7214
4.12067	13	61.4086
4.33279	13	61.0964
4.54491	13	60.7632
4.75703	13	60.4516
4.96915	13	60.1085
5.18128	13	59.7527
5.3934	13	59.3859
5.60552	13	58.9637
5.81764	13	58.4618
6.02976	13	57.7799
6.24188	13	56.8218
6.454	13	55.5112
6.66612	13	53.6057
6.87825	13	51.0402
7.09037	13	47.3196
7.30249	13	37.2075
7.51461	13	27.7276
7.72673	13	12.4476
7.93885	13	-12.1755
8.15097	13	-51.9328
8.36309	13	-116.447
8.57522	13	-221.442
8.78734	13	-100
8.99946	13	-100
9.21158	13	-100
9.4237	13	-100
9.63582	13	-100
9.84794	13	-100
10.0601	13	-100
10.2722	13	-100
10.4843	13	-100
10.6964	13	-100
10.9085	13	-100
11.1207	13	-100
11.3328	13	-100
11.5449	13	-100
11.757	13	-100
11.9692	13	-100
12.1813	13	-100
12.3934	13	-100
12.6055	13	-100
12.8176	13	-100
13.0298	13	-100
13.2419	13	-100
13.454	13	-100
13.6661	13	-100
13.8782	13	-100
14.0904	13	-100
14.3025	13	-100
14.5146	13	-100
14.7267	13	-100
14.9389	13	-100
15.151	13	-100
15.3631	13	-100
15.5752	13	-100
15.7873	13	-100
15.9995	13	-100
-5.00054	14	70.0447
-4.78842	14	70.2568
-4.5763	14	70.4689
-4.36418	14	70.6811
-4.15206	14	70.8932
-3.93994	14	71.1053
-3.72782	14	71.3171
-3.51569	14	71.4241
-3.30357	14	71.4579
-3.09145	14	71.3396
-2.87933	14	70.9593
-2.66721	14	70.7395
-2.45509	14	70.5141
-2.24297	14	70.3726
-2.03085	14	70.2214
-1.81872	14	70.1323
-1.6066	14	69.9786
-1.39448	14	69.8187
-1.18236	14	69.5572
-0.970239	14	68.7427
-0.758118	14	68.2778
-0.545997	14	68.026
-0.333876	14	67.7928
-0.121755	14	67.5361
0.0903666	14	67.2679
0.302488	14	66.9888
0.514609	14	66.6786
0.72673	14	66.3833
0.938851	14	66.0718
1.15097	14	65.7605
1.36309	14	65.4663
1.57522	14	65.1729
1.78734	14	64.8666
1.99946	14	64.5767
2.21158	14	64.2582
2.4237	14	63.9564
2.63582	14	63.6495
2.84794	14	63.3363
3.06006	14	63.0323
3.27218	14	62.7227
3.48431	14	62.4091
3.69643	14	62.1047
3.90855	14	61.7844
4.12067	14	61.4716
4.33279	14	61.1594
4.54491	14	60.8262
4.75703	14	60.5146
4.96915	14	60.1716
5.18128	14	59.8159
5.3934	14	59.4491
5.60552	14	59.027
5.81764	14	58.5252
6.02976	14	57.8438
6.24188	14	56.8861
6.454	14	55.5756
6.66612	14	53.6695
6.87825	14	51.1038
7.09037	14	47.3832
7.30249	14	37.2711
7.51461	14	27.7912
7.72673	14	12.5112
7.93885	14	-12.1119
8.15097	14	-51.8691
8.36309	14	-116.383
8.57522	14	-221.379
8.78734	14	-100
8.99946	14	-100
9.21158	14	-100
9.4237	14	-100
9.63582	14	-100
9.84794	14	-100
10.0601	14	-100
10.2722	14	-100
10.4843	14	-100
10.6964	14	-100
10.9085	14	-100
11.1207	14	-100
11.3328	14	-100
11.5449	14	-100
11.757	14	-100
11.9692	14	-100
12.1813	14	-100
12.3934	14	-100
12.6055	14	-100
12.8176	14	-100
13.0298	14	-100
13.2419	14	-100
13.454	14	-100
13.6661	14	-100
13.8782	14	-100
14.0904	14	-100
14.3025	14	-100
14.5146	14	-100
14.7267	14	-100
14.9389	14	-100
15.151	14	-100
15.3631	14	-100
15.5752	14	-100
15.7873	14	-100
15.9995	14	-100
-5.00054	15	70.1095
-4.78842	15	70.3216
-4.5763	15	70.5337
-4.36418	15	70.7458
-4.15206	15	70.9579
-3.93994	15	71.1701
-3.72782	15	71.3818
-3.51569	15	71.4891
-3.30357	15	71.5236
-3.09145	15	71.4077
-2.87933	15	71.0398
-2.66721	15	70.8376
-2.45509	15	70.527
-2.24297	15	70.4349
-2.03085	15	70.2848
-1.81872	15	70.1956
-1.6066	15	70.0419
-1.39448	15	69.882
-1.18236	15	69.6206
-0.970239	15	68.8056
-0.758118	15	68.3405
-0.545997	15	68.0889
-0.333876	15	67.8557
-0.121755	15	67.5989
0.0903666	15	67.3307
0.302488	15	67.0515
0.514609	15	66.7412
0.72673	15	66.4459
0.938851	15	66.1342
1.15097	15	65.8229
1.36309	15	65.5285
1.57522	15	65.2352
1.78734	15	64.9289
1.99946	15	64.6389
2.21158	15	64.3205
2.4237	15	64.0185
2.63582	15	63.7117
2.84794	15	63.3984
3.06006	15	63.0944
3.27218	15	62.7849
3.48431	15	62.4712
3.69643	15	62.1668
3.90855	15	61.8465
4.12067	15	61.5337
4.33279	15	61.2216
4.54491	15	60.8883
4.75703	15	60.5767
4.96915	15	60.2337
5.18128	15	59.8779
5.3934	15	59.5111
5.60552	15	59.089
5.81764	15	58.5872
6.02976	15	57.9057
6.24188	15	56.9483
6.454	15	55.6379
6.66612	15	53.7328
6.87825	15	51.1675
7.09037	15	47.4469
7.30249	15	37.3348
7.51461	15	27.8549
7.72673	15	12.5749
7.93885	15	-12.0482
8.15097	15	-51.8055
8.36309	15	-116.32
8.57522	15	-221.315
8.78734	15	-100
8.99946	15	-100
9.21158	15	-100
9.4237	15	-100
9.63582	15	-100
9.84794	15	-100
10.0601	15	-100
10.2722	15	-100
10.4843	15	-100
10.6964	15	-100
10.9085	15	-100
11.1207	15	-100
11.3328	15	-100
11.5449	15	-100
11.757	15	-100
11.9692	15	-100
12.1813	15	-100
12.3934	15	-100
12.6055	15	-100
12.8176	15	-100
13.0298	15	-100
13.2419	15	-100
13.454	15	-100
13.6661	15	-100
13.8782	15	-100
14.0904	15	-100
14.3025	15	-100
14.5146	15	-100
14.7267	15	-100
14.9389	15	-100
15.151	15	-100
15.3631	15	-100
15.5752	15	-100
15.7873	15	-100
15.9995	15	-100
-5.00054	16	70.1746
-4.78842	16	70.3868
-4.5763	16	70.5989
-4.36418	16	70.811
-4.15206	16	71.0231
-3.93994	16	71.2352
-3.72782	16	71.447
-3.51569	16	71.5547
-3.30357	16	71.5901
-3.09145	16	71.4771
-2.87933	16	71.1247
-2.66721	16	70.8462
-2.45509	16	70.572
-2.24297	16	70.4986
-2.03085	16	70.3482
-1.81872	16	70.259
-1.6066	16	70.1053
-1.39448	16	69.9455
-1.18236	16	69.6842
-0.970239	16	68.8689
-0.758118	16	68.4035
-0.545997	16	68.152
-0.333876	16	67.9188
-0.121755	16	67.662
0.0903666	16	67.3936
0.302488	16	67.1144
0.514609	16	66.804
0.72673	16	66.5086
0.938851	16	66.1967
1.15097	16	65.8854
1.36309	16	65.5909
1.57522	16	65.2976
1.78734	16	64.9912
1.99946	16	64.7012
2.21158	16	64.3828
2.4237	16	64.0808
2.63582	16	63.774
2.84794	16	63.4607
3.06006	16	63.1566
3.27218	16	62.8471
3.48431	16	62.5334
3.69643	16	62.229
3.90855	16	61.9088
4.12067	16	61.5958
4.33279	16	61.2838
4.54491	16	60.9505
4.75703	16	60.6389
4.96915	16	60.2959
5.18128	16	59.94
5.3934	16	59.5732
5.60552	16	59.151
5.81764	16	58.649
6.02976	16	57.9673
6.24188	16	57.0102
6.454	16	55.6998
6.66612	16	53.7962
6.87825	16	51.2313
7.09037	16	47.5107
7.30249	16	37.3986
7.51461	16	27.9187
7.72673	16	12.6387
7.93885	16	-11.9844
8.15097	16	-51.7417
8.36309	16	-116.256
8.57522	16	-221.251
8.78734	16	-100
8.99946	16	-100
9.21158	16	-100
9.4237	16	-100
9.63582	16	-100
9.84794	16	-100
10.0601	16	-100
10.2722	16	-100
10.4843	16	-100
10.6964	16	-100
10.9085	16	-100
11.1207	16	-100
11.3328	16	-100
11.5449	16	-100
11.757	16	-100
11.9692	16	-100
12.1813	16	-100
12.3934	16	-100
12.6055	16	-100
12.8176	16	-100
13.0298	16	-100
13.2419	16	-100
13.454	16	-100
13.6661	16	-100
13.8782	16	-100
14.0904	16	-100
14.3025	16	-100
14.5146	16	-100
14.7267	16	-100
14.9389	16	-100
15.151	16	-100
15.3631	16	-100
15.5752	16	-100
15.7873	16	-100
15.9995	16	-100
-5.00054	17	70.2404
-4.78842	17	70.4525
-4.5763	17	70.6646
-4.36418	17	70.8767
-4.15206	17	71.0889
-3.93994	17	71.301
-3.72782	17	71.5128
-3.51569	17	71.6209
-3.30357	17	71.6575
-3.09145	17	71.5483
-2.87933	17	71.2144
-2.66721	17	70.825
-2.45509	17	70.6312
-2.24297	17	70.5635
-2.03085	17	70.4123
-1.81872	17	70.3228
-1.6066	17	70.169
-1.39448	17	70.0093
-1.18236	17	69.748
-0.970239	17	68.9325
-0.758118	17	68.467
-0.545997	17	68.2154
-0.333876	17	67.9821
-0.121755	17	67.7253
0.0903666	17	67.4569
0.302488	17	67.1776
0.514609	17	66.8671
0.72673	17	66.5715
0.938851	17	66.2596
1.15097	17	65.9482
1.36309	17	65.6536
1.57522	17	65.3603
1.78734	17	65.0539
1.99946	17	64.7639
2.21158	17	64.4455
2.4237	17	64.1433
2.63582	17	63.8366
2.84794	17	63.5232
3.06006	17	63.2191
3.27218	17	62.9097
3.48431	17	62.5959
3.69643	17	62.2915
3.90855	17	61.9713
4.12067	17	61.6582
4.33279	17	61.3464
4.54491	17	61.0129
4.75703	17	60.7014
4.96915	17	60.3584
5.18128	17	60.0023
5.3934	17	59.6355
5.60552	17	59.2132
5.81764	17	58.7111
6.02976	17	58.029
6.24188	17	57.0721
6.454	17	55.7617
6.66612	17	53.8596
6.87825	17	51.2952
7.09037	17	47.5747
7.30249	17	37.4625
7.51461	17	27.9826
7.72673	17	12.7027
7.93885	17	-11.9205
8.15097	17	-51.6777
8.36309	17	-116.192
8.57522	17	-221.187
8.78734	17	-100
8.99946	17	-100
9.21158	17	-100
9.4237	17	-100
9.63582	17	-100
9.84794	17	-100
10.0601	17	-100
10.2722	17	-100
10.4843	17	-100
10.6964	17	-100
10.9085	17	-100
11.1207	17	-100
11.3328	17	-100
11.5449	17	-100
11.757	17	-100
11.9692	17	-100
12.1813	17	-100
12.3934	17	-100
12.6055	17	-100
12.8176	17	-100
13.0298	17	-100
13.2419	17	-100
13.454	17	-100
13.6661	17	-100
13.8782	17	-100
14.0904	17	-100
14.3025	17	-100
14.5146	17	-100
14.7267	17	-100
14.9389	17	-100
15.151	17	-100
15.3631	17	-100
15.5752	17	-100
15.7873	17	-100
15.9995	17	-100
-5.00054	18	70.3073
-4.78842	18	70.5194
-4.5763	18	70.7316
-4.36418	18	70.9437
-4.15206	18	71.1558
-3.93994	18	71.3679
-3.72782	18	71.5797
-3.51569	18	71.6886
-3.30357	18	71.727
-3.09145	18	71.6237
-2.87933	18	71.3026
-2.66721	18	70.8658
-2.45509	18	70.6946
-2.24297	18	70.629
-2.03085	18	70.4769
-1.81872	18	70.3869
-1.6066	18	70.2331
-1.39448	18	70.0733
-1.18236	18	69.812
-0.970239	18	68.9963
-0.758118	18	68.5306
-0.545997	18	68.2789
-0.333876	18	68.0456
-0.121755	18	67.7887
0.0903666	18	67.5202
0.302488	18	67.2409
0.514609	18	66.9302
0.72673	18	66.6347
0.938851	18	66.3226
1.15097	18	66.0111
1.36309	18	65.7166
1.57522	18	65.4232
1.78734	18	65.1169
1.99946	18	64.8268
2.21158	18	64.5084
2.4237	18	64.2063
2.63582	18	63.8994
2.84794	18	63.5861
3.06006	18	63.2821
3.27218	18	62.9725
3.48431	18	62.6589
3.69643	18	62.3544
3.90855	18	62.0342
4.12067	18	61.7213
4.33279	18	61.4093
4.54491	18	61.076
4.75703	18	60.7644
4.96915	18	60.4215
5.18128	18	60.0656
5.3934	18	59.6988
5.60552	18	59.2767
5.81764	18	58.7749
6.02976	18	58.0935
6.24188	18	57.137
6.454	18	55.8272
6.66612	18	53.9241
6.87825	18	51.3593
7.09037	18	47.6387
7.30249	18	37.5266
7.51461	18	28.0467
7.72673	18	12.7667
7.93885	18	-11.8564
8.15097	18	-51.6137
8.36309	18	-116.128
8.57522	18	-221.123
8.78734	18	-100
8.99946	18	-100
9.21158	18	-100
9.4237	18	-100
9.63582	18	-100
9.84794	18	-100
10.0601	18	-100
10.2722	18	-100
10.4843	18	-100
10.6964	18	-100
10.9085	18	-100
11.1207	18	-100
11.3328	18	-100
11.5449	18	-100
11.757	18	-100
11.9692	18	-100
12.1813	18	-100
12.3934	18	-100
12.6055	18	-100
12.8176	18	-100
13.0298	18	-100
13.2419	18	-100
13.454	18	-100
13.6661	18	-100
13.8782	18	-100
14.0904	18	-100
14.3025	18	-100
14.5146	18	-100
14.7267	18	-100
14.9389	18	-100
15.151	18	-100
15.3631	18	-100
15.5752	18	-100
15.7873	18	-100
15.9995	18	-100
-5.00054	19	70.3756
-4.78842	19	70.5878
-4.5763	19	70.7999
-4.36418	19	71.012
-4.15206	19	71.2241
-3.93994	19	71.4363
-3.72782	19	71.648
-3.51569	19	71.7581
-3.30357	19	71.7991
-3.09145	19	71.7042
-2.87933	19	71.362
-2.66721	19	70.9212
-2.45509	19	70.7585
-2.24297	19	70.6945
-2.03085	19	70.5417
-1.81872	19	70.4511
-1.6066	19	70.2972
-1.39448	19	70.1374
-1.18236	19	69.8761
-0.970239	19	69.0602
-0.758118	19	68.5943
-0.545997	19	68.3425
-0.333876	19	68.1092
-0.121755	19	67.8521
0.0903666	19	67.5836
0.302488	19	67.3043
0.514609	19	66.9934
0.72673	19	66.6979
0.938851	19	66.3856
1.15097	19	66.0741
1.36309	19	65.7798
1.57522	19	65.4861
1.78734	19	65.18
1.99946	19	64.8899
2.21158	19	64.5714
2.4237	19	64.2696
2.63582	19	63.9624
2.84794	19	63.6493
3.06006	19	63.3453
3.27218	19	63.0356
3.48431	19	62.7222
3.69643	19	62.4176
3.90855	19	62.0974
4.12067	19	61.7847
4.33279	19	61.4723
4.54491	19	61.1394
4.75703	19	60.8278
4.96915	19	60.4848
5.18128	19	60.1294
5.3934	19	59.7627
5.60552	19	59.3408
5.81764	19	58.8396
6.02976	19	58.1595
6.24188	19	57.2038
6.454	19	55.8953
6.66612	19	53.9893
6.87825	19	51.4234
7.09037	19	47.7028
7.30249	19	37.5907
7.51461	19	28.1107
7.72673	19	12.8308
7.93885	19	-11.7923
8.15097	19	-51.5496
8.36309	19	-116.064
8.57522	19	-221.059
8.78734	19	-100
8.99946	19	-100
9.21158	19	-100
9.4237	19	-100
9.63582	19	-100
9.84794	19	-100
10.0601	19	-100
10.2722	19	-100
10.4843	19	-100
10.6964	19	-100
10.9085	19	-100
11.1207	19	-100
11.3328	19	-100
11.5449	19	-100
11.757	19	-100
11.9692	19	-100
12.1813	19	-100
12.3934	19	-100
12.6055	19	-100
12.8176	19	-100
13.0298	19	-100
13.2419	19	-100
13.454	19	-100
13.6661	19	-100
13.8782	19	-100
14.0904	19	-100
14.3025	19	-100
14.5146	19	-100
14.7267	19	-100
14.9389	19	-100
15.151	19	-100
15.3631	19	-100
15.5752	19	-100
15.7873	19	-100
15.9995	19	-100
-5.00054	20	70.446
-4.78842	20	70.6582
-4.5763	20	70.8703
-4.36418	20	71.0824
-4.15206	20	71.2945
-3.93994	20	71.5066
-3.72782	20	71.7184
-3.51569	20	71.8302
-3.30357	20	71.8749
-3.09145	20	71.7917
-2.87933	20	71.4082
-2.66721	20	70.9815
-2.45509	20	70.8226
-2.24297	20	70.7613
-2.03085	20	70.6071
-1.81872	20	70.5156
-1.6066	20	70.3615
-1.39448	20	70.2016
-1.18236	20	69.9402
-0.970239	20	69.1242
-0.758118	20	68.6582
-0.545997	20	68.4062
-0.333876	20	68.173
-0.121755	20	67.9156
0.0903666	20	67.6472
0.302488	20	67.3678
0.514609	20	67.0567
0.72673	20	66.7614
0.938851	20	66.449
1.15097	20	66.1375
1.36309	20	65.8433
1.57522	20	65.5494
1.78734	20	65.2436
1.99946	20	64.9533
2.21158	20	64.6348
2.4237	20	64.3334
2.63582	20	64.0259
2.84794	20	63.7131
3.06006	20	63.4092
3.27218	20	63.0991
3.48431	20	62.7862
3.69643	20	62.4812
3.90855	20	62.1611
4.12067	20	61.8488
4.33279	20	61.5359
4.54491	20	61.2036
4.75703	20	60.8919
4.96915	20	60.5489
5.18128	20	60.194
5.3934	20	59.8274
5.60552	20	59.4057
5.81764	20	58.9056
6.02976	20	58.2277
6.24188	20	57.2735
6.454	20	55.9682
6.66612	20	54.0569
6.87825	20	51.4878
7.09037	20	47.7669
7.30249	20	37.6548
7.51461	20	28.1749
7.72673	20	12.895
7.93885	20	-11.7282
8.15097	20	-51.4854
8.36309	20	-116
8.57522	20	-220.995
8.78734	20	-100
8.99946	20	-100
9.21158	20	-100
9.4237	20	-100
9.63582	20	-100
9.84794	20	-100
10.0601	20	-100
10.2722	20	-100
10.4843	20	-100
10.6964	20	-100
10.9085	20	-100
11.1207	20	-100
11.3328	20	-100
11.5449	20	-100
11.757	20	-100
11.9692	20	-100
12.1813	20	-100
12.3934	20	-100
12.6055	20	-100
12.8176	20	-100
13.0298	20	-100
13.2419	20	-100
13.454	20	-100
13.6661	20	-100
13.8782	20	-100
14.0904	20	-100
14.3025	20	-100
14.5146	20	-100
14.7267	20	-100
14.9389	20	-100
15.151	20	-100
15.3631	20	-100
15.5752	20	-100
15.7873	20	-100
15.9995	20	-100
-5.00054	21	70.5193
-4.78842	21	70.7314
-4.5763	21	70.9435
-4.36418	21	71.1556
-4.15206	21	71.3678
-3.93994	21	71.5799
-3.72782	21	71.7917
-3.51569	21	71.9057
-3.30357	21	71.9557
-3.09145	21	71.888
-2.87933	21	71.4531
-2.66721	21	71.0436
-2.45509	21	70.8868
-2.24297	21	70.8279
-2.03085	21	70.6727
-1.81872	21	70.5801
-1.6066	21	70.4259
-1.39448	21	70.2658
-1.18236	21	70.0043
-0.970239	21	69.1883
-0.758118	21	68.7222
-0.545997	21	68.47
-0.333876	21	68.2369
-0.121755	21	67.9793
0.0903666	21	67.711
0.302488	21	67.4316
0.514609	21	67.1202
0.72673	21	66.8252
0.938851	21	66.5124
1.15097	21	66.201
1.36309	21	65.9071
1.57522	21	65.6128
1.78734	21	65.3074
1.99946	21	65.017
2.21158	21	64.6984
2.4237	21	64.3975
2.63582	21	64.0895
2.84794	21	63.7771
3.06006	21	63.4732
3.27218	21	63.1627
3.48431	21	62.8506
3.69643	21	62.545
3.90855	21	62.2249
4.12067	21	61.9132
4.33279	21	61.5996
4.54491	21	61.2681
4.75703	21	60.9562
4.96915	21	60.613
5.18128	21	60.2591
5.3934	21	59.8924
5.60552	21	59.4709
5.81764	21	58.9724
6.02976	21	58.2976
6.24188	21	57.3466
6.454	21	56.049
6.66612	21	54.1307
6.87825	21	51.5536
7.09037	21	47.8311
7.30249	21	37.719
7.51461	21	28.2391
7.72673	21	12.9592
7.93885	21	-11.664
8.15097	21	-51.4212
8.36309	21	-115.935
8.57522	21	-220.931
8.78734	21	-100
8.99946	21	-100
9.21158	21	-100
9.4237	21	-100
9.63582	21	-100
9.84794	21	-100
10.0601	21	-100
10.2722	21	-100
10.4843	21	-100
10.6964	21	-100
10.9085	21	-100
11.1207	21	-100
11.3328	21	-100
11.5449	21	-100
11.757	21	-100
11.9692	21	-100
12.1813	21	-100
12.3934	21	-100
12.6055	21	-100
12.8176	21	-100
13.0298	21	-100
13.2419	21	-100
13.454	21	-100
13.6661	21	-100
13.8782	21	-100
14.0904	21	-100
14.3025	21	-100
14.5146	21	-100
14.7267	21	-100
14.9389	21	-100
15.151	21	-100
15.3631	21	-100
15.5752	21	-100
15.7873	21	-100
15.9995	21	-100
-5.00054	22	70.5963
-4.78842	22	70.8084
-4.5763	22	71.0205
-4.36418	22	71.2327
-4.15206	22	71.4448
-3.93994	22	71.6569
-3.72782	22	71.8687
-3.51569	22	71.9859
-3.30357	22	72.0429
-3.09145	22	71.9946
-2.87933	22	71.4955
-2.66721	22	71.1064
-2.45509	22	70.951
-2.24297	22	70.8939
-2.03085	22	70.7377
-1.81872	22	70.6446
-1.6066	22	70.4902
-1.39448	22	70.33
-1.18236	22	70.0686
-0.970239	22	69.2523
-0.758118	22	68.7859
-0.545997	22	68.5338
-0.333876	22	68.3006
-0.121755	22	68.043
0.0903666	22	67.7746
0.302488	22	67.4951
0.514609	22	67.1837
0.72673	22	66.8887
0.938851	22	66.5758
1.15097	22	66.2644
1.36309	22	65.9704
1.57522	22	65.6762
1.78734	22	65.3709
1.99946	22	65.0803
2.21158	22	64.7618
2.4237	22	64.4608
2.63582	22	64.1528
2.84794	22	63.8406
3.06006	22	63.5366
3.27218	22	63.2262
3.48431	22	62.9141
3.69643	22	62.6084
3.90855	22	62.2886
4.12067	22	61.9766
4.33279	22	61.6631
4.54491	22	61.3317
4.75703	22	61.0198
4.96915	22	60.6768
5.18128	22	60.323
5.3934	22	59.9564
5.60552	22	59.5352
5.81764	22	59.0373
6.02976	22	58.3643
6.24188	22	57.4186
6.454	22	56.1289
6.66612	22	54.2081
6.87825	22	51.6199
7.09037	22	47.8954
7.30249	22	37.7833
7.51461	22	28.3033
7.72673	22	13.0234
7.93885	22	-11.5997
8.15097	22	-51.357
8.36309	22	-115.871
8.57522	22	-220.867
8.78734	22	-100
8.99946	22	-100
9.21158	22	-100
9.4237	22	-100
9.63582	22	-100
9.84794	22	-100
10.0601	22	-100
10.2722	22	-100
10.4843	22	-100
10.6964	22	-100
10.9085	22	-100
11.1207	22	-100
11.3328	22	-100
11.5449	22	-100
11.757	22	-100
11.9692	22	-100
12.1813	22	-100
12.3934	22	-100
12.6055	22	-100
12.8176	22	-100
13.0298	22	-100
13.2419	22	-100
13.454	22	-100
13.6661	22	-100
13.8782	22	-100
14.0904	22	-100
14.3025	22	-100
14.5146	22	-100
14.7267	22	-100
14.9389	22	-100
15.151	22	-100
15.3631	22	-100
15.5752	22	-100
15.7873	22	-100
15.9995	22	-100
-5.00054	23	70.6781
-4.78842	23	70.8902
-4.5763	23	71.1023
-4.36418	23	71.3144
-4.15206	23	71.5265
-3.93994	23	71.7387
-3.72782	23	71.9505
-3.51569	23	72.0719
-3.30357	23	72.1378
-3.09145	23	72.1019
-2.87933	23	71.5359
-2.66721	23	71.1695
-2.45509	23	71.0153
-2.24297	23	70.9593
-2.03085	23	70.8022
-1.81872	23	70.709
-1.6066	23	70.5545
-1.39448	23	70.3943
-1.18236	23	70.1328
-0.970239	23	69.3164
-0.758118	23	68.8497
-0.545997	23	68.5977
-0.333876	23	68.3645
-0.121755	23	68.1068
0.0903666	23	67.8384
0.302488	23	67.5588
0.514609	23	67.2475
0.72673	23	66.9524
0.938851	23	66.6394
1.15097	23	66.3281
1.36309	23	66.0339
1.57522	23	65.7399
1.78734	23	65.4345
1.99946	23	65.1438
2.21158	23	64.8255
2.4237	23	64.5243
2.63582	23	64.2164
2.84794	23	63.9041
3.06006	23	63.6
3.27218	23	63.29
3.48431	23	62.9776
3.69643	23	62.672
3.90855	23	62.3524
4.12067	23	62.0401
4.33279	23	61.7269
4.54491	23	61.3954
4.75703	23	61.0834
4.96915	23	60.7407
5.18128	23	60.3868
5.3934	23	60.0203
5.60552	23	59.5997
5.81764	23	59.1019
6.02976	23	58.4303
6.24188	23	57.4908
6.454	23	56.2089
6.66612	23	54.29
6.87825	23	51.6867
7.09037	23	47.9597
7.30249	23	37.8476
7.51461	23	28.3677
7.72673	23	13.0878
7.93885	23	-11.5354
8.15097	23	-51.2926
8.36309	23	-115.807
8.57522	23	-220.802
8.78734	23	-100
8.99946	23	-100
9.21158	23	-100
9.4237	23	-100
9.63582	23	-100
9.84794	23	-100
10.0601	23	-100
10.2722	23	-100
10.4843	23	-100
10.6964	23	-100
10.9085	23	-100
11.1207	23	-100
11.3328	23	-100
11.5449	23	-100
11.757	23	-100
11.9692	23	-100
12.1813	23	-100
12.3934	23	-100
12.6055	23	-100
12.8176	23	-100
13.0298	23	-100
13.2419	23	-100
13.454	23	-100
13.6661	23	-100
13.8782	23	-100
14.0904	23	-100
14.3025	23	-100
14.5146	23	-100
14.7267	23	-100
14.9389	23	-100
15.151	23	-100
15.3631	23	-100
15.5752	23	-100
15.7873	23	-100
15.9995	23	-100
-5.00054	24	70.7646
-4.78842	24	70.9768
-4.5763	24	71.1889
-4.36418	24	71.401
-4.15206	24	71.6131
-3.93994	24	71.8252
-3.72782	24	72.0371
-3.51569	24	72.1634
-3.30357	24	72.2398
-3.09145	24	72.1595
-2.87933	24	71.5747
-2.66721	24	71.2329
-2.45509	24	71.0797
-2.24297	24	71.0231
-2.03085	24	70.8657
-1.81872	24	70.7729
-1.6066	24	70.6185
-1.39448	24	70.4585
-1.18236	24	70.1971
-0.970239	24	69.3804
-0.758118	24	68.9136
-0.545997	24	68.6617
-0.333876	24	68.4284
-0.121755	24	68.1708
0.0903666	24	67.9024
0.302488	24	67.6227
0.514609	24	67.3113
0.72673	24	67.0161
0.938851	24	66.703
1.15097	24	66.3918
1.36309	24	66.0975
1.57522	24	65.8035
1.78734	24	65.4981
1.99946	24	65.2074
2.21158	24	64.8892
2.4237	24	64.5877
2.63582	24	64.28
2.84794	24	63.9677
3.06006	24	63.6634
3.27218	24	63.3536
3.48431	24	63.0411
3.69643	24	62.7355
3.90855	24	62.416
4.12067	24	62.1035
4.33279	24	61.7905
4.54491	24	61.4588
4.75703	24	61.1469
4.96915	24	60.8043
5.18128	24	60.4503
5.3934	24	60.0838
5.60552	24	59.6635
5.81764	24	59.1659
6.02976	24	58.4949
6.24188	24	57.5592
6.454	24	56.2821
6.66612	24	54.3673
6.87825	24	51.7535
7.09037	24	48.0242
7.30249	24	37.912
7.51461	24	28.4321
7.72673	24	13.1522
7.93885	24	-11.471
8.15097	24	-51.2282
8.36309	24	-115.742
8.57522	24	-220.738
8.78734	24	-100
8.99946	24	-100
9.21158	24	-100
9.4237	24	-100
9.63582	24	-100
9.84794	24	-100
10.0601	24	-100
10.2722	24	-100
10.4843	24	-100
10.6964	24	-100
10.9085	24	-100
11.1207	24	-100
11.3328	24	-100
11.5449	24	-100
11.757	24	-100
11.9692	24	-100
12.1813	24	-100
12.3934	24	-100
12.6055	24	-100
12.8176	24	-100
13.0298	24	-100
13.2419	24	-100
13.454	24	-100
13.6661	24	-100
13.8782	24	-100
14.0904	24	-100
14.3025	24	-100
14.5146	24	-100
14.7267	24	-100
14.9389	24	-100
15.151	24	-100
15.3631	24	-100
15.5752	24	-100
15.7873	24	-100
15.9995	24	-100
-5.00054	25	70.8559
-4.78842	25	71.0681
-4.5763	25	71.2802
-4.36418	25	71.4923
-4.15206	25	71.7044
-3.93994	25	71.9165
-3.72782	25	72.1284
-3.51569	25	72.2604
-3.30357	25	72.3481
-3.09145	25	72.1425
-2.87933	25	71.623
-2.66721	25	71.2969
-2.45509	25	71.1443
-2.24297	25	71.0852
-2.03085	25	70.9284
-1.81872	25	70.8365
-1.6066	25	70.6825
-1.39448	25	70.5228
-1.18236	25	70.2614
-0.970239	25	69.4445
-0.758118	25	68.9774
-0.545997	25	68.7256
-0.333876	25	68.4923
-0.121755	25	68.2347
0.0903666	25	67.9663
0.302488	25	67.6866
0.514609	25	67.3751
0.72673	25	67.0798
0.938851	25	66.7666
1.15097	25	66.4553
1.36309	25	66.1609
1.57522	25	65.8669
1.78734	25	65.5614
1.99946	25	65.2707
2.21158	25	64.9524
2.4237	25	64.6509
2.63582	25	64.3432
2.84794	25	64.0307
3.06006	25	63.7265
3.27218	25	63.4166
3.48431	25	63.1041
3.69643	25	62.7985
3.90855	25	62.4789
4.12067	25	62.1663
4.33279	25	61.8534
4.54491	25	61.5217
4.75703	25	61.2097
4.96915	25	60.8671
5.18128	25	60.513
5.3934	25	60.1465
5.60552	25	59.7261
5.81764	25	59.2283
6.02976	25	58.5569
6.24188	25	57.6204
6.454	25	56.3425
6.66612	25	54.4288
6.87825	25	51.8176
7.09037	25	48.0887
7.30249	25	37.9766
7.51461	25	28.4966
7.72673	25	13.2167
7.93885	25	-11.4064
8.15097	25	-51.1637
8.36309	25	-115.678
8.57522	25	-220.673
8.78734	25	-100
8.99946	25	-100
9.21158	25	-100
9.4237	25	-100
9.63582	25	-100
9.84794	25	-100
10.0601	25	-100
10.2722	25	-100
10.4843	25	-100
10.6964	25	-100
10.9085	25	-100
11.1207	25	-100
11.3328	25	-100
11.5449	25	-100
11.757	25	-100
11.9692	25	-100
12.1813	25	-100
12.3934	25	-100
12.6055	25	-100
12.8176	25	-100
13.0298	25	-100
13.2419	25	-100
13.454	25	-100
13.6661	25	-100
13.8782	25	-100
14.0904	25	-100
14.3025	25	-100
14.5146	25	-100
14.7267	25	-100
14.9389	25	-100
15.151	25	-100
15.3631	25	-100
15.5752	25	-100
15.7873	25	-100
15.9995	25	-100
-5.00054	26	70.952
-4.78842	26	71.1642
-4.5763	26	71.3763
-4.36418	26	71.5884
-4.15206	26	71.8005
-3.93994	26	72.0126
-3.72782	26	72.2245
-3.51569	26	72.3626
-3.30357	26	72.4543
-3.09145	26	72.1327
-2.87933	26	71.6817
-2.66721	26	71.3613
-2.45509	26	71.2089
-2.24297	26	71.1452
-2.03085	26	70.9905
-1.81872	26	70.9001
-1.6066	26	70.7466
-1.39448	26	70.5871
-1.18236	26	70.3259
-0.970239	26	69.5085
-0.758118	26	69.0412
-0.545997	26	68.7893
-0.333876	26	68.5561
-0.121755	26	68.2985
0.0903666	26	68.03
0.302488	26	67.7502
0.514609	26	67.4385
0.72673	26	67.1432
0.938851	26	66.8298
1.15097	26	66.5182
1.36309	26	66.2238
1.57522	26	65.9297
1.78734	26	65.6241
1.99946	26	65.3334
2.21158	26	65.015
2.4237	26	64.7134
2.63582	26	64.4056
2.84794	26	64.093
3.06006	26	63.7888
3.27218	26	63.4787
3.48431	26	63.1662
3.69643	26	62.8606
3.90855	26	62.5408
4.12067	26	62.2284
4.33279	26	61.9153
4.54491	26	61.5835
4.75703	26	61.2715
4.96915	26	60.9287
5.18128	26	60.5746
5.3934	26	60.208
5.60552	26	59.7872
5.81764	26	59.289
6.02976	26	58.6163
6.24188	26	57.6752
6.454	26	56.3919
6.66612	26	54.4774
6.87825	26	51.8795
7.09037	26	48.1533
7.30249	26	38.0412
7.51461	26	28.5612
7.72673	26	13.2813
7.93885	26	-11.3418
8.15097	26	-51.0991
8.36309	26	-115.613
8.57522	26	-220.609
8.78734	26	-100
8.99946	26	-100
9.21158	26	-100
9.4237	26	-100
9.63582	26	-100
9.84794	26	-100
10.0601	26	-100
10.2722	26	-100
10.4843	26	-100
10.6964	26	-100
10.9085	26	-100
11.1207	26	-100
11.3328	26	-100
11.5449	26	-100
11.757	26	-100
11.9692	26	-100
12.1813	26	-100
12.3934	26	-100
12.6055	26	-100
12.8176	26	-100
13.0298	26	-100
13.2419	26	-100
13.454	26	-100
13.6661	26	-100
13.8782	26	-100
14.0904	26	-100
14.3025	26	-100
14.5146	26	-100
14.7267	26	-100
14.9389	26	-100
15.151	26	-100
15.3631	26	-100
15.5752	26	-100
15.7873	26	-100
15.9995	26	-100
-5.00054	27	71.0518
-4.78842	27	71.2639
-4.5763	27	71.4761
-4.36418	27	71.6882
-4.15206	27	71.9003
-3.93994	27	72.1124
-3.72782	27	72.3243
-3.51569	27	72.4686
-3.30357	27	72.4349
-3.09145	27	72.1684
-2.87933	27	71.7451
-2.66721	27	71.426
-2.45509	27	71.2736
-2.24297	27	71.2034
-2.03085	27	71.0522
-1.81872	27	70.9637
-1.6066	27	70.8109
-1.39448	27	70.6516
-1.18236	27	70.3904
-0.970239	27	69.5725
-0.758118	27	69.1047
-0.545997	27	68.8527
-0.333876	27	68.6195
-0.121755	27	68.3618
0.0903666	27	68.0932
0.302488	27	67.8133
0.514609	27	67.5013
0.72673	27	67.2057
0.938851	27	66.892
1.15097	27	66.5802
1.36309	27	66.2857
1.57522	27	65.9914
1.78734	27	65.6857
1.99946	27	65.3949
2.21158	27	65.0762
2.4237	27	64.7747
2.63582	27	64.4666
2.84794	27	64.1539
3.06006	27	63.8497
3.27218	27	63.5393
3.48431	27	63.2268
3.69643	27	62.9211
3.90855	27	62.6011
4.12067	27	62.2888
4.33279	27	61.9755
4.54491	27	61.6436
4.75703	27	61.3316
4.96915	27	60.9886
5.18128	27	60.6344
5.3934	27	60.2676
5.60552	27	59.8463
5.81764	27	59.3475
6.02976	27	58.6725
6.24188	27	57.7252
6.454	27	56.4341
6.66612	27	54.522
6.87825	27	51.9413
7.09037	27	48.218
7.30249	27	38.1058
7.51461	27	28.6259
7.72673	27	13.346
7.93885	27	-11.2771
8.15097	27	-51.0344
8.36309	27	-115.549
8.57522	27	-220.544
8.78734	27	-100
8.99946	27	-100
9.21158	27	-100
9.4237	27	-100
9.63582	27	-100
9.84794	27	-100
10.0601	27	-100
10.2722	27	-100
10.4843	27	-100
10.6964	27	-100
10.9085	27	-100
11.1207	27	-100
11.3328	27	-100
11.5449	27	-100
11.757	27	-100
11.9692	27	-100
12.1813	27	-100
12.3934	27	-100
12.6055	27	-100
12.8176	27	-100
13.0298	27	-100
13.2419	27	-100
13.454	27	-100
13.6661	27	-100
13.8782	27	-100
14.0904	27	-100
14.3025	27	-100
14.5146	27	-100
14.7267	27	-100
14.9389	27	-100
15.151	27	-100
15.3631	27	-100
15.5752	27	-100
15.7873	27	-100
15.9995	27	-100
-5.00054	28	71.1443
-4.78842	28	71.3564
-4.5763	28	71.5685
-4.36418	28	71.7806
-4.15206	28	71.9927
-3.93994	28	72.2049
-3.72782	28	72.4168
-3.51569	28	72.5416
-3.30357	28	72.3653
-3.09145	28	72.2274
-2.87933	28	71.8097
-2.66721	28	71.4908
-2.45509	28	71.3384
-2.24297	28	71.2612
-2.03085	28	71.1142
-1.81872	28	71.0277
-1.6066	28	70.8753
-1.39448	28	70.7161
-1.18236	28	70.4549
-0.970239	28	69.6361
-0.758118	28	69.1671
-0.545997	28	68.915
-0.333876	28	68.6818
-0.121755	28	68.4241
0.0903666	28	68.1553
0.302488	28	67.8751
0.514609	28	67.5626
0.72673	28	67.2666
0.938851	28	66.9524
1.15097	28	66.6401
1.36309	28	66.3452
1.57522	28	66.0509
1.78734	28	65.7447
1.99946	28	65.4538
2.21158	28	65.1349
2.4237	28	64.8328
2.63582	28	64.5248
2.84794	28	64.2116
3.06006	28	63.9071
3.27218	28	63.5968
3.48431	28	63.2837
3.69643	28	62.9783
3.90855	28	62.658
4.12067	28	62.3453
4.33279	28	62.0323
4.54491	28	61.6997
4.75703	28	61.3877
4.96915	28	61.0446
5.18128	28	60.6896
5.3934	28	60.3227
5.60552	28	59.901
5.81764	28	59.4007
6.02976	28	58.7219
6.24188	28	57.7688
6.454	28	56.4694
6.66612	28	54.5687
6.87825	28	52.0034
7.09037	28	48.2828
7.30249	28	38.1707
7.51461	28	28.6907
7.72673	28	13.4108
7.93885	28	-11.2123
8.15097	28	-50.9696
8.36309	28	-115.484
8.57522	28	-220.479
8.78734	28	-100
8.99946	28	-100
9.21158	28	-100
9.4237	28	-100
9.63582	28	-100
9.84794	28	-100
10.0601	28	-100
10.2722	28	-100
10.4843	28	-100
10.6964	28	-100
10.9085	28	-100
11.1207	28	-100
11.3328	28	-100
11.5449	28	-100
11.757	28	-100
11.9692	28	-100
12.1813	28	-100
12.3934	28	-100
12.6055	28	-100
12.8176	28	-100
13.0298	28	-100
13.2419	28	-100
13.454	28	-100
13.6661	28	-100
13.8782	28	-100
14.0904	28	-100
14.3025	28	-100
14.5146	28	-100
14.7267	28	-100
14.9389	28	-100
15.151	28	-100
15.3631	28	-100
15.5752	28	-100
15.7873	28	-100
15.9995	28	-100
-5.00054	29	71.233
-4.78842	29	71.4452
-4.5763	29	71.6573
-4.36418	29	71.8694
-4.15206	29	72.0815
-3.93994	29	72.2937
-3.72782	29	72.5049
-3.51569	29	72.4104
-3.30357	29	72.417
-3.09145	29	72.292
-2.87933	29	71.8746
-2.66721	29	71.5557
-2.45509	29	71.4032
-2.24297	29	71.3234
-2.03085	29	71.1782
-1.81872	29	71.0921
-1.6066	29	70.9398
-1.39448	29	70.7806
-1.18236	29	70.5193
-0.970239	29	69.6993
-0.758118	29	69.229
-0.545997	29	68.977
-0.333876	29	68.7438
-0.121755	29	68.486
0.0903666	29	68.217
0.302488	29	67.9365
0.514609	29	67.6236
0.72673	29	67.3272
0.938851	29	67.0123
1.15097	29	66.6996
1.36309	29	66.4043
1.57522	29	66.1097
1.78734	29	65.8033
1.99946	29	65.5121
2.21158	29	65.1929
2.4237	29	64.8905
2.63582	29	64.5822
2.84794	29	64.2688
3.06006	29	63.9641
3.27218	29	63.6536
3.48431	29	63.3403
3.69643	29	63.0346
3.90855	29	62.7142
4.12067	29	62.4012
4.33279	29	62.0881
4.54491	29	61.7554
4.75703	29	61.4432
4.96915	29	61.1
5.18128	29	60.7449
5.3934	29	60.3779
5.60552	29	59.956
5.81764	29	59.4557
6.02976	29	58.7764
6.24188	29	57.8235
6.454	29	56.5271
6.66612	29	54.6317
6.87825	29	52.0682
7.09037	29	48.3477
7.30249	29	38.2355
7.51461	29	28.7556
7.72673	29	13.4757
7.93885	29	-11.1475
8.15097	29	-50.9047
8.36309	29	-115.419
8.57522	29	-220.414
8.78734	29	-100
8.99946	29	-100
9.21158	29	-100
9.4237	29	-100
9.63582	29	-100
9.84794	29	-100
10.0601	29	-100
10.2722	29	-100
10.4843	29	-100
10.6964	29	-100
10.9085	29	-100
11.1207	29	-100
11.3328	29	-100
11.5449	29	-100
11.757	29	-100
11.9692	29	-100
12.1813	29	-100
12.3934	29	-100
12.6055	29	-100
12.8176	29	-100
13.0298	29	-100
13.2419	29	-100
13.454	29	-100
13.6661	29	-100
13.8782	29	-100
14.0904	29	-100
14.3025	29	-100
14.5146	29	-100
14.7267	29	-100
14.9389	29	-100
15.151	29	-100
15.3631	29	-100
15.5752	29	-100
15.7873	29	-100
15.9995	29	-100
