-1.10212e+00  -2.52521e-01  -1.00817e-01  -4.92248e-02  -2.71948e-02  -1.54378e-02  -8.41151e-03  -4.71015e-03  -2.66718e-03  -8.87472e-04  
8.48056e-03  2.36746e-01  -1.50749e-02  -6.54218e-03  -3.58031e-03  -1.89578e-03  -8.26780e-04  -4.69722e-04  -2.69812e-04  -1.05399e-04  
2.65801e-03  7.75002e-03  3.40428e-01  1.45878e-02  5.41763e-03  2.69834e-03  1.33459e-03  7.71432e-04  4.11660e-04  1.40716e-04  
0.00000e+00  0.00000e+00  0.00000e+00  2.18759e-01  1.37787e-02  6.01562e-03  3.12375e-03  1.61082e-03  9.08125e-04  3.33265e-04  
0.00000e+00  0.00000e+00  0.00000e+00  7.65087e-04  9.73532e-02  7.92299e-03  2.89633e-03  1.51182e-03  8.44910e-04  3.01811e-04  
0.00000e+00  0.00000e+00  0.00000e+00  0.00000e+00  3.87697e-03  8.25930e-02  5.83602e-03  2.58052e-03  1.36393e-03  4.74898e-04  
0.00000e+00  0.00000e+00  0.00000e+00  0.00000e+00  0.00000e+00  1.13200e-03  4.72250e-02  2.86591e-03  1.17615e-03  4.17991e-04  
0.00000e+00  0.00000e+00  0.00000e+00  0.00000e+00  0.00000e+00  5.39880e-05  1.16824e-03  3.23183e-02  1.92011e-03  5.21212e-04  
0.00000e+00  0.00000e+00  0.00000e+00  0.00000e+00  0.00000e+00  0.00000e+00  2.04693e-04  2.51480e-04  1.83869e-02  6.80617e-04  
0.00000e+00  0.00000e+00  0.00000e+00  0.00000e+00  0.00000e+00  0.00000e+00  0.00000e+00  0.00000e+00  3.53734e-04  4.25133e-03  
