5.483761   0.000000
5.483761   -0.000000
-5.483761   0.000000
-5.483761   -0.000000
5.407062   0.913960
5.407062   -0.913960
-5.407062   0.913960
-5.407062   -0.913960
8.164175   0.000000
8.164175   -0.000000
-8.164175   0.000000
-8.164175   -0.000000
8.049985   1.360696
8.049985   -1.360696
-8.049985   1.360696
-8.049985   -1.360696
7.697258   2.721392
7.697258   -2.721392
-7.697258   2.721392
-7.697258   -2.721392
10.844588   0.000000
10.844588   -0.000000
-10.844588   0.000000
-10.844588   -0.000000
10.692908   1.807431
10.692908   -1.807431
-10.692908   1.807431
-10.692908   -1.807431
10.224376   3.614863
10.224376   -3.614863
-10.224376   3.614863
-10.224376   -3.614863
9.391689   5.422294
9.391689   -5.422294
-9.391689   5.422294
-9.391689   -5.422294
13.525002   0.000000
13.525002   -0.000000
-13.525002   0.000000
-13.525002   -0.000000
13.335832   2.254167
13.335832   -2.254167
-13.335832   2.254167
-13.335832   -2.254167
12.751494   4.508334
12.751494   -4.508334
-12.751494   4.508334
-12.751494   -4.508334
11.712995   6.762501
11.712995   -6.762501
-11.712995   6.762501
-11.712995   -6.762501
16.205415   0.000000
16.205415   -0.000000
-16.205415   0.000000
-16.205415   -0.000000
15.978755   2.700903
15.978755   -2.700903
-15.978755   2.700903
-15.978755   -2.700903
15.278612   5.401805
15.278612   -5.401805
-15.278612   5.401805
-15.278612   -5.401805
14.034301   8.102708
14.034301   -8.102708
-14.034301   8.102708
-14.034301   -8.102708
18.885829   0.000000
18.885829   -0.000000
-18.885829   0.000000
-18.885829   -0.000000
18.621678   3.147638
18.621678   -3.147638
-18.621678   3.147638
-18.621678   -3.147638
17.805730   6.295276
17.805730   -6.295276
-17.805730   6.295276
-17.805730   -6.295276
16.355608   9.442914
16.355608   -9.442914
-16.355608   9.442914
-16.355608   -9.442914
21.566242   0.000000
21.566242   -0.000000
-21.566242   0.000000
-21.566242   -0.000000
21.264602   3.594374
21.264602   -3.594374
-21.264602   3.594374
-21.264602   -3.594374
20.332848   7.188747
20.332848   -7.188747
-20.332848   7.188747
-20.332848   -7.188747
18.676914   10.783121
18.676914   -10.783121
-18.676914   10.783121
-18.676914   -10.783121
24.246656   0.000000
24.246656   -0.000000
-24.246656   0.000000
-24.246656   -0.000000
23.907525   4.041109
23.907525   -4.041109
-23.907525   4.041109
-23.907525   -4.041109
22.859966   8.082219
22.859966   -8.082219
-22.859966   8.082219
-22.859966   -8.082219
20.998220   12.123328
20.998220   -12.123328
-20.998220   12.123328
-20.998220   -12.123328
26.927069   0.000000
26.927069   -0.000000
-26.927069   0.000000
-26.927069   -0.000000
26.550449   4.487845
26.550449   -4.487845
-26.550449   4.487845
-26.550449   -4.487845
25.387085   8.975690
25.387085   -8.975690
-25.387085   8.975690
-25.387085   -8.975690
23.319526   13.463535
23.319526   -13.463535
-23.319526   13.463535
-23.319526   -13.463535
29.607483   0.000000
29.607483   -0.000000
-29.607483   0.000000
-29.607483   -0.000000
29.193372   4.934580
29.193372   -4.934580
-29.193372   4.934580
-29.193372   -4.934580
27.914203   9.869161
27.914203   -9.869161
-27.914203   9.869161
-27.914203   -9.869161
25.640832   14.803741
25.640832   -14.803741
-25.640832   14.803741
-25.640832   -14.803741
32.287896   0.000000
32.287896   -0.000000
-32.287896   0.000000
-32.287896   -0.000000
31.836295   5.381316
31.836295   -5.381316
-31.836295   5.381316
-31.836295   -5.381316
30.441321   10.762632
30.441321   -10.762632
-30.441321   10.762632
-30.441321   -10.762632
27.962139   16.143948
27.962139   -16.143948
-27.962139   16.143948
-27.962139   -16.143948
34.968310   0.000000
34.968310   -0.000000
-34.968310   0.000000
-34.968310   -0.000000
34.479219   5.828052
34.479219   -5.828052
-34.479219   5.828052
-34.479219   -5.828052
32.968439   11.656103
32.968439   -11.656103
-32.968439   11.656103
-32.968439   -11.656103
30.283445   17.484155
30.283445   -17.484155
-30.283445   17.484155
-30.283445   -17.484155
37.648723   0.000000
37.648723   -0.000000
-37.648723   0.000000
-37.648723   -0.000000
37.122142   6.274787
37.122142   -6.274787
-37.122142   6.274787
-37.122142   -6.274787
35.495557   12.549574
35.495557   -12.549574
-35.495557   12.549574
-35.495557   -12.549574
32.604751   18.824362
32.604751   -18.824362
-32.604751   18.824362
-32.604751   -18.824362
40.329137   0.000000
40.329137   -0.000000
-40.329137   0.000000
-40.329137   -0.000000
39.765065   6.721523
39.765065   -6.721523
-39.765065   6.721523
-39.765065   -6.721523
38.022675   13.443046
38.022675   -13.443046
-38.022675   13.443046
-38.022675   -13.443046
34.926057   20.164568
34.926057   -20.164568
-34.926057   20.164568
-34.926057   -20.164568
43.009550   0.000000
43.009550   -0.000000
-43.009550   0.000000
-43.009550   -0.000000
42.407989   7.168258
42.407989   -7.168258
-42.407989   7.168258
-42.407989   -7.168258
40.549793   14.336517
40.549793   -14.336517
-40.549793   14.336517
-40.549793   -14.336517
37.247363   21.504775
37.247363   -21.504775
-37.247363   21.504775
-37.247363   -21.504775
45.689964   0.000000
45.689964   -0.000000
-45.689964   0.000000
-45.689964   -0.000000
45.050912   7.614994
45.050912   -7.614994
-45.050912   7.614994
-45.050912   -7.614994
43.076911   15.229988
43.076911   -15.229988
-43.076911   15.229988
-43.076911   -15.229988
39.568669   22.844982
39.568669   -22.844982
-39.568669   22.844982
-39.568669   -22.844982
48.370377   0.000000
48.370377   -0.000000
-48.370377   0.000000
-48.370377   -0.000000
47.693835   8.061730
47.693835   -8.061730
-47.693835   8.061730
-47.693835   -8.061730
45.604029   16.123459
45.604029   -16.123459
-45.604029   16.123459
-45.604029   -16.123459
41.889976   24.185189
41.889976   -24.185189
-41.889976   24.185189
-41.889976   -24.185189
51.050791   0.000000
51.050791   -0.000000
-51.050791   0.000000
-51.050791   -0.000000
50.336759   8.508465
50.336759   -8.508465
-50.336759   8.508465
-50.336759   -8.508465
48.131147   17.016930
48.131147   -17.016930
-48.131147   17.016930
-48.131147   -17.016930
44.211282   25.525395
44.211282   -25.525395
-44.211282   25.525395
-44.211282   -25.525395
53.731204   0.000000
53.731204   -0.000000
-53.731204   0.000000
-53.731204   -0.000000
52.979682   8.955201
52.979682   -8.955201
-52.979682   8.955201
-52.979682   -8.955201
50.658265   17.910401
50.658265   -17.910401
-50.658265   17.910401
-50.658265   -17.910401
46.532588   26.865602
46.532588   -26.865602
-46.532588   26.865602
-46.532588   -26.865602
56.411618   0.000000
56.411618   -0.000000
-56.411618   0.000000
-56.411618   -0.000000
55.622605   9.401936
55.622605   -9.401936
-55.622605   9.401936
-55.622605   -9.401936
53.185383   18.803873
53.185383   -18.803873
-53.185383   18.803873
-53.185383   -18.803873
