5.483761   0.000000
5.483761   -0.000000
-5.483761   0.000000
-5.483761   -0.000000
5.456274   0.548376
5.456274   -0.548376
-5.456274   0.548376
-5.456274   -0.548376
5.372967   1.096752
5.372967   -1.096752
-5.372967   1.096752
-5.372967   -1.096752
8.164175   0.000000
8.164175   -0.000000
-8.164175   0.000000
-8.164175   -0.000000
8.123251   0.816417
8.123251   -0.816417
-8.123251   0.816417
-8.123251   -0.816417
7.999225   1.632835
7.999225   -1.632835
-7.999225   1.632835
-7.999225   -1.632835
7.788127   2.449252
7.788127   -2.449252
-7.788127   2.449252
-7.788127   -2.449252
7.482590   3.265670
7.482590   -3.265670
-7.482590   3.265670
-7.482590   -3.265670
10.844588   0.000000
10.844588   -0.000000
-10.844588   0.000000
-10.844588   -0.000000
10.790229   1.084459
10.790229   -1.084459
-10.790229   1.084459
-10.790229   -1.084459
10.625483   2.168918
10.625483   -2.168918
-10.625483   2.168918
-10.625483   -2.168918
10.345078   3.253377
10.345078   -3.253377
-10.345078   3.253377
-10.345078   -3.253377
9.939229   4.337835
9.939229   -4.337835
-9.939229   4.337835
-9.939229   -4.337835
9.391689   5.422294
9.391689   -5.422294
-9.391689   5.422294
-9.391689   -5.422294
13.525002   0.000000
13.525002   -0.000000
-13.525002   0.000000
-13.525002   -0.000000
13.457207   1.352500
13.457207   -1.352500
-13.457207   1.352500
-13.457207   -1.352500
13.251741   2.705000
13.251741   -2.705000
-13.251741   2.705000
-13.251741   -2.705000
12.902030   4.057501
12.902030   -4.057501
-12.902030   4.057501
-12.902030   -4.057501
12.395869   5.410001
12.395869   -5.410001
-12.395869   5.410001
-12.395869   -5.410001
11.712995   6.762501
11.712995   -6.762501
-11.712995   6.762501
-11.712995   -6.762501
16.205415   0.000000
16.205415   -0.000000
-16.205415   0.000000
-16.205415   -0.000000
16.124185   1.620542
16.124185   -1.620542
-16.124185   1.620542
-16.124185   -1.620542
15.878000   3.241083
15.878000   -3.241083
-15.878000   3.241083
-15.878000   -3.241083
15.458981   4.861625
15.458981   -4.861625
-15.458981   4.861625
-15.458981   -4.861625
14.852509   6.482166
14.852509   -6.482166
-14.852509   6.482166
-14.852509   -6.482166
14.034301   8.102708
14.034301   -8.102708
-14.034301   8.102708
-14.034301   -8.102708
18.885829   0.000000
18.885829   -0.000000
-18.885829   0.000000
-18.885829   -0.000000
18.791163   1.888583
18.791163   -1.888583
-18.791163   1.888583
-18.791163   -1.888583
18.504258   3.777166
18.504258   -3.777166
-18.504258   3.777166
-18.504258   -3.777166
18.015933   5.665749
18.015933   -5.665749
-18.015933   5.665749
-18.015933   -5.665749
17.309148   7.554332
17.309148   -7.554332
-17.309148   7.554332
-17.309148   -7.554332
16.355608   9.442914
16.355608   -9.442914
-16.355608   9.442914
-16.355608   -9.442914
21.566242   0.000000
21.566242   -0.000000
-21.566242   0.000000
-21.566242   -0.000000
21.458140   2.156624
21.458140   -2.156624
-21.458140   2.156624
-21.458140   -2.156624
21.130516   4.313248
21.130516   -4.313248
-21.130516   4.313248
-21.130516   -4.313248
20.572884   6.469873
20.572884   -6.469873
-20.572884   6.469873
-20.572884   -6.469873
19.765788   8.626497
19.765788   -8.626497
-19.765788   8.626497
-19.765788   -8.626497
18.676914   10.783121
18.676914   -10.783121
-18.676914   10.783121
-18.676914   -10.783121
24.246656   0.000000
24.246656   -0.000000
-24.246656   0.000000
-24.246656   -0.000000
24.125118   2.424666
24.125118   -2.424666
-24.125118   2.424666
-24.125118   -2.424666
23.756774   4.849331
23.756774   -4.849331
-23.756774   4.849331
-23.756774   -4.849331
23.129836   7.273997
23.129836   -7.273997
-23.129836   7.273997
-23.129836   -7.273997
22.222427   9.698662
22.222427   -9.698662
-22.222427   9.698662
-22.222427   -9.698662
20.998220   12.123328
20.998220   -12.123328
-20.998220   12.123328
-20.998220   -12.123328
26.927069   0.000000
26.927069   -0.000000
-26.927069   0.000000
-26.927069   -0.000000
26.792096   2.692707
26.792096   -2.692707
-26.792096   2.692707
-26.792096   -2.692707
26.383032   5.385414
26.383032   -5.385414
-26.383032   5.385414
-26.383032   -5.385414
25.686787   8.078121
25.686787   -8.078121
-25.686787   8.078121
-25.686787   -8.078121
24.679067   10.770828
24.679067   -10.770828
-24.679067   10.770828
-24.679067   -10.770828
23.319526   13.463535
23.319526   -13.463535
-23.319526   13.463535
-23.319526   -13.463535
29.607483   0.000000
29.607483   -0.000000
-29.607483   0.000000
-29.607483   -0.000000
29.459074   2.960748
29.459074   -2.960748
-29.459074   2.960748
-29.459074   -2.960748
29.009290   5.921497
29.009290   -5.921497
-29.009290   5.921497
-29.009290   -5.921497
28.243739   8.882245
28.243739   -8.882245
-28.243739   8.882245
-28.243739   -8.882245
27.135706   11.842993
27.135706   -11.842993
-27.135706   11.842993
-27.135706   -11.842993
25.640832   14.803741
25.640832   -14.803741
-25.640832   14.803741
-25.640832   -14.803741
32.287896   0.000000
32.287896   -0.000000
-32.287896   0.000000
-32.287896   -0.000000
32.126051   3.228790
32.126051   -3.228790
-32.126051   3.228790
-32.126051   -3.228790
31.635548   6.457579
31.635548   -6.457579
-31.635548   6.457579
-31.635548   -6.457579
30.800690   9.686369
30.800690   -9.686369
-30.800690   9.686369
-30.800690   -9.686369
29.592346   12.915159
29.592346   -12.915159
-29.592346   12.915159
-29.592346   -12.915159
27.962139   16.143948
27.962139   -16.143948
-27.962139   16.143948
-27.962139   -16.143948
34.968310   0.000000
34.968310   -0.000000
-34.968310   0.000000
-34.968310   -0.000000
34.793029   3.496831
34.793029   -3.496831
-34.793029   3.496831
-34.793029   -3.496831
34.261807   6.993662
34.261807   -6.993662
-34.261807   6.993662
-34.261807   -6.993662
33.357642   10.490493
33.357642   -10.490493
-33.357642   10.490493
-33.357642   -10.490493
32.048985   13.987324
32.048985   -13.987324
-32.048985   13.987324
-32.048985   -13.987324
30.283445   17.484155
30.283445   -17.484155
-30.283445   17.484155
-30.283445   -17.484155
37.648723   0.000000
37.648723   -0.000000
-37.648723   0.000000
-37.648723   -0.000000
37.460007   3.764872
37.460007   -3.764872
-37.460007   3.764872
-37.460007   -3.764872
36.888065   7.529745
36.888065   -7.529745
-36.888065   7.529745
-36.888065   -7.529745
35.914593   11.294617
35.914593   -11.294617
-35.914593   11.294617
-35.914593   -11.294617
34.505625   15.059489
34.505625   -15.059489
-34.505625   15.059489
-34.505625   -15.059489
32.604751   18.824362
32.604751   -18.824362
-32.604751   18.824362
-32.604751   -18.824362
40.329137   0.000000
40.329137   -0.000000
-40.329137   0.000000
-40.329137   -0.000000
40.126985   4.032914
40.126985   -4.032914
-40.126985   4.032914
-40.126985   -4.032914
39.514323   8.065827
39.514323   -8.065827
-39.514323   8.065827
-39.514323   -8.065827
38.471545   12.098741
38.471545   -12.098741
-38.471545   12.098741
-38.471545   -12.098741
36.962265   16.131655
36.962265   -16.131655
-36.962265   16.131655
-36.962265   -16.131655
34.926057   20.164568
34.926057   -20.164568
-34.926057   20.164568
-34.926057   -20.164568
43.009550   0.000000
43.009550   -0.000000
-43.009550   0.000000
-43.009550   -0.000000
42.793962   4.300955
42.793962   -4.300955
-42.793962   4.300955
-42.793962   -4.300955
42.140581   8.601910
42.140581   -8.601910
-42.140581   8.601910
-42.140581   -8.601910
41.028496   12.902865
41.028496   -12.902865
-41.028496   12.902865
-41.028496   -12.902865
39.418904   17.203820
39.418904   -17.203820
-39.418904   17.203820
-39.418904   -17.203820
37.247363   21.504775
37.247363   -21.504775
-37.247363   21.504775
-37.247363   -21.504775
45.689964   0.000000
45.689964   -0.000000
-45.689964   0.000000
-45.689964   -0.000000
45.460940   4.568996
45.460940   -4.568996
-45.460940   4.568996
-45.460940   -4.568996
44.766839   9.137993
44.766839   -9.137993
-44.766839   9.137993
-44.766839   -9.137993
43.585448   13.706989
43.585448   -13.706989
-43.585448   13.706989
-43.585448   -13.706989
41.875544   18.275986
41.875544   -18.275986
-41.875544   18.275986
-41.875544   -18.275986
39.568669   22.844982
39.568669   -22.844982
-39.568669   22.844982
-39.568669   -22.844982
48.370377   0.000000
48.370377   -0.000000
-48.370377   0.000000
-48.370377   -0.000000
48.127918   4.837038
48.127918   -4.837038
-48.127918   4.837038
-48.127918   -4.837038
47.393097   9.674075
47.393097   -9.674075
-47.393097   9.674075
-47.393097   -9.674075
46.142399   14.511113
46.142399   -14.511113
-46.142399   14.511113
-46.142399   -14.511113
44.332183   19.348151
44.332183   -19.348151
-44.332183   19.348151
-44.332183   -19.348151
41.889976   24.185189
41.889976   -24.185189
-41.889976   24.185189
-41.889976   -24.185189
51.050791   0.000000
51.050791   -0.000000
-51.050791   0.000000
-51.050791   -0.000000
50.794896   5.105079
50.794896   -5.105079
-50.794896   5.105079
-50.794896   -5.105079
50.019355   10.210158
50.019355   -10.210158
-50.019355   10.210158
-50.019355   -10.210158
48.699351   15.315237
48.699351   -15.315237
-48.699351   15.315237
-48.699351   -15.315237
46.788823   20.420316
46.788823   -20.420316
-46.788823   20.420316
-46.788823   -20.420316
44.211282   25.525395
44.211282   -25.525395
-44.211282   25.525395
-44.211282   -25.525395
53.731204   0.000000
53.731204   -0.000000
-53.731204   0.000000
-53.731204   -0.000000
53.461873   5.373120
53.461873   -5.373120
-53.461873   5.373120
-53.461873   -5.373120
52.645614   10.746241
52.645614   -10.746241
-52.645614   10.746241
-52.645614   -10.746241
51.256302   16.119361
51.256302   -16.119361
-51.256302   16.119361
-51.256302   -16.119361
49.245462   21.492482
49.245462   -21.492482
-49.245462   21.492482
-49.245462   -21.492482
46.532588   26.865602
46.532588   -26.865602
-46.532588   26.865602
-46.532588   -26.865602
56.411618   0.000000
56.411618   -0.000000
-56.411618   0.000000
-56.411618   -0.000000
56.128851   5.641162
56.128851   -5.641162
-56.128851   5.641162
-56.128851   -5.641162
55.271872   11.282324
55.271872   -11.282324
-55.271872   11.282324
-55.271872   -11.282324
53.813254   16.923485
53.813254   -16.923485
-53.813254   16.923485
-53.813254   -16.923485
