6.823968   0.000000
6.823968   -0.000000
-6.823968   0.000000
-6.823968   -0.000000
6.728523   1.137328
6.728523   -1.137328
-6.728523   1.137328
-6.728523   -1.137328
6.433699   2.274656
6.433699   -2.274656
-6.433699   2.274656
-6.433699   -2.274656
12.184795   0.000000
12.184795   -0.000000
-12.184795   0.000000
-12.184795   -0.000000
12.014370   2.030799
12.014370   -2.030799
-12.014370   2.030799
-12.014370   -2.030799
11.487935   4.061598
11.487935   -4.061598
-11.487935   4.061598
-11.487935   -4.061598
10.552342   6.092398
10.552342   -6.092398
-10.552342   6.092398
-10.552342   -6.092398
17.545622   0.000000
17.545622   -0.000000
-17.545622   0.000000
-17.545622   -0.000000
17.300217   2.924270
17.300217   -2.924270
-17.300217   2.924270
-17.300217   -2.924270
16.542171   5.848541
16.542171   -5.848541
-16.542171   5.848541
-16.542171   -5.848541
15.194955   8.772811
15.194955   -8.772811
-15.194955   8.772811
-15.194955   -8.772811
22.906449   0.000000
22.906449   -0.000000
-22.906449   0.000000
-22.906449   -0.000000
22.586063   3.817742
22.586063   -3.817742
-22.586063   3.817742
-22.586063   -3.817742
21.596407   7.635483
21.596407   -7.635483
-21.596407   7.635483
-21.596407   -7.635483
19.837567   11.453225
19.837567   -11.453225
-19.837567   11.453225
-19.837567   -11.453225
28.267276   0.000000
28.267276   -0.000000
-28.267276   0.000000
-28.267276   -0.000000
27.871910   4.711213
27.871910   -4.711213
-27.871910   4.711213
-27.871910   -4.711213
26.650644   9.422425
26.650644   -9.422425
-26.650644   9.422425
-26.650644   -9.422425
24.480179   14.133638
24.480179   -14.133638
-24.480179   14.133638
-24.480179   -14.133638
33.628103   0.000000
33.628103   -0.000000
-33.628103   0.000000
-33.628103   -0.000000
33.157757   5.604684
33.157757   -5.604684
-33.157757   5.604684
-33.157757   -5.604684
31.704880   11.209368
31.704880   -11.209368
-31.704880   11.209368
-31.704880   -11.209368
29.122792   16.814052
29.122792   -16.814052
-29.122792   16.814052
-29.122792   -16.814052
38.988930   0.000000
38.988930   -0.000000
-38.988930   0.000000
-38.988930   -0.000000
38.443604   6.498155
38.443604   -6.498155
-38.443604   6.498155
-38.443604   -6.498155
36.759116   12.996310
36.759116   -12.996310
-36.759116   12.996310
-36.759116   -12.996310
33.765404   19.494465
33.765404   -19.494465
-33.765404   19.494465
-33.765404   -19.494465
44.349757   0.000000
44.349757   -0.000000
-44.349757   0.000000
-44.349757   -0.000000
43.729450   7.391626
43.729450   -7.391626
-43.729450   7.391626
-43.729450   -7.391626
41.813352   14.783252
41.813352   -14.783252
-41.813352   14.783252
-41.813352   -14.783252
38.408016   22.174879
38.408016   -22.174879
-38.408016   22.174879
-38.408016   -22.174879
49.710584   0.000000
49.710584   -0.000000
-49.710584   0.000000
-49.710584   -0.000000
49.015297   8.285097
49.015297   -8.285097
-49.015297   8.285097
-49.015297   -8.285097
46.867588   16.570195
46.867588   -16.570195
-46.867588   16.570195
-46.867588   -16.570195
43.050629   24.855292
43.050629   -24.855292
-43.050629   24.855292
-43.050629   -24.855292
55.071411   0.000000
55.071411   -0.000000
-55.071411   0.000000
-55.071411   -0.000000
54.301144   9.178569
54.301144   -9.178569
-54.301144   9.178569
-54.301144   -9.178569
51.921824   18.357137
51.921824   -18.357137
-51.921824   18.357137
-51.921824   -18.357137
