frecuency [Hz]    Bremss    Synchr IC_Bremss IC_Synchr
	4.38286  7.85e+15
	4.81e+00  2.02e+16
	5.23e+00  5.22e+16
	5.65e+00  1.34e+17
	6.07e+00  3.45e+17
	6.50e+00  8.88e+17
	6.92e+00  2.28e+18
	7.34e+00  5.85e+18
	7.76e+00  1.50e+19
	8.18e+00  3.84e+19
	8.61e+00  9.83e+19
	9.03e+00  2.51e+20
	9.45e+00  6.41e+20
	9.87e+00  1.63e+21
	1.03e+01  4.16e+21
	1.07e+01  1.07e+22
	1.11e+01  2.83e+22
	1.16e+01  9.60e+22
	1.20e+01  6.92e+23
	1.24e+01  1.01e+25
	1.28e+01  1.79e+26
	1.33e+01  3.30e+27
	1.37e+01  6.10e+28
	1.41e+01  1.13e+30
	1.45e+01  2.36e+28
	1.49e+01  1.05e+26
	1.54e+01  2.58e+26
	1.58e+01  6.33e+26
	1.62e+01  1.54e+27
	1.66e+01  3.72e+27
	1.71e+01  8.90e+27
	1.75e+01  2.10e+28
	1.79e+01  4.90e+28
	1.83e+01  1.11e+29
	1.87e+01  2.45e+29
	1.92e+01  5.02e+29
	1.96e+01  8.99e+29
	2.00e+01  1.18e+30
	2.04e+01  6.90e+29
	2.09e+01  9.42e+28
	2.13e+01  2.73e+26
	2.17e+01  3.12e+19
	2.21e+01  6.38e+00
	2.25e+01  1.06e-49
	2.30e+01 1.01e-181
	2.34e+01  0.00e+00
	2.38e+01  0.00e+00
	2.42e+01  0.00e+00
	2.47e+01  0.00e+00
	2.51e+01  0.00e+00
