Log(E/eV)	r [M]	Theta	Synchr	Brems ei
6	5.43847	-0.890006	0	-7.45536
6.19794	5.43847	-0.692068	0	-7.29623
6.39588	5.43847	-0.494129	0	-7.18002
6.59381	5.43847	-0.296191	0	-7.08844
6.79175	5.43847	-0.098253	0	-7.01284
6.98969	5.43847	0.0996851	0	-6.94848
7.18763	5.43847	0.297623	0	-6.89243
7.38557	5.43847	0.495561	0	-6.8428
7.58351	5.43847	0.6935	0	-6.79826
7.78144	5.43847	0.891438	0	-6.75787
7.97938	5.43847	1.08938	0	-6.72091
8.17732	5.43847	1.28731	0	-6.68686
8.37526	5.43847	1.48525	0	-6.65528
8.5732	5.43847	1.68319	0	-6.62585
8.77113	5.43847	1.88113	0	-6.59828
8.96907	5.43847	2.07907	0	-6.57236
9.16701	5.43847	2.277	0	-6.5479
9.36495	5.43847	2.47494	0	-6.52474
9.56289	5.43847	2.67288	0	-6.50276
9.76083	5.43847	2.87082	0	-6.48184
9.95876	5.43847	3.06876	0	-6.46187
10.1567	5.43847	3.2667	0	-6.44279
10.3546	5.43847	3.46463	0	-6.42451
10.5526	5.43847	3.66257	0	-6.40696
10.7505	5.43847	3.86051	0	-6.3901
10.9485	5.43847	4.05845	0	-6.37387
11.1464	5.43847	4.25639	0	-6.35823
11.3443	5.43847	4.45432	0	-6.34312
11.5423	5.43847	4.65226	0	-6.32853
11.7402	5.43847	4.8502	0	-6.31441
11.9381	5.43847	5.04814	0	-6.30073
12.1361	5.43847	5.24608	0	-6.28747
12.334	5.43847	5.44402	0	-6.27461
12.532	5.43847	5.64195	0	-6.26211
12.7299	5.43847	5.83989	0	-6.24997
12.9278	5.43847	6.03783	0	-6.23815
13.1258	5.43847	6.23577	0	-6.22665
13.3237	5.43847	6.43371	0	-6.21545
13.5217	5.43847	6.63164	0	-6.20452
13.7196	5.43847	6.82958	0	-6.19387
13.9175	5.43847	7.02752	0	-6.18347
14.1155	5.43847	7.22546	0	-6.17331
14.3134	5.43847	7.4234	0	-6.16338
14.5113	5.43847	7.62134	0	-6.15368
14.7093	5.43847	7.81927	0	-6.14419
14.9072	5.43847	8.01721	0	-6.1349
15.1052	5.43847	8.21515	0	-6.12581
15.3031	5.43847	8.41309	0	-6.1169
15.501	5.43847	8.61103	0	-6.10817
15.699	5.43847	8.80896	0	-6.09962
6	6.63494	-2.7582	0	-8.57628
6.19794	6.63494	-2.56026	0	-8.41714
6.39588	6.63494	-2.36232	0	-8.30094
6.59381	6.63494	-2.16439	0	-8.20936
6.79175	6.63494	-1.96645	0	-8.13376
6.98969	6.63494	-1.76851	0	-8.0694
7.18763	6.63494	-1.57057	0	-8.01335
7.38557	6.63494	-1.37263	0	-7.96372
7.58351	6.63494	-1.1747	0	-7.91918
7.78144	6.63494	-0.976758	0	-7.87879
7.97938	6.63494	-0.778819	0	-7.84183
8.17732	6.63494	-0.580881	0	-7.80778
8.37526	6.63494	-0.382943	0	-7.7762
8.5732	6.63494	-0.185005	0	-7.74677
8.77113	6.63494	0.0129332	0	-7.7192
8.96907	6.63494	0.210871	0	-7.69328
9.16701	6.63494	0.40881	0	-7.66882
9.36495	6.63494	0.606748	0	-7.64566
9.56289	6.63494	0.804686	0	-7.62368
9.76083	6.63494	1.00262	0	-7.60275
9.95876	6.63494	1.20056	0	-7.58279
10.1567	6.63494	1.3985	0	-7.56371
10.3546	6.63494	1.59644	0	-7.54542
10.5526	6.63494	1.79438	0	-7.52788
10.7505	6.63494	1.99231	0	-7.51102
10.9485	6.63494	2.19025	0	-7.49479
11.1464	6.63494	2.38819	0	-7.47914
11.3443	6.63494	2.58613	0	-7.46404
11.5423	6.63494	2.78407	0	-7.44945
11.7402	6.63494	2.98201	0	-7.43532
11.9381	6.63494	3.17994	0	-7.42165
12.1361	6.63494	3.37788	0	-7.40839
12.334	6.63494	3.57582	0	-7.39553
12.532	6.63494	3.77376	0	-7.38303
12.7299	6.63494	3.9717	0	-7.37089
12.9278	6.63494	4.16963	0	-7.35907
13.1258	6.63494	4.36757	0	-7.34757
13.3237	6.63494	4.56551	0	-7.33636
13.5217	6.63494	4.76345	0	-7.32544
13.7196	6.63494	4.96139	0	-7.31478
13.9175	6.63494	5.15933	0	-7.30438
14.1155	6.63494	5.35726	0	-7.29423
14.3134	6.63494	5.5552	0	-7.2843
14.5113	6.63494	5.75314	0	-7.2746
14.7093	6.63494	5.95108	0	-7.26511
14.9072	6.63494	6.14902	0	-7.25582
15.1052	6.63494	6.34695	0	-7.24672
15.3031	6.63494	6.54489	0	-7.23782
15.501	6.63494	6.74283	0	-7.22909
15.699	6.63494	6.94077	0	-7.22053
6	7.8314	-6.34056	0	-10.7257
6.19794	7.8314	-6.14262	0	-10.5666
6.39588	7.8314	-5.94468	0	-10.4504
6.59381	7.8314	-5.74674	0	-10.3588
6.79175	7.8314	-5.54881	0	-10.2832
6.98969	7.8314	-5.35087	0	-10.2188
7.18763	7.8314	-5.15293	0	-10.1628
7.38557	7.8314	-4.95499	0	-10.1131
7.58351	7.8314	-4.75705	0	-10.0686
7.78144	7.8314	-4.55912	0	-10.0282
7.97938	7.8314	-4.36118	0	-9.99125
8.17732	7.8314	-4.16324	0	-9.95719
8.37526	7.8314	-3.9653	0	-9.92562
8.5732	7.8314	-3.76736	0	-9.89618
8.77113	7.8314	-3.56943	0	-9.86861
8.96907	7.8314	-3.37149	0	-9.84269
9.16701	7.8314	-3.17355	0	-9.81823
9.36495	7.8314	-2.97561	0	-9.79508
9.56289	7.8314	-2.77767	0	-9.77309
9.76083	7.8314	-2.57973	0	-9.75217
9.95876	7.8314	-2.3818	0	-9.73221
10.1567	7.8314	-2.18386	0	-9.71312
10.3546	7.8314	-1.98592	0	-9.69484
10.5526	7.8314	-1.78798	0	-9.6773
10.7505	7.8314	-1.59004	0	-9.66044
10.9485	7.8314	-1.39211	0	-9.6442
11.1464	7.8314	-1.19417	0	-9.62856
11.3443	7.8314	-0.996229	0	-9.61345
11.5423	7.8314	-0.798291	0	-9.59886
11.7402	7.8314	-0.600353	0	-9.58474
11.9381	7.8314	-0.402414	0	-9.57106
12.1361	7.8314	-0.204476	0	-9.55781
12.334	7.8314	-0.00653817	0	-9.54494
12.532	7.8314	0.1914	0	-9.53245
12.7299	7.8314	0.389338	0	-9.5203
12.9278	7.8314	0.587276	0	-9.50849
13.1258	7.8314	0.785214	0	-9.49698
13.3237	7.8314	0.983153	0	-9.48578
13.5217	7.8314	1.18109	0	-9.47485
13.7196	7.8314	1.37903	0	-9.4642
13.9175	7.8314	1.57697	0	-9.4538
14.1155	7.8314	1.77491	0	-9.44364
14.3134	7.8314	1.97284	0	-9.43372
14.5113	7.8314	2.17078	0	-9.42401
14.7093	7.8314	2.36872	0	-9.41452
14.9072	7.8314	2.56666	0	-9.40523
15.1052	7.8314	2.7646	0	-9.39614
15.3031	7.8314	2.96253	0	-9.38723
15.501	7.8314	3.16047	0	-9.3785
15.699	7.8314	3.35841	0	-9.36995
6	9.02786	-10.2241	0	-13.0558
6.19794	9.02786	-10.0262	0	-12.8967
6.39588	9.02786	-9.82825	0	-12.7805
6.59381	9.02786	-9.63031	0	-12.6889
6.79175	9.02786	-9.43237	0	-12.6133
6.98969	9.02786	-9.23444	0	-12.549
7.18763	9.02786	-9.0365	0	-12.4929
7.38557	9.02786	-8.83856	0	-12.4433
7.58351	9.02786	-8.64062	0	-12.3987
7.78144	9.02786	-8.44268	0	-12.3583
7.97938	9.02786	-8.24475	0	-12.3214
8.17732	9.02786	-8.04681	0	-12.2873
8.37526	9.02786	-7.84887	0	-12.2558
8.5732	9.02786	-7.65093	0	-12.2263
8.77113	9.02786	-7.45299	0	-12.1988
8.96907	9.02786	-7.25505	0	-12.1728
9.16701	9.02786	-7.05712	0	-12.1484
9.36495	9.02786	-6.85918	0	-12.1252
9.56289	9.02786	-6.66124	0	-12.1032
9.76083	9.02786	-6.4633	0	-12.0823
9.95876	9.02786	-6.26536	0	-12.0623
10.1567	9.02786	-6.06743	0	-12.0433
10.3546	9.02786	-5.86949	0	-12.025
10.5526	9.02786	-5.67155	0	-12.0074
10.7505	9.02786	-5.47361	0	-11.9906
10.9485	9.02786	-5.27567	0	-11.9743
11.1464	9.02786	-5.07773	0	-11.9587
11.3443	9.02786	-4.8798	0	-11.9436
11.5423	9.02786	-4.68186	0	-11.929
11.7402	9.02786	-4.48392	0	-11.9149
11.9381	9.02786	-4.28598	0	-11.9012
12.1361	9.02786	-4.08804	0	-11.8879
12.334	9.02786	-3.89011	0	-11.8751
12.532	9.02786	-3.69217	0	-11.8626
12.7299	9.02786	-3.49423	0	-11.8504
12.9278	9.02786	-3.29629	0	-11.8386
13.1258	9.02786	-3.09835	0	-11.8271
13.3237	9.02786	-2.90041	0	-11.8159
13.5217	9.02786	-2.70248	0	-11.805
13.7196	9.02786	-2.50454	0	-11.7943
13.9175	9.02786	-2.3066	0	-11.7839
14.1155	9.02786	-2.10866	0	-11.7738
14.3134	9.02786	-1.91072	0	-11.7639
14.5113	9.02786	-1.71279	0	-11.7542
14.7093	9.02786	-1.51485	0	-11.7447
14.9072	9.02786	-1.31691	0	-11.7354
15.1052	9.02786	-1.11897	0	-11.7263
15.3031	9.02786	-0.921033	0	-11.7174
15.501	9.02786	-0.723095	0	-11.7086
15.699	9.02786	-0.525157	0	-11.7001
6	10.2243	-13.9434	0	-15.2874
6.19794	10.2243	-13.7454	0	-15.1282
6.39588	10.2243	-13.5475	0	-15.012
6.59381	10.2243	-13.3496	0	-14.9205
6.79175	10.2243	-13.1516	0	-14.8449
6.98969	10.2243	-12.9537	0	-14.7805
7.18763	10.2243	-12.7557	0	-14.7245
7.38557	10.2243	-12.5578	0	-14.6748
7.58351	10.2243	-12.3599	0	-14.6303
7.78144	10.2243	-12.1619	0	-14.5899
7.97938	10.2243	-11.964	0	-14.5529
8.17732	10.2243	-11.7661	0	-14.5189
8.37526	10.2243	-11.5681	0	-14.4873
8.5732	10.2243	-11.3702	0	-14.4579
8.77113	10.2243	-11.1722	0	-14.4303
8.96907	10.2243	-10.9743	0	-14.4044
9.16701	10.2243	-10.7764	0	-14.3799
9.36495	10.2243	-10.5784	0	-14.3568
9.56289	10.2243	-10.3805	0	-14.3348
9.76083	10.2243	-10.1825	0	-14.3139
9.95876	10.2243	-9.98461	0	-14.2939
10.1567	10.2243	-9.78667	0	-14.2748
10.3546	10.2243	-9.58873	0	-14.2565
10.5526	10.2243	-9.3908	0	-14.239
10.7505	10.2243	-9.19286	0	-14.2221
10.9485	10.2243	-8.99492	0	-14.2059
11.1464	10.2243	-8.79698	0	-14.1902
11.3443	10.2243	-8.59904	0	-14.1751
11.5423	10.2243	-8.40111	0	-14.1605
11.7402	10.2243	-8.20317	0	-14.1464
11.9381	10.2243	-8.00523	0	-14.1328
12.1361	10.2243	-7.80729	0	-14.1195
12.334	10.2243	-7.60935	0	-14.1066
12.532	10.2243	-7.41141	0	-14.0941
12.7299	10.2243	-7.21348	0	-14.082
12.9278	10.2243	-7.01554	0	-14.0702
13.1258	10.2243	-6.8176	0	-14.0587
13.3237	10.2243	-6.61966	0	-14.0475
13.5217	10.2243	-6.42172	0	-14.0365
13.7196	10.2243	-6.22379	0	-14.0259
13.9175	10.2243	-6.02585	0	-14.0155
14.1155	10.2243	-5.82791	0	-14.0053
14.3134	10.2243	-5.62997	0	-13.9954
14.5113	10.2243	-5.43203	0	-13.9857
14.7093	10.2243	-5.23409	0	-13.9762
14.9072	10.2243	-5.03616	0	-13.9669
15.1052	10.2243	-4.83822	0	-13.9578
15.3031	10.2243	-4.64028	0	-13.9489
15.501	10.2243	-4.44234	0	-13.9402
15.699	10.2243	-4.2444	0	-13.9316
6	5.43847	-2.28152	0.11424	-8.29027
6.19794	5.43847	-2.08358	0.11424	-8.13114
6.39588	5.43847	-1.88564	0.11424	-8.01493
6.59381	5.43847	-1.68771	0.11424	-7.92335
6.79175	5.43847	-1.48977	0.11424	-7.84775
6.98969	5.43847	-1.29183	0.11424	-7.78339
7.18763	5.43847	-1.09389	0.11424	-7.72734
7.38557	5.43847	-0.895952	0.11424	-7.67771
7.58351	5.43847	-0.698014	0.11424	-7.63317
7.78144	5.43847	-0.500076	0.11424	-7.59278
7.97938	5.43847	-0.302138	0.11424	-7.55582
8.17732	5.43847	-0.1042	0.11424	-7.52177
8.37526	5.43847	0.0937383	0.11424	-7.49019
8.5732	5.43847	0.291677	0.11424	-7.46076
8.77113	5.43847	0.489615	0.11424	-7.43319
8.96907	5.43847	0.687553	0.11424	-7.40727
9.16701	5.43847	0.885491	0.11424	-7.38281
9.36495	5.43847	1.08343	0.11424	-7.35965
9.56289	5.43847	1.28137	0.11424	-7.33767
9.76083	5.43847	1.47931	0.11424	-7.31674
9.95876	5.43847	1.67724	0.11424	-7.29678
10.1567	5.43847	1.87518	0.11424	-7.2777
10.3546	5.43847	2.07312	0.11424	-7.25942
10.5526	5.43847	2.27106	0.11424	-7.24187
10.7505	5.43847	2.469	0.11424	-7.22501
10.9485	5.43847	2.66693	0.11424	-7.20878
11.1464	5.43847	2.86487	0.11424	-7.19313
11.3443	5.43847	3.06281	0.11424	-7.17803
11.5423	5.43847	3.26075	0.11424	-7.16344
11.7402	5.43847	3.45869	0.11424	-7.14932
11.9381	5.43847	3.65663	0.11424	-7.13564
12.1361	5.43847	3.85456	0.11424	-7.12238
12.334	5.43847	4.0525	0.11424	-7.10952
12.532	5.43847	4.25044	0.11424	-7.09702
12.7299	5.43847	4.44838	0.11424	-7.08488
12.9278	5.43847	4.64632	0.11424	-7.07306
13.1258	5.43847	4.84425	0.11424	-7.06156
13.3237	5.43847	5.04219	0.11424	-7.05035
13.5217	5.43847	5.24013	0.11424	-7.03943
13.7196	5.43847	5.43807	0.11424	-7.02877
13.9175	5.43847	5.63601	0.11424	-7.01837
14.1155	5.43847	5.83395	0.11424	-7.00822
14.3134	5.43847	6.03188	0.11424	-6.99829
14.5113	5.43847	6.22982	0.11424	-6.98859
14.7093	5.43847	6.42776	0.11424	-6.9791
14.9072	5.43847	6.6257	0.11424	-6.96981
15.1052	5.43847	6.82364	0.11424	-6.96072
15.3031	5.43847	7.02157	0.11424	-6.95181
15.501	5.43847	7.21951	0.11424	-6.94308
15.699	5.43847	7.41745	0.11424	-6.93452
6	6.63494	-3.69688	0.11424	-9.13948
6.19794	6.63494	-3.49894	0.11424	-8.98035
6.39588	6.63494	-3.301	0.11424	-8.86415
6.59381	6.63494	-3.10306	0.11424	-8.77256
6.79175	6.63494	-2.90513	0.11424	-8.69697
6.98969	6.63494	-2.70719	0.11424	-8.6326
7.18763	6.63494	-2.50925	0.11424	-8.57656
7.38557	6.63494	-2.31131	0.11424	-8.52692
7.58351	6.63494	-2.11337	0.11424	-8.48238
7.78144	6.63494	-1.91544	0.11424	-8.44199
7.97938	6.63494	-1.7175	0.11424	-8.40504
8.17732	6.63494	-1.51956	0.11424	-8.37098
8.37526	6.63494	-1.32162	0.11424	-8.33941
8.5732	6.63494	-1.12368	0.11424	-8.30997
8.77113	6.63494	-0.925745	0.11424	-8.28241
8.96907	6.63494	-0.727807	0.11424	-8.25648
9.16701	6.63494	-0.529868	0.11424	-8.23202
9.36495	6.63494	-0.33193	0.11424	-8.20887
9.56289	6.63494	-0.133992	0.11424	-8.18688
9.76083	6.63494	0.063946	0.11424	-8.16596
9.95876	6.63494	0.261884	0.11424	-8.146
10.1567	6.63494	0.459822	0.11424	-8.12691
10.3546	6.63494	0.657761	0.11424	-8.10863
10.5526	6.63494	0.855699	0.11424	-8.09109
10.7505	6.63494	1.05364	0.11424	-8.07423
10.9485	6.63494	1.25157	0.11424	-8.058
11.1464	6.63494	1.44951	0.11424	-8.04235
11.3443	6.63494	1.64745	0.11424	-8.02725
11.5423	6.63494	1.84539	0.11424	-8.01265
11.7402	6.63494	2.04333	0.11424	-7.99853
11.9381	6.63494	2.24127	0.11424	-7.98486
12.1361	6.63494	2.4392	0.11424	-7.9716
12.334	6.63494	2.63714	0.11424	-7.95873
12.532	6.63494	2.83508	0.11424	-7.94624
12.7299	6.63494	3.03302	0.11424	-7.93409
12.9278	6.63494	3.23096	0.11424	-7.92228
13.1258	6.63494	3.42889	0.11424	-7.91077
13.3237	6.63494	3.62683	0.11424	-7.89957
13.5217	6.63494	3.82477	0.11424	-7.88865
13.7196	6.63494	4.02271	0.11424	-7.87799
13.9175	6.63494	4.22065	0.11424	-7.86759
14.1155	6.63494	4.41859	0.11424	-7.85743
14.3134	6.63494	4.61652	0.11424	-7.84751
14.5113	6.63494	4.81446	0.11424	-7.8378
14.7093	6.63494	5.0124	0.11424	-7.82831
14.9072	6.63494	5.21034	0.11424	-7.81903
15.1052	6.63494	5.40828	0.11424	-7.80993
15.3031	6.63494	5.60621	0.11424	-7.80102
15.501	6.63494	5.80415	0.11424	-7.7923
15.699	6.63494	6.00209	0.11424	-7.78374
6	7.8314	-7.02002	0.11424	-11.1334
6.19794	7.8314	-6.82209	0.11424	-10.9742
6.39588	7.8314	-6.62415	0.11424	-10.858
6.59381	7.8314	-6.42621	0.11424	-10.7664
6.79175	7.8314	-6.22827	0.11424	-10.6909
6.98969	7.8314	-6.03033	0.11424	-10.6265
7.18763	7.8314	-5.8324	0.11424	-10.5704
7.38557	7.8314	-5.63446	0.11424	-10.5208
7.58351	7.8314	-5.43652	0.11424	-10.4763
7.78144	7.8314	-5.23858	0.11424	-10.4359
7.97938	7.8314	-5.04064	0.11424	-10.3989
8.17732	7.8314	-4.8427	0.11424	-10.3649
8.37526	7.8314	-4.64477	0.11424	-10.3333
8.5732	7.8314	-4.44683	0.11424	-10.3039
8.77113	7.8314	-4.24889	0.11424	-10.2763
8.96907	7.8314	-4.05095	0.11424	-10.2504
9.16701	7.8314	-3.85301	0.11424	-10.2259
9.36495	7.8314	-3.65508	0.11424	-10.2028
9.56289	7.8314	-3.45714	0.11424	-10.1808
9.76083	7.8314	-3.2592	0.11424	-10.1598
9.95876	7.8314	-3.06126	0.11424	-10.1399
10.1567	7.8314	-2.86332	0.11424	-10.1208
10.3546	7.8314	-2.66538	0.11424	-10.1025
10.5526	7.8314	-2.46745	0.11424	-10.085
10.7505	7.8314	-2.26951	0.11424	-10.0681
10.9485	7.8314	-2.07157	0.11424	-10.0519
11.1464	7.8314	-1.87363	0.11424	-10.0362
11.3443	7.8314	-1.67569	0.11424	-10.0211
11.5423	7.8314	-1.47776	0.11424	-10.0065
11.7402	7.8314	-1.27982	0.11424	-9.99242
11.9381	7.8314	-1.08188	0.11424	-9.97874
12.1361	7.8314	-0.883941	0.11424	-9.96549
12.334	7.8314	-0.686003	0.11424	-9.95262
12.532	7.8314	-0.488065	0.11424	-9.94012
12.7299	7.8314	-0.290126	0.11424	-9.92798
12.9278	7.8314	-0.0921883	0.11424	-9.91616
13.1258	7.8314	0.10575	0.11424	-9.90466
13.3237	7.8314	0.303688	0.11424	-9.89346
13.5217	7.8314	0.501626	0.11424	-9.88253
13.7196	7.8314	0.699564	0.11424	-9.87188
13.9175	7.8314	0.897503	0.11424	-9.86148
14.1155	7.8314	1.09544	0.11424	-9.85132
14.3134	7.8314	1.29338	0.11424	-9.84139
14.5113	7.8314	1.49132	0.11424	-9.83169
14.7093	7.8314	1.68926	0.11424	-9.8222
14.9072	7.8314	1.88719	0.11424	-9.81291
15.1052	7.8314	2.08513	0.11424	-9.80382
15.3031	7.8314	2.28307	0.11424	-9.79491
15.501	7.8314	2.48101	0.11424	-9.78618
15.699	7.8314	2.67895	0.11424	-9.77763
6	9.02786	-10.7402	0.11424	-13.3655
6.19794	9.02786	-10.5422	0.11424	-13.2063
6.39588	9.02786	-10.3443	0.11424	-13.0901
6.59381	9.02786	-10.1464	0.11424	-12.9985
6.79175	9.02786	-9.94843	0.11424	-12.923
6.98969	9.02786	-9.75049	0.11424	-12.8586
7.18763	9.02786	-9.55256	0.11424	-12.8025
7.38557	9.02786	-9.35462	0.11424	-12.7529
7.58351	9.02786	-9.15668	0.11424	-12.7084
7.78144	9.02786	-8.95874	0.11424	-12.668
7.97938	9.02786	-8.7608	0.11424	-12.631
8.17732	9.02786	-8.56287	0.11424	-12.597
8.37526	9.02786	-8.36493	0.11424	-12.5654
8.5732	9.02786	-8.16699	0.11424	-12.536
8.77113	9.02786	-7.96905	0.11424	-12.5084
8.96907	9.02786	-7.77111	0.11424	-12.4825
9.16701	9.02786	-7.57317	0.11424	-12.458
9.36495	9.02786	-7.37524	0.11424	-12.4349
9.56289	9.02786	-7.1773	0.11424	-12.4129
9.76083	9.02786	-6.97936	0.11424	-12.3919
9.95876	9.02786	-6.78142	0.11424	-12.372
10.1567	9.02786	-6.58348	0.11424	-12.3529
10.3546	9.02786	-6.38555	0.11424	-12.3346
10.5526	9.02786	-6.18761	0.11424	-12.3171
10.7505	9.02786	-5.98967	0.11424	-12.3002
10.9485	9.02786	-5.79173	0.11424	-12.284
11.1464	9.02786	-5.59379	0.11424	-12.2683
11.3443	9.02786	-5.39585	0.11424	-12.2532
11.5423	9.02786	-5.19792	0.11424	-12.2386
11.7402	9.02786	-4.99998	0.11424	-12.2245
11.9381	9.02786	-4.80204	0.11424	-12.2108
12.1361	9.02786	-4.6041	0.11424	-12.1976
12.334	9.02786	-4.40616	0.11424	-12.1847
12.532	9.02786	-4.20823	0.11424	-12.1722
12.7299	9.02786	-4.01029	0.11424	-12.1601
12.9278	9.02786	-3.81235	0.11424	-12.1483
13.1258	9.02786	-3.61441	0.11424	-12.1368
13.3237	9.02786	-3.41647	0.11424	-12.1256
13.5217	9.02786	-3.21853	0.11424	-12.1146
13.7196	9.02786	-3.0206	0.11424	-12.104
13.9175	9.02786	-2.82266	0.11424	-12.0936
14.1155	9.02786	-2.62472	0.11424	-12.0834
14.3134	9.02786	-2.42678	0.11424	-12.0735
14.5113	9.02786	-2.22884	0.11424	-12.0638
14.7093	9.02786	-2.03091	0.11424	-12.0543
14.9072	9.02786	-1.83297	0.11424	-12.045
15.1052	9.02786	-1.63503	0.11424	-12.0359
15.3031	9.02786	-1.43709	0.11424	-12.027
15.501	9.02786	-1.23915	0.11424	-12.0183
15.699	9.02786	-1.04122	0.11424	-12.0097
6	10.2243	-14.3493	0.11424	-15.531
6.19794	10.2243	-14.1514	0.11424	-15.3718
6.39588	10.2243	-13.9535	0.11424	-15.2556
6.59381	10.2243	-13.7555	0.11424	-15.164
6.79175	10.2243	-13.5576	0.11424	-15.0884
6.98969	10.2243	-13.3596	0.11424	-15.0241
7.18763	10.2243	-13.1617	0.11424	-14.968
7.38557	10.2243	-12.9638	0.11424	-14.9184
7.58351	10.2243	-12.7658	0.11424	-14.8739
7.78144	10.2243	-12.5679	0.11424	-14.8335
7.97938	10.2243	-12.3699	0.11424	-14.7965
8.17732	10.2243	-12.172	0.11424	-14.7625
8.37526	10.2243	-11.9741	0.11424	-14.7309
8.5732	10.2243	-11.7761	0.11424	-14.7014
8.77113	10.2243	-11.5782	0.11424	-14.6739
8.96907	10.2243	-11.3803	0.11424	-14.648
9.16701	10.2243	-11.1823	0.11424	-14.6235
9.36495	10.2243	-10.9844	0.11424	-14.6003
9.56289	10.2243	-10.7864	0.11424	-14.5784
9.76083	10.2243	-10.5885	0.11424	-14.5574
9.95876	10.2243	-10.3906	0.11424	-14.5375
10.1567	10.2243	-10.1926	0.11424	-14.5184
10.3546	10.2243	-9.99469	0.11424	-14.5001
10.5526	10.2243	-9.79675	0.11424	-14.4826
10.7505	10.2243	-9.59881	0.11424	-14.4657
10.9485	10.2243	-9.40087	0.11424	-14.4495
11.1464	10.2243	-9.20294	0.11424	-14.4338
11.3443	10.2243	-9.005	0.11424	-14.4187
11.5423	10.2243	-8.80706	0.11424	-14.4041
11.7402	10.2243	-8.60912	0.11424	-14.39
11.9381	10.2243	-8.41118	0.11424	-14.3763
12.1361	10.2243	-8.21325	0.11424	-14.3631
12.334	10.2243	-8.01531	0.11424	-14.3502
12.532	10.2243	-7.81737	0.11424	-14.3377
12.7299	10.2243	-7.61943	0.11424	-14.3256
12.9278	10.2243	-7.42149	0.11424	-14.3137
13.1258	10.2243	-7.22355	0.11424	-14.3022
13.3237	10.2243	-7.02562	0.11424	-14.291
13.5217	10.2243	-6.82768	0.11424	-14.2801
13.7196	10.2243	-6.62974	0.11424	-14.2695
13.9175	10.2243	-6.4318	0.11424	-14.2591
14.1155	10.2243	-6.23386	0.11424	-14.2489
14.3134	10.2243	-6.03593	0.11424	-14.239
14.5113	10.2243	-5.83799	0.11424	-14.2293
14.7093	10.2243	-5.64005	0.11424	-14.2198
14.9072	10.2243	-5.44211	0.11424	-14.2105
15.1052	10.2243	-5.24417	0.11424	-14.2014
15.3031	10.2243	-5.04623	0.11424	-14.1925
15.501	10.2243	-4.8483	0.11424	-14.1838
15.699	10.2243	-4.65036	0.11424	-14.1752
6	5.43847	-6.63204	0.228479	-10.9006
6.19794	5.43847	-6.4341	0.228479	-10.7414
6.39588	5.43847	-6.23617	0.228479	-10.6252
6.59381	5.43847	-6.03823	0.228479	-10.5337
6.79175	5.43847	-5.84029	0.228479	-10.4581
6.98969	5.43847	-5.64235	0.228479	-10.3937
7.18763	5.43847	-5.44441	0.228479	-10.3377
7.38557	5.43847	-5.24647	0.228479	-10.288
7.58351	5.43847	-5.04854	0.228479	-10.2435
7.78144	5.43847	-4.8506	0.228479	-10.2031
7.97938	5.43847	-4.65266	0.228479	-10.1661
8.17732	5.43847	-4.45472	0.228479	-10.1321
8.37526	5.43847	-4.25678	0.228479	-10.1005
8.5732	5.43847	-4.05885	0.228479	-10.0711
8.77113	5.43847	-3.86091	0.228479	-10.0435
8.96907	5.43847	-3.66297	0.228479	-10.0176
9.16701	5.43847	-3.46503	0.228479	-9.99312
9.36495	5.43847	-3.26709	0.228479	-9.96997
9.56289	5.43847	-3.06915	0.228479	-9.94798
9.76083	5.43847	-2.87122	0.228479	-9.92706
9.95876	5.43847	-2.67328	0.228479	-9.9071
10.1567	5.43847	-2.47534	0.228479	-9.88801
10.3546	5.43847	-2.2774	0.228479	-9.86973
10.5526	5.43847	-2.07946	0.228479	-9.85219
10.7505	5.43847	-1.88153	0.228479	-9.83532
10.9485	5.43847	-1.68359	0.228479	-9.81909
11.1464	5.43847	-1.48565	0.228479	-9.80345
11.3443	5.43847	-1.28771	0.228479	-9.78834
11.5423	5.43847	-1.08977	0.228479	-9.77375
11.7402	5.43847	-0.891835	0.228479	-9.75963
11.9381	5.43847	-0.693897	0.228479	-9.74595
12.1361	5.43847	-0.495958	0.228479	-9.7327
12.334	5.43847	-0.29802	0.228479	-9.71983
12.532	5.43847	-0.100082	0.228479	-9.70734
12.7299	5.43847	0.097856	0.228479	-9.69519
12.9278	5.43847	0.295794	0.228479	-9.68337
13.1258	5.43847	0.493732	0.228479	-9.67187
13.3237	5.43847	0.691671	0.228479	-9.66067
13.5217	5.43847	0.889609	0.228479	-9.64974
13.7196	5.43847	1.08755	0.228479	-9.63909
13.9175	5.43847	1.28549	0.228479	-9.62869
14.1155	5.43847	1.48342	0.228479	-9.61853
14.3134	5.43847	1.68136	0.228479	-9.60861
14.5113	5.43847	1.8793	0.228479	-9.5989
14.7093	5.43847	2.07724	0.228479	-9.58941
14.9072	5.43847	2.27518	0.228479	-9.58012
15.1052	5.43847	2.47311	0.228479	-9.57103
15.3031	5.43847	2.67105	0.228479	-9.56212
15.501	5.43847	2.86899	0.228479	-9.55339
15.699	5.43847	3.06693	0.228479	-9.54484
6	6.63494	-6.62538	0.228479	-10.8966
6.19794	6.63494	-6.42744	0.228479	-10.7374
6.39588	6.63494	-6.2295	0.228479	-10.6212
6.59381	6.63494	-6.03156	0.228479	-10.5297
6.79175	6.63494	-5.83362	0.228479	-10.4541
6.98969	6.63494	-5.63569	0.228479	-10.3897
7.18763	6.63494	-5.43775	0.228479	-10.3337
7.38557	6.63494	-5.23981	0.228479	-10.284
7.58351	6.63494	-5.04187	0.228479	-10.2395
7.78144	6.63494	-4.84393	0.228479	-10.1991
7.97938	6.63494	-4.646	0.228479	-10.1621
8.17732	6.63494	-4.44806	0.228479	-10.1281
8.37526	6.63494	-4.25012	0.228479	-10.0965
8.5732	6.63494	-4.05218	0.228479	-10.0671
8.77113	6.63494	-3.85424	0.228479	-10.0395
8.96907	6.63494	-3.6563	0.228479	-10.0136
9.16701	6.63494	-3.45837	0.228479	-9.98912
9.36495	6.63494	-3.26043	0.228479	-9.96597
9.56289	6.63494	-3.06249	0.228479	-9.94398
9.76083	6.63494	-2.86455	0.228479	-9.92306
9.95876	6.63494	-2.66661	0.228479	-9.9031
10.1567	6.63494	-2.46868	0.228479	-9.88401
10.3546	6.63494	-2.27074	0.228479	-9.86573
10.5526	6.63494	-2.0728	0.228479	-9.84819
10.7505	6.63494	-1.87486	0.228479	-9.83133
10.9485	6.63494	-1.67692	0.228479	-9.81509
11.1464	6.63494	-1.47898	0.228479	-9.79945
11.3443	6.63494	-1.28105	0.228479	-9.78435
11.5423	6.63494	-1.08311	0.228479	-9.76975
11.7402	6.63494	-0.88517	0.228479	-9.75563
11.9381	6.63494	-0.687232	0.228479	-9.74195
12.1361	6.63494	-0.489294	0.228479	-9.7287
12.334	6.63494	-0.291355	0.228479	-9.71583
12.532	6.63494	-0.0934173	0.228479	-9.70334
12.7299	6.63494	0.104521	0.228479	-9.69119
12.9278	6.63494	0.302459	0.228479	-9.67938
13.1258	6.63494	0.500397	0.228479	-9.66787
13.3237	6.63494	0.698335	0.228479	-9.65667
13.5217	6.63494	0.896274	0.228479	-9.64574
13.7196	6.63494	1.09421	0.228479	-9.63509
13.9175	6.63494	1.29215	0.228479	-9.62469
14.1155	6.63494	1.49009	0.228479	-9.61453
14.3134	6.63494	1.68803	0.228479	-9.60461
14.5113	6.63494	1.88596	0.228479	-9.5949
14.7093	6.63494	2.0839	0.228479	-9.58541
14.9072	6.63494	2.28184	0.228479	-9.57612
15.1052	6.63494	2.47978	0.228479	-9.56703
15.3031	6.63494	2.67772	0.228479	-9.55812
15.501	6.63494	2.87566	0.228479	-9.54939
15.699	6.63494	3.07359	0.228479	-9.54084
6	7.8314	-9.13729	0.228479	-12.4037
6.19794	7.8314	-8.93935	0.228479	-12.2446
6.39588	7.8314	-8.74142	0.228479	-12.1284
6.59381	7.8314	-8.54348	0.228479	-12.0368
6.79175	7.8314	-8.34554	0.228479	-11.9612
6.98969	7.8314	-8.1476	0.228479	-11.8969
7.18763	7.8314	-7.94966	0.228479	-11.8408
7.38557	7.8314	-7.75172	0.228479	-11.7912
7.58351	7.8314	-7.55379	0.228479	-11.7466
7.78144	7.8314	-7.35585	0.228479	-11.7062
7.97938	7.8314	-7.15791	0.228479	-11.6693
8.17732	7.8314	-6.95997	0.228479	-11.6352
8.37526	7.8314	-6.76203	0.228479	-11.6037
8.5732	7.8314	-6.5641	0.228479	-11.5742
8.77113	7.8314	-6.36616	0.228479	-11.5467
8.96907	7.8314	-6.16822	0.228479	-11.5207
9.16701	7.8314	-5.97028	0.228479	-11.4963
9.36495	7.8314	-5.77234	0.228479	-11.4731
9.56289	7.8314	-5.5744	0.228479	-11.4511
9.76083	7.8314	-5.37647	0.228479	-11.4302
9.95876	7.8314	-5.17853	0.228479	-11.4102
10.1567	7.8314	-4.98059	0.228479	-11.3912
10.3546	7.8314	-4.78265	0.228479	-11.3729
10.5526	7.8314	-4.58471	0.228479	-11.3553
10.7505	7.8314	-4.38678	0.228479	-11.3385
10.9485	7.8314	-4.18884	0.228479	-11.3222
11.1464	7.8314	-3.9909	0.228479	-11.3066
11.3443	7.8314	-3.79296	0.228479	-11.2915
11.5423	7.8314	-3.59502	0.228479	-11.2769
11.7402	7.8314	-3.39709	0.228479	-11.2628
11.9381	7.8314	-3.19915	0.228479	-11.2491
12.1361	7.8314	-3.00121	0.228479	-11.2358
12.334	7.8314	-2.80327	0.228479	-11.223
12.532	7.8314	-2.60533	0.228479	-11.2105
12.7299	7.8314	-2.40739	0.228479	-11.1983
12.9278	7.8314	-2.20946	0.228479	-11.1865
13.1258	7.8314	-2.01152	0.228479	-11.175
13.3237	7.8314	-1.81358	0.228479	-11.1638
13.5217	7.8314	-1.61564	0.228479	-11.1529
13.7196	7.8314	-1.4177	0.228479	-11.1422
13.9175	7.8314	-1.21977	0.228479	-11.1318
14.1155	7.8314	-1.02183	0.228479	-11.1217
14.3134	7.8314	-0.823889	0.228479	-11.1118
14.5113	7.8314	-0.625951	0.228479	-11.1021
14.7093	7.8314	-0.428013	0.228479	-11.0926
14.9072	7.8314	-0.230075	0.228479	-11.0833
15.1052	7.8314	-0.0321364	0.228479	-11.0742
15.3031	7.8314	0.165802	0.228479	-11.0653
15.501	7.8314	0.36374	0.228479	-11.0565
15.699	7.8314	0.561678	0.228479	-11.048
6	9.02786	-12.3471	0.228479	-14.3296
6.19794	9.02786	-12.1491	0.228479	-14.1705
6.39588	9.02786	-11.9512	0.228479	-14.0543
6.59381	9.02786	-11.7533	0.228479	-13.9627
6.79175	9.02786	-11.5553	0.228479	-13.8871
6.98969	9.02786	-11.3574	0.228479	-13.8227
7.18763	9.02786	-11.1594	0.228479	-13.7667
7.38557	9.02786	-10.9615	0.228479	-13.717
7.58351	9.02786	-10.7636	0.228479	-13.6725
7.78144	9.02786	-10.5656	0.228479	-13.6321
7.97938	9.02786	-10.3677	0.228479	-13.5952
8.17732	9.02786	-10.1698	0.228479	-13.5611
8.37526	9.02786	-9.97182	0.228479	-13.5295
8.5732	9.02786	-9.77388	0.228479	-13.5001
8.77113	9.02786	-9.57594	0.228479	-13.4725
8.96907	9.02786	-9.378	0.228479	-13.4466
9.16701	9.02786	-9.18006	0.228479	-13.4221
9.36495	9.02786	-8.98213	0.228479	-13.399
9.56289	9.02786	-8.78419	0.228479	-13.377
9.76083	9.02786	-8.58625	0.228479	-13.3561
9.95876	9.02786	-8.38831	0.228479	-13.3361
10.1567	9.02786	-8.19037	0.228479	-13.317
10.3546	9.02786	-7.99244	0.228479	-13.2987
10.5526	9.02786	-7.7945	0.228479	-13.2812
10.7505	9.02786	-7.59656	0.228479	-13.2643
10.9485	9.02786	-7.39862	0.228479	-13.2481
11.1464	9.02786	-7.20068	0.228479	-13.2325
11.3443	9.02786	-7.00275	0.228479	-13.2174
11.5423	9.02786	-6.80481	0.228479	-13.2028
11.7402	9.02786	-6.60687	0.228479	-13.1886
11.9381	9.02786	-6.40893	0.228479	-13.175
12.1361	9.02786	-6.21099	0.228479	-13.1617
12.334	9.02786	-6.01305	0.228479	-13.1489
12.532	9.02786	-5.81512	0.228479	-13.1364
12.7299	9.02786	-5.61718	0.228479	-13.1242
12.9278	9.02786	-5.41924	0.228479	-13.1124
13.1258	9.02786	-5.2213	0.228479	-13.1009
13.3237	9.02786	-5.02336	0.228479	-13.0897
13.5217	9.02786	-4.82543	0.228479	-13.0788
13.7196	9.02786	-4.62749	0.228479	-13.0681
13.9175	9.02786	-4.42955	0.228479	-13.0577
14.1155	9.02786	-4.23161	0.228479	-13.0476
14.3134	9.02786	-4.03367	0.228479	-13.0376
14.5113	9.02786	-3.83573	0.228479	-13.0279
14.7093	9.02786	-3.6378	0.228479	-13.0184
14.9072	9.02786	-3.43986	0.228479	-13.0091
15.1052	9.02786	-3.24192	0.228479	-13
15.3031	9.02786	-3.04398	0.228479	-12.9911
15.501	9.02786	-2.84604	0.228479	-12.9824
15.699	9.02786	-2.64811	0.228479	-12.9739
6	10.2243	-15.6128	0.228479	-16.289
6.19794	10.2243	-15.4148	0.228479	-16.1299
6.39588	10.2243	-15.2169	0.228479	-16.0137
6.59381	10.2243	-15.0189	0.228479	-15.9221
6.79175	10.2243	-14.821	0.228479	-15.8465
6.98969	10.2243	-14.6231	0.228479	-15.7821
7.18763	10.2243	-14.4251	0.228479	-15.7261
7.38557	10.2243	-14.2272	0.228479	-15.6765
7.58351	10.2243	-14.0293	0.228479	-15.6319
7.78144	10.2243	-13.8313	0.228479	-15.5915
7.97938	10.2243	-13.6334	0.228479	-15.5546
8.17732	10.2243	-13.4354	0.228479	-15.5205
8.37526	10.2243	-13.2375	0.228479	-15.4889
8.5732	10.2243	-13.0396	0.228479	-15.4595
8.77113	10.2243	-12.8416	0.228479	-15.4319
8.96907	10.2243	-12.6437	0.228479	-15.406
9.16701	10.2243	-12.4457	0.228479	-15.3816
9.36495	10.2243	-12.2478	0.228479	-15.3584
9.56289	10.2243	-12.0499	0.228479	-15.3364
9.76083	10.2243	-11.8519	0.228479	-15.3155
9.95876	10.2243	-11.654	0.228479	-15.2955
10.1567	10.2243	-11.4561	0.228479	-15.2764
10.3546	10.2243	-11.2581	0.228479	-15.2582
10.5526	10.2243	-11.0602	0.228479	-15.2406
10.7505	10.2243	-10.8622	0.228479	-15.2238
10.9485	10.2243	-10.6643	0.228479	-15.2075
11.1464	10.2243	-10.4664	0.228479	-15.1919
11.3443	10.2243	-10.2684	0.228479	-15.1768
11.5423	10.2243	-10.0705	0.228479	-15.1622
11.7402	10.2243	-9.87255	0.228479	-15.1481
11.9381	10.2243	-9.67462	0.228479	-15.1344
12.1361	10.2243	-9.47668	0.228479	-15.1211
12.334	10.2243	-9.27874	0.228479	-15.1083
12.532	10.2243	-9.0808	0.228479	-15.0958
12.7299	10.2243	-8.88286	0.228479	-15.0836
12.9278	10.2243	-8.68492	0.228479	-15.0718
13.1258	10.2243	-8.48699	0.228479	-15.0603
13.3237	10.2243	-8.28905	0.228479	-15.0491
13.5217	10.2243	-8.09111	0.228479	-15.0382
13.7196	10.2243	-7.89317	0.228479	-15.0275
13.9175	10.2243	-7.69523	0.228479	-15.0171
14.1155	10.2243	-7.4973	0.228479	-15.007
14.3134	10.2243	-7.29936	0.228479	-14.997
14.5113	10.2243	-7.10142	0.228479	-14.9873
14.7093	10.2243	-6.90348	0.228479	-14.9778
14.9072	10.2243	-6.70554	0.228479	-14.9686
15.1052	10.2243	-6.5076	0.228479	-14.9595
15.3031	10.2243	-6.30967	0.228479	-14.9506
15.501	10.2243	-6.11173	0.228479	-14.9418
15.699	10.2243	-5.91379	0.228479	-14.9333
6	5.43847	-14.5244	0.342719	-15.636
6.19794	5.43847	-14.3265	0.342719	-15.4769
6.39588	5.43847	-14.1286	0.342719	-15.3607
6.59381	5.43847	-13.9306	0.342719	-15.2691
6.79175	5.43847	-13.7327	0.342719	-15.1935
6.98969	5.43847	-13.5347	0.342719	-15.1291
7.18763	5.43847	-13.3368	0.342719	-15.0731
7.38557	5.43847	-13.1389	0.342719	-15.0235
7.58351	5.43847	-12.9409	0.342719	-14.9789
7.78144	5.43847	-12.743	0.342719	-14.9385
7.97938	5.43847	-12.5451	0.342719	-14.9016
8.17732	5.43847	-12.3471	0.342719	-14.8675
8.37526	5.43847	-12.1492	0.342719	-14.8359
8.5732	5.43847	-11.9512	0.342719	-14.8065
8.77113	5.43847	-11.7533	0.342719	-14.7789
8.96907	5.43847	-11.5554	0.342719	-14.753
9.16701	5.43847	-11.3574	0.342719	-14.7286
9.36495	5.43847	-11.1595	0.342719	-14.7054
9.56289	5.43847	-10.9616	0.342719	-14.6834
9.76083	5.43847	-10.7636	0.342719	-14.6625
9.95876	5.43847	-10.5657	0.342719	-14.6425
10.1567	5.43847	-10.3677	0.342719	-14.6234
10.3546	5.43847	-10.1698	0.342719	-14.6052
10.5526	5.43847	-9.97186	0.342719	-14.5876
10.7505	5.43847	-9.77392	0.342719	-14.5708
10.9485	5.43847	-9.57598	0.342719	-14.5545
11.1464	5.43847	-9.37805	0.342719	-14.5389
11.3443	5.43847	-9.18011	0.342719	-14.5238
11.5423	5.43847	-8.98217	0.342719	-14.5092
11.7402	5.43847	-8.78423	0.342719	-14.4951
11.9381	5.43847	-8.58629	0.342719	-14.4814
12.1361	5.43847	-8.38835	0.342719	-14.4681
12.334	5.43847	-8.19042	0.342719	-14.4553
12.532	5.43847	-7.99248	0.342719	-14.4428
12.7299	5.43847	-7.79454	0.342719	-14.4306
12.9278	5.43847	-7.5966	0.342719	-14.4188
13.1258	5.43847	-7.39866	0.342719	-14.4073
13.3237	5.43847	-7.20073	0.342719	-14.3961
13.5217	5.43847	-7.00279	0.342719	-14.3852
13.7196	5.43847	-6.80485	0.342719	-14.3745
13.9175	5.43847	-6.60691	0.342719	-14.3641
14.1155	5.43847	-6.40897	0.342719	-14.354
14.3134	5.43847	-6.21103	0.342719	-14.344
14.5113	5.43847	-6.0131	0.342719	-14.3343
14.7093	5.43847	-5.81516	0.342719	-14.3248
14.9072	5.43847	-5.61722	0.342719	-14.3156
15.1052	5.43847	-5.41928	0.342719	-14.3065
15.3031	5.43847	-5.22134	0.342719	-14.2976
15.501	5.43847	-5.02341	0.342719	-14.2888
15.699	5.43847	-4.82547	0.342719	-14.2803
6	6.63494	-11.9134	0.342719	-14.0694
6.19794	6.63494	-11.7154	0.342719	-13.9102
6.39588	6.63494	-11.5175	0.342719	-13.794
6.59381	6.63494	-11.3195	0.342719	-13.7025
6.79175	6.63494	-11.1216	0.342719	-13.6269
6.98969	6.63494	-10.9237	0.342719	-13.5625
7.18763	6.63494	-10.7257	0.342719	-13.5064
7.38557	6.63494	-10.5278	0.342719	-13.4568
7.58351	6.63494	-10.3299	0.342719	-13.4123
7.78144	6.63494	-10.1319	0.342719	-13.3719
7.97938	6.63494	-9.93398	0.342719	-13.3349
8.17732	6.63494	-9.73604	0.342719	-13.3009
8.37526	6.63494	-9.53811	0.342719	-13.2693
8.5732	6.63494	-9.34017	0.342719	-13.2399
8.77113	6.63494	-9.14223	0.342719	-13.2123
8.96907	6.63494	-8.94429	0.342719	-13.1864
9.16701	6.63494	-8.74635	0.342719	-13.1619
9.36495	6.63494	-8.54841	0.342719	-13.1388
9.56289	6.63494	-8.35048	0.342719	-13.1168
9.76083	6.63494	-8.15254	0.342719	-13.0959
9.95876	6.63494	-7.9546	0.342719	-13.0759
10.1567	6.63494	-7.75666	0.342719	-13.0568
10.3546	6.63494	-7.55872	0.342719	-13.0385
10.5526	6.63494	-7.36079	0.342719	-13.021
10.7505	6.63494	-7.16285	0.342719	-13.0041
10.9485	6.63494	-6.96491	0.342719	-12.9879
11.1464	6.63494	-6.76697	0.342719	-12.9722
11.3443	6.63494	-6.56903	0.342719	-12.9571
11.5423	6.63494	-6.37109	0.342719	-12.9425
11.7402	6.63494	-6.17316	0.342719	-12.9284
11.9381	6.63494	-5.97522	0.342719	-12.9147
12.1361	6.63494	-5.77728	0.342719	-12.9015
12.334	6.63494	-5.57934	0.342719	-12.8886
12.532	6.63494	-5.3814	0.342719	-12.8761
12.7299	6.63494	-5.18347	0.342719	-12.864
12.9278	6.63494	-4.98553	0.342719	-12.8522
13.1258	6.63494	-4.78759	0.342719	-12.8407
13.3237	6.63494	-4.58965	0.342719	-12.8295
13.5217	6.63494	-4.39171	0.342719	-12.8185
13.7196	6.63494	-4.19378	0.342719	-12.8079
13.9175	6.63494	-3.99584	0.342719	-12.7975
14.1155	6.63494	-3.7979	0.342719	-12.7873
14.3134	6.63494	-3.59996	0.342719	-12.7774
14.5113	6.63494	-3.40202	0.342719	-12.7677
14.7093	6.63494	-3.20408	0.342719	-12.7582
14.9072	6.63494	-3.00615	0.342719	-12.7489
15.1052	6.63494	-2.80821	0.342719	-12.7398
15.3031	6.63494	-2.61027	0.342719	-12.7309
15.501	6.63494	-2.41233	0.342719	-12.7222
15.699	6.63494	-2.21439	0.342719	-12.7136
6	7.8314	-12.9505	0.342719	-14.6917
6.19794	7.8314	-12.7526	0.342719	-14.5325
6.39588	7.8314	-12.5546	0.342719	-14.4163
6.59381	7.8314	-12.3567	0.342719	-14.3247
6.79175	7.8314	-12.1588	0.342719	-14.2491
6.98969	7.8314	-11.9608	0.342719	-14.1848
7.18763	7.8314	-11.7629	0.342719	-14.1287
7.38557	7.8314	-11.5649	0.342719	-14.0791
7.58351	7.8314	-11.367	0.342719	-14.0346
7.78144	7.8314	-11.1691	0.342719	-13.9942
7.97938	7.8314	-10.9711	0.342719	-13.9572
8.17732	7.8314	-10.7732	0.342719	-13.9232
8.37526	7.8314	-10.5752	0.342719	-13.8916
8.5732	7.8314	-10.3773	0.342719	-13.8621
8.77113	7.8314	-10.1794	0.342719	-13.8346
8.96907	7.8314	-9.98143	0.342719	-13.8087
9.16701	7.8314	-9.78349	0.342719	-13.7842
9.36495	7.8314	-9.58556	0.342719	-13.761
9.56289	7.8314	-9.38762	0.342719	-13.7391
9.76083	7.8314	-9.18968	0.342719	-13.7181
9.95876	7.8314	-8.99174	0.342719	-13.6982
10.1567	7.8314	-8.7938	0.342719	-13.6791
10.3546	7.8314	-8.59587	0.342719	-13.6608
10.5526	7.8314	-8.39793	0.342719	-13.6433
10.7505	7.8314	-8.19999	0.342719	-13.6264
10.9485	7.8314	-8.00205	0.342719	-13.6102
11.1464	7.8314	-7.80411	0.342719	-13.5945
11.3443	7.8314	-7.60617	0.342719	-13.5794
11.5423	7.8314	-7.40824	0.342719	-13.5648
11.7402	7.8314	-7.2103	0.342719	-13.5507
11.9381	7.8314	-7.01236	0.342719	-13.537
12.1361	7.8314	-6.81442	0.342719	-13.5238
12.334	7.8314	-6.61648	0.342719	-13.5109
12.532	7.8314	-6.41855	0.342719	-13.4984
12.7299	7.8314	-6.22061	0.342719	-13.4863
12.9278	7.8314	-6.02267	0.342719	-13.4745
13.1258	7.8314	-5.82473	0.342719	-13.463
13.3237	7.8314	-5.62679	0.342719	-13.4517
13.5217	7.8314	-5.42885	0.342719	-13.4408
13.7196	7.8314	-5.23092	0.342719	-13.4302
13.9175	7.8314	-5.03298	0.342719	-13.4198
14.1155	7.8314	-4.83504	0.342719	-13.4096
14.3134	7.8314	-4.6371	0.342719	-13.3997
14.5113	7.8314	-4.43916	0.342719	-13.39
14.7093	7.8314	-4.24123	0.342719	-13.3805
14.9072	7.8314	-4.04329	0.342719	-13.3712
15.1052	7.8314	-3.84535	0.342719	-13.3621
15.3031	7.8314	-3.64741	0.342719	-13.3532
15.501	7.8314	-3.44947	0.342719	-13.3445
15.699	7.8314	-3.25154	0.342719	-13.3359
6	9.02786	-15.2364	0.342719	-16.0632
6.19794	9.02786	-15.0385	0.342719	-15.9041
6.39588	9.02786	-14.8406	0.342719	-15.7879
6.59381	9.02786	-14.6426	0.342719	-15.6963
6.79175	9.02786	-14.4447	0.342719	-15.6207
6.98969	9.02786	-14.2468	0.342719	-15.5563
7.18763	9.02786	-14.0488	0.342719	-15.5003
7.38557	9.02786	-13.8509	0.342719	-15.4507
7.58351	9.02786	-13.6529	0.342719	-15.4061
7.78144	9.02786	-13.455	0.342719	-15.3657
7.97938	9.02786	-13.2571	0.342719	-15.3288
8.17732	9.02786	-13.0591	0.342719	-15.2947
8.37526	9.02786	-12.8612	0.342719	-15.2631
8.5732	9.02786	-12.6632	0.342719	-15.2337
8.77113	9.02786	-12.4653	0.342719	-15.2061
8.96907	9.02786	-12.2674	0.342719	-15.1802
9.16701	9.02786	-12.0694	0.342719	-15.1558
9.36495	9.02786	-11.8715	0.342719	-15.1326
9.56289	9.02786	-11.6736	0.342719	-15.1106
9.76083	9.02786	-11.4756	0.342719	-15.0897
9.95876	9.02786	-11.2777	0.342719	-15.0697
10.1567	9.02786	-11.0797	0.342719	-15.0507
10.3546	9.02786	-10.8818	0.342719	-15.0324
10.5526	9.02786	-10.6839	0.342719	-15.0148
10.7505	9.02786	-10.4859	0.342719	-14.998
10.9485	9.02786	-10.288	0.342719	-14.9817
11.1464	9.02786	-10.0901	0.342719	-14.9661
11.3443	9.02786	-9.89211	0.342719	-14.951
11.5423	9.02786	-9.69417	0.342719	-14.9364
11.7402	9.02786	-9.49624	0.342719	-14.9223
11.9381	9.02786	-9.2983	0.342719	-14.9086
12.1361	9.02786	-9.10036	0.342719	-14.8953
12.334	9.02786	-8.90242	0.342719	-14.8825
12.532	9.02786	-8.70448	0.342719	-14.87
12.7299	9.02786	-8.50655	0.342719	-14.8578
12.9278	9.02786	-8.30861	0.342719	-14.846
13.1258	9.02786	-8.11067	0.342719	-14.8345
13.3237	9.02786	-7.91273	0.342719	-14.8233
13.5217	9.02786	-7.71479	0.342719	-14.8124
13.7196	9.02786	-7.51685	0.342719	-14.8017
13.9175	9.02786	-7.31892	0.342719	-14.7913
14.1155	9.02786	-7.12098	0.342719	-14.7812
14.3134	9.02786	-6.92304	0.342719	-14.7712
14.5113	9.02786	-6.7251	0.342719	-14.7615
14.7093	9.02786	-6.52716	0.342719	-14.7521
14.9072	9.02786	-6.32923	0.342719	-14.7428
15.1052	9.02786	-6.13129	0.342719	-14.7337
15.3031	9.02786	-5.93335	0.342719	-14.7248
15.501	9.02786	-5.73541	0.342719	-14.716
15.699	9.02786	-5.53747	0.342719	-14.7075
6	10.2243	-17.8821	0.342719	-17.6506
6.19794	10.2243	-17.6842	0.342719	-17.4915
6.39588	10.2243	-17.4863	0.342719	-17.3753
6.59381	10.2243	-17.2883	0.342719	-17.2837
6.79175	10.2243	-17.0904	0.342719	-17.2081
6.98969	10.2243	-16.8924	0.342719	-17.1438
7.18763	10.2243	-16.6945	0.342719	-17.0877
7.38557	10.2243	-16.4966	0.342719	-17.0381
7.58351	10.2243	-16.2986	0.342719	-16.9935
7.78144	10.2243	-16.1007	0.342719	-16.9531
7.97938	10.2243	-15.9027	0.342719	-16.9162
8.17732	10.2243	-15.7048	0.342719	-16.8821
8.37526	10.2243	-15.5069	0.342719	-16.8506
8.5732	10.2243	-15.3089	0.342719	-16.8211
8.77113	10.2243	-15.111	0.342719	-16.7936
8.96907	10.2243	-14.9131	0.342719	-16.7676
9.16701	10.2243	-14.7151	0.342719	-16.7432
9.36495	10.2243	-14.5172	0.342719	-16.72
9.56289	10.2243	-14.3192	0.342719	-16.698
9.76083	10.2243	-14.1213	0.342719	-16.6771
9.95876	10.2243	-13.9234	0.342719	-16.6571
10.1567	10.2243	-13.7254	0.342719	-16.6381
10.3546	10.2243	-13.5275	0.342719	-16.6198
10.5526	10.2243	-13.3296	0.342719	-16.6022
10.7505	10.2243	-13.1316	0.342719	-16.5854
10.9485	10.2243	-12.9337	0.342719	-16.5691
11.1464	10.2243	-12.7357	0.342719	-16.5535
11.3443	10.2243	-12.5378	0.342719	-16.5384
11.5423	10.2243	-12.3399	0.342719	-16.5238
11.7402	10.2243	-12.1419	0.342719	-16.5097
11.9381	10.2243	-11.944	0.342719	-16.496
12.1361	10.2243	-11.746	0.342719	-16.4827
12.334	10.2243	-11.5481	0.342719	-16.4699
12.532	10.2243	-11.3502	0.342719	-16.4574
12.7299	10.2243	-11.1522	0.342719	-16.4452
12.9278	10.2243	-10.9543	0.342719	-16.4334
13.1258	10.2243	-10.7564	0.342719	-16.4219
13.3237	10.2243	-10.5584	0.342719	-16.4107
13.5217	10.2243	-10.3605	0.342719	-16.3998
13.7196	10.2243	-10.1625	0.342719	-16.3891
13.9175	10.2243	-9.9646	0.342719	-16.3787
14.1155	10.2243	-9.76667	0.342719	-16.3686
14.3134	10.2243	-9.56873	0.342719	-16.3587
14.5113	10.2243	-9.37079	0.342719	-16.349
14.7093	10.2243	-9.17285	0.342719	-16.3395
14.9072	10.2243	-8.97491	0.342719	-16.3302
15.1052	10.2243	-8.77698	0.342719	-16.3211
15.3031	10.2243	-8.57904	0.342719	-16.3122
15.501	10.2243	-8.3811	0.342719	-16.3034
15.699	10.2243	-8.18316	0.342719	-16.2949
6	5.43847	-27.1465	0.456959	-23.2092
6.19794	5.43847	-26.9486	0.456959	-23.0501
6.39588	5.43847	-26.7506	0.456959	-22.9339
6.59381	5.43847	-26.5527	0.456959	-22.8423
6.79175	5.43847	-26.3547	0.456959	-22.7667
6.98969	5.43847	-26.1568	0.456959	-22.7024
7.18763	5.43847	-25.9589	0.456959	-22.6463
7.38557	5.43847	-25.7609	0.456959	-22.5967
7.58351	5.43847	-25.563	0.456959	-22.5522
7.78144	5.43847	-25.365	0.456959	-22.5118
7.97938	5.43847	-25.1671	0.456959	-22.4748
8.17732	5.43847	-24.9692	0.456959	-22.4408
8.37526	5.43847	-24.7712	0.456959	-22.4092
8.5732	5.43847	-24.5733	0.456959	-22.3797
8.77113	5.43847	-24.3754	0.456959	-22.3522
8.96907	5.43847	-24.1774	0.456959	-22.3263
9.16701	5.43847	-23.9795	0.456959	-22.3018
9.36495	5.43847	-23.7815	0.456959	-22.2786
9.56289	5.43847	-23.5836	0.456959	-22.2567
9.76083	5.43847	-23.3857	0.456959	-22.2357
9.95876	5.43847	-23.1877	0.456959	-22.2158
10.1567	5.43847	-22.9898	0.456959	-22.1967
10.3546	5.43847	-22.7919	0.456959	-22.1784
10.5526	5.43847	-22.5939	0.456959	-22.1609
10.7505	5.43847	-22.396	0.456959	-22.144
10.9485	5.43847	-22.198	0.456959	-22.1278
11.1464	5.43847	-22.0001	0.456959	-22.1121
11.3443	5.43847	-21.8022	0.456959	-22.097
11.5423	5.43847	-21.6042	0.456959	-22.0824
11.7402	5.43847	-21.4063	0.456959	-22.0683
11.9381	5.43847	-21.2083	0.456959	-22.0546
12.1361	5.43847	-21.0104	0.456959	-22.0414
12.334	5.43847	-20.8125	0.456959	-22.0285
12.532	5.43847	-20.6145	0.456959	-22.016
12.7299	5.43847	-20.4166	0.456959	-22.0039
12.9278	5.43847	-20.2187	0.456959	-21.992
13.1258	5.43847	-20.0207	0.456959	-21.9805
13.3237	5.43847	-19.8228	0.456959	-21.9693
13.5217	5.43847	-19.6248	0.456959	-21.9584
13.7196	5.43847	-19.4269	0.456959	-21.9478
13.9175	5.43847	-19.229	0.456959	-21.9374
14.1155	5.43847	-19.031	0.456959	-21.9272
14.3134	5.43847	-18.8331	0.456959	-21.9173
14.5113	5.43847	-18.6351	0.456959	-21.9076
14.7093	5.43847	-18.4372	0.456959	-21.8981
14.9072	5.43847	-18.2393	0.456959	-21.8888
15.1052	5.43847	-18.0413	0.456959	-21.8797
15.3031	5.43847	-17.8434	0.456959	-21.8708
15.501	5.43847	-17.6455	0.456959	-21.8621
15.699	5.43847	-17.4475	0.456959	-21.8535
6	6.63494	-20.3021	0.456959	-19.1026
6.19794	6.63494	-20.1041	0.456959	-18.9435
6.39588	6.63494	-19.9062	0.456959	-18.8273
6.59381	6.63494	-19.7083	0.456959	-18.7357
6.79175	6.63494	-19.5103	0.456959	-18.6601
6.98969	6.63494	-19.3124	0.456959	-18.5957
7.18763	6.63494	-19.1144	0.456959	-18.5397
7.38557	6.63494	-18.9165	0.456959	-18.49
7.58351	6.63494	-18.7186	0.456959	-18.4455
7.78144	6.63494	-18.5206	0.456959	-18.4051
7.97938	6.63494	-18.3227	0.456959	-18.3682
8.17732	6.63494	-18.1247	0.456959	-18.3341
8.37526	6.63494	-17.9268	0.456959	-18.3025
8.5732	6.63494	-17.7289	0.456959	-18.2731
8.77113	6.63494	-17.5309	0.456959	-18.2455
8.96907	6.63494	-17.333	0.456959	-18.2196
9.16701	6.63494	-17.1351	0.456959	-18.1951
9.36495	6.63494	-16.9371	0.456959	-18.172
9.56289	6.63494	-16.7392	0.456959	-18.15
9.76083	6.63494	-16.5412	0.456959	-18.1291
9.95876	6.63494	-16.3433	0.456959	-18.1091
10.1567	6.63494	-16.1454	0.456959	-18.09
10.3546	6.63494	-15.9474	0.456959	-18.0717
10.5526	6.63494	-15.7495	0.456959	-18.0542
10.7505	6.63494	-15.5516	0.456959	-18.0373
10.9485	6.63494	-15.3536	0.456959	-18.0211
11.1464	6.63494	-15.1557	0.456959	-18.0055
11.3443	6.63494	-14.9577	0.456959	-17.9904
11.5423	6.63494	-14.7598	0.456959	-17.9758
11.7402	6.63494	-14.5619	0.456959	-17.9616
11.9381	6.63494	-14.3639	0.456959	-17.948
12.1361	6.63494	-14.166	0.456959	-17.9347
12.334	6.63494	-13.968	0.456959	-17.9218
12.532	6.63494	-13.7701	0.456959	-17.9094
12.7299	6.63494	-13.5722	0.456959	-17.8972
12.9278	6.63494	-13.3742	0.456959	-17.8854
13.1258	6.63494	-13.1763	0.456959	-17.8739
13.3237	6.63494	-12.9784	0.456959	-17.8627
13.5217	6.63494	-12.7804	0.456959	-17.8518
13.7196	6.63494	-12.5825	0.456959	-17.8411
13.9175	6.63494	-12.3845	0.456959	-17.8307
14.1155	6.63494	-12.1866	0.456959	-17.8205
14.3134	6.63494	-11.9887	0.456959	-17.8106
14.5113	6.63494	-11.7907	0.456959	-17.8009
14.7093	6.63494	-11.5928	0.456959	-17.7914
14.9072	6.63494	-11.3949	0.456959	-17.7821
15.1052	6.63494	-11.1969	0.456959	-17.773
15.3031	6.63494	-10.999	0.456959	-17.7641
15.501	6.63494	-10.801	0.456959	-17.7554
15.699	6.63494	-10.6031	0.456959	-17.7469
6	7.8314	-18.9726	0.456959	-18.3049
6.19794	7.8314	-18.7746	0.456959	-18.1458
6.39588	7.8314	-18.5767	0.456959	-18.0296
6.59381	7.8314	-18.3788	0.456959	-17.938
6.79175	7.8314	-18.1808	0.456959	-17.8624
6.98969	7.8314	-17.9829	0.456959	-17.798
7.18763	7.8314	-17.7849	0.456959	-17.742
7.38557	7.8314	-17.587	0.456959	-17.6923
7.58351	7.8314	-17.3891	0.456959	-17.6478
7.78144	7.8314	-17.1911	0.456959	-17.6074
7.97938	7.8314	-16.9932	0.456959	-17.5705
8.17732	7.8314	-16.7953	0.456959	-17.5364
8.37526	7.8314	-16.5973	0.456959	-17.5048
8.5732	7.8314	-16.3994	0.456959	-17.4754
8.77113	7.8314	-16.2014	0.456959	-17.4478
8.96907	7.8314	-16.0035	0.456959	-17.4219
9.16701	7.8314	-15.8056	0.456959	-17.3974
9.36495	7.8314	-15.6076	0.456959	-17.3743
9.56289	7.8314	-15.4097	0.456959	-17.3523
9.76083	7.8314	-15.2117	0.456959	-17.3314
9.95876	7.8314	-15.0138	0.456959	-17.3114
10.1567	7.8314	-14.8159	0.456959	-17.2923
10.3546	7.8314	-14.6179	0.456959	-17.274
10.5526	7.8314	-14.42	0.456959	-17.2565
10.7505	7.8314	-14.2221	0.456959	-17.2396
10.9485	7.8314	-14.0241	0.456959	-17.2234
11.1464	7.8314	-13.8262	0.456959	-17.2078
11.3443	7.8314	-13.6282	0.456959	-17.1927
11.5423	7.8314	-13.4303	0.456959	-17.1781
11.7402	7.8314	-13.2324	0.456959	-17.1639
11.9381	7.8314	-13.0344	0.456959	-17.1503
12.1361	7.8314	-12.8365	0.456959	-17.137
12.334	7.8314	-12.6385	0.456959	-17.1241
12.532	7.8314	-12.4406	0.456959	-17.1117
12.7299	7.8314	-12.2427	0.456959	-17.0995
12.9278	7.8314	-12.0447	0.456959	-17.0877
13.1258	7.8314	-11.8468	0.456959	-17.0762
13.3237	7.8314	-11.6489	0.456959	-17.065
13.5217	7.8314	-11.4509	0.456959	-17.0541
13.7196	7.8314	-11.253	0.456959	-17.0434
13.9175	7.8314	-11.055	0.456959	-17.033
14.1155	7.8314	-10.8571	0.456959	-17.0228
14.3134	7.8314	-10.6592	0.456959	-17.0129
14.5113	7.8314	-10.4612	0.456959	-17.0032
14.7093	7.8314	-10.2633	0.456959	-16.9937
14.9072	7.8314	-10.0654	0.456959	-16.9844
15.1052	7.8314	-9.86741	0.456959	-16.9753
15.3031	7.8314	-9.66948	0.456959	-16.9664
15.501	7.8314	-9.47154	0.456959	-16.9577
15.699	7.8314	-9.2736	0.456959	-16.9492
6	9.02786	-19.7869	0.456959	-18.7935
6.19794	9.02786	-19.589	0.456959	-18.6344
6.39588	9.02786	-19.391	0.456959	-18.5182
6.59381	9.02786	-19.1931	0.456959	-18.4266
6.79175	9.02786	-18.9952	0.456959	-18.351
6.98969	9.02786	-18.7972	0.456959	-18.2866
7.18763	9.02786	-18.5993	0.456959	-18.2306
7.38557	9.02786	-18.4013	0.456959	-18.1809
7.58351	9.02786	-18.2034	0.456959	-18.1364
7.78144	9.02786	-18.0055	0.456959	-18.096
7.97938	9.02786	-17.8075	0.456959	-18.0591
8.17732	9.02786	-17.6096	0.456959	-18.025
8.37526	9.02786	-17.4116	0.456959	-17.9934
8.5732	9.02786	-17.2137	0.456959	-17.964
8.77113	9.02786	-17.0158	0.456959	-17.9364
8.96907	9.02786	-16.8178	0.456959	-17.9105
9.16701	9.02786	-16.6199	0.456959	-17.886
9.36495	9.02786	-16.422	0.456959	-17.8629
9.56289	9.02786	-16.224	0.456959	-17.8409
9.76083	9.02786	-16.0261	0.456959	-17.82
9.95876	9.02786	-15.8281	0.456959	-17.8
10.1567	9.02786	-15.6302	0.456959	-17.7809
10.3546	9.02786	-15.4323	0.456959	-17.7626
10.5526	9.02786	-15.2343	0.456959	-17.7451
10.7505	9.02786	-15.0364	0.456959	-17.7282
10.9485	9.02786	-14.8385	0.456959	-17.712
11.1464	9.02786	-14.6405	0.456959	-17.6964
11.3443	9.02786	-14.4426	0.456959	-17.6813
11.5423	9.02786	-14.2446	0.456959	-17.6667
11.7402	9.02786	-14.0467	0.456959	-17.6525
11.9381	9.02786	-13.8488	0.456959	-17.6389
12.1361	9.02786	-13.6508	0.456959	-17.6256
12.334	9.02786	-13.4529	0.456959	-17.6127
12.532	9.02786	-13.2549	0.456959	-17.6003
12.7299	9.02786	-13.057	0.456959	-17.5881
12.9278	9.02786	-12.8591	0.456959	-17.5763
13.1258	9.02786	-12.6611	0.456959	-17.5648
13.3237	9.02786	-12.4632	0.456959	-17.5536
13.5217	9.02786	-12.2653	0.456959	-17.5427
13.7196	9.02786	-12.0673	0.456959	-17.532
13.9175	9.02786	-11.8694	0.456959	-17.5216
14.1155	9.02786	-11.6714	0.456959	-17.5114
14.3134	9.02786	-11.4735	0.456959	-17.5015
14.5113	9.02786	-11.2756	0.456959	-17.4918
14.7093	9.02786	-11.0776	0.456959	-17.4823
14.9072	9.02786	-10.8797	0.456959	-17.473
15.1052	9.02786	-10.6817	0.456959	-17.4639
15.3031	9.02786	-10.4838	0.456959	-17.455
15.501	9.02786	-10.2859	0.456959	-17.4463
15.699	9.02786	-10.0879	0.456959	-17.4378
6	10.2243	-21.4496	0.456959	-19.7911
6.19794	10.2243	-21.2517	0.456959	-19.632
6.39588	10.2243	-21.0537	0.456959	-19.5158
6.59381	10.2243	-20.8558	0.456959	-19.4242
6.79175	10.2243	-20.6579	0.456959	-19.3486
6.98969	10.2243	-20.4599	0.456959	-19.2843
7.18763	10.2243	-20.262	0.456959	-19.2282
7.38557	10.2243	-20.0641	0.456959	-19.1786
7.58351	10.2243	-19.8661	0.456959	-19.134
7.78144	10.2243	-19.6682	0.456959	-19.0936
7.97938	10.2243	-19.4702	0.456959	-19.0567
8.17732	10.2243	-19.2723	0.456959	-19.0226
8.37526	10.2243	-19.0744	0.456959	-18.9911
8.5732	10.2243	-18.8764	0.456959	-18.9616
8.77113	10.2243	-18.6785	0.456959	-18.9341
8.96907	10.2243	-18.4806	0.456959	-18.9081
9.16701	10.2243	-18.2826	0.456959	-18.8837
9.36495	10.2243	-18.0847	0.456959	-18.8605
9.56289	10.2243	-17.8867	0.456959	-18.8385
9.76083	10.2243	-17.6888	0.456959	-18.8176
9.95876	10.2243	-17.4909	0.456959	-18.7976
10.1567	10.2243	-17.2929	0.456959	-18.7786
10.3546	10.2243	-17.095	0.456959	-18.7603
10.5526	10.2243	-16.897	0.456959	-18.7427
10.7505	10.2243	-16.6991	0.456959	-18.7259
10.9485	10.2243	-16.5012	0.456959	-18.7096
11.1464	10.2243	-16.3032	0.456959	-18.694
11.3443	10.2243	-16.1053	0.456959	-18.6789
11.5423	10.2243	-15.9074	0.456959	-18.6643
11.7402	10.2243	-15.7094	0.456959	-18.6502
11.9381	10.2243	-15.5115	0.456959	-18.6365
12.1361	10.2243	-15.3135	0.456959	-18.6232
12.334	10.2243	-15.1156	0.456959	-18.6104
12.532	10.2243	-14.9177	0.456959	-18.5979
12.7299	10.2243	-14.7197	0.456959	-18.5857
12.9278	10.2243	-14.5218	0.456959	-18.5739
13.1258	10.2243	-14.3239	0.456959	-18.5624
13.3237	10.2243	-14.1259	0.456959	-18.5512
13.5217	10.2243	-13.928	0.456959	-18.5403
13.7196	10.2243	-13.73	0.456959	-18.5296
13.9175	10.2243	-13.5321	0.456959	-18.5192
14.1155	10.2243	-13.3342	0.456959	-18.5091
14.3134	10.2243	-13.1362	0.456959	-18.4992
14.5113	10.2243	-12.9383	0.456959	-18.4895
14.7093	10.2243	-12.7403	0.456959	-18.48
14.9072	10.2243	-12.5424	0.456959	-18.4707
15.1052	10.2243	-12.3445	0.456959	-18.4616
15.3031	10.2243	-12.1465	0.456959	-18.4527
15.501	10.2243	-11.9486	0.456959	-18.4439
15.699	10.2243	-11.7507	0.456959	-18.4354
