Log(E/eV)	r [M]	Theta	Synchr	Brems ei
6	5.43847	0	-0.890006	-7.45536
6.19794	5.43847	0	-0.692068	-7.29623
6.39588	5.43847	0	-0.494129	-7.18002
6.59381	5.43847	0	-0.296191	-7.08844
6.79175	5.43847	0	-0.098253	-7.01284
6.98969	5.43847	0	0.0996851	-6.94848
7.18763	5.43847	0	0.297623	-6.89243
7.38557	5.43847	0	0.495561	-6.8428
7.58351	5.43847	0	0.6935	-6.79826
7.78144	5.43847	0	0.891438	-6.75787
7.97938	5.43847	0	1.08938	-6.72091
8.17732	5.43847	0	1.28731	-6.68686
8.37526	5.43847	0	1.48525	-6.65528
8.5732	5.43847	0	1.68319	-6.62585
8.77113	5.43847	0	1.88113	-6.59828
8.96907	5.43847	0	2.07907	-6.57236
9.16701	5.43847	0	2.277	-6.5479
9.36495	5.43847	0	2.47494	-6.52474
9.56289	5.43847	0	2.67288	-6.50276
9.76083	5.43847	0	2.87082	-6.48184
9.95876	5.43847	0	3.06876	-6.46187
10.1567	5.43847	0	3.2667	-6.44279
10.3546	5.43847	0	3.46463	-6.42451
10.5526	5.43847	0	3.66257	-6.40696
10.7505	5.43847	0	3.86051	-6.3901
10.9485	5.43847	0	4.05845	-6.37387
11.1464	5.43847	0	4.25639	-6.35823
11.3443	5.43847	0	4.45432	-6.34312
11.5423	5.43847	0	4.65226	-6.32853
11.7402	5.43847	0	4.8502	-6.31441
11.9381	5.43847	0	5.04814	-6.30073
12.1361	5.43847	0	5.24608	-6.28747
12.334	5.43847	0	5.44402	-6.27461
12.532	5.43847	0	5.64195	-6.26211
12.7299	5.43847	0	5.83989	-6.24997
12.9278	5.43847	0	6.03783	-6.23815
13.1258	5.43847	0	6.23577	-6.22665
13.3237	5.43847	0	6.43371	-6.21545
13.5217	5.43847	0	6.63164	-6.20452
13.7196	5.43847	0	6.82958	-6.19387
13.9175	5.43847	0	7.02752	-6.18347
14.1155	5.43847	0	7.22546	-6.17331
14.3134	5.43847	0	7.4234	-6.16338
14.5113	5.43847	0	7.62134	-6.15368
14.7093	5.43847	0	7.81927	-6.14419
14.9072	5.43847	0	8.01721	-6.1349
15.1052	5.43847	0	8.21515	-6.12581
15.3031	5.43847	0	8.41309	-6.1169
15.501	5.43847	0	8.61103	-6.10817
15.699	5.43847	0	8.80896	-6.09962
6	6.63494	0	-2.7582	-8.57628
6.19794	6.63494	0	-2.56026	-8.41714
6.39588	6.63494	0	-2.36232	-8.30094
6.59381	6.63494	0	-2.16439	-8.20936
6.79175	6.63494	0	-1.96645	-8.13376
6.98969	6.63494	0	-1.76851	-8.0694
7.18763	6.63494	0	-1.57057	-8.01335
7.38557	6.63494	0	-1.37263	-7.96372
7.58351	6.63494	0	-1.1747	-7.91918
7.78144	6.63494	0	-0.976758	-7.87879
7.97938	6.63494	0	-0.778819	-7.84183
8.17732	6.63494	0	-0.580881	-7.80778
8.37526	6.63494	0	-0.382943	-7.7762
8.5732	6.63494	0	-0.185005	-7.74677
8.77113	6.63494	0	0.0129332	-7.7192
8.96907	6.63494	0	0.210871	-7.69328
9.16701	6.63494	0	0.40881	-7.66882
9.36495	6.63494	0	0.606748	-7.64566
9.56289	6.63494	0	0.804686	-7.62368
9.76083	6.63494	0	1.00262	-7.60275
9.95876	6.63494	0	1.20056	-7.58279
10.1567	6.63494	0	1.3985	-7.56371
10.3546	6.63494	0	1.59644	-7.54542
10.5526	6.63494	0	1.79438	-7.52788
10.7505	6.63494	0	1.99231	-7.51102
10.9485	6.63494	0	2.19025	-7.49479
11.1464	6.63494	0	2.38819	-7.47914
11.3443	6.63494	0	2.58613	-7.46404
11.5423	6.63494	0	2.78407	-7.44945
11.7402	6.63494	0	2.98201	-7.43532
11.9381	6.63494	0	3.17994	-7.42165
12.1361	6.63494	0	3.37788	-7.40839
12.334	6.63494	0	3.57582	-7.39553
12.532	6.63494	0	3.77376	-7.38303
12.7299	6.63494	0	3.9717	-7.37089
12.9278	6.63494	0	4.16963	-7.35907
13.1258	6.63494	0	4.36757	-7.34757
13.3237	6.63494	0	4.56551	-7.33636
13.5217	6.63494	0	4.76345	-7.32544
13.7196	6.63494	0	4.96139	-7.31478
13.9175	6.63494	0	5.15933	-7.30438
14.1155	6.63494	0	5.35726	-7.29423
14.3134	6.63494	0	5.5552	-7.2843
14.5113	6.63494	0	5.75314	-7.2746
14.7093	6.63494	0	5.95108	-7.26511
14.9072	6.63494	0	6.14902	-7.25582
15.1052	6.63494	0	6.34695	-7.24672
15.3031	6.63494	0	6.54489	-7.23782
15.501	6.63494	0	6.74283	-7.22909
15.699	6.63494	0	6.94077	-7.22053
6	7.8314	0	-6.34056	-10.7257
6.19794	7.8314	0	-6.14262	-10.5666
6.39588	7.8314	0	-5.94468	-10.4504
6.59381	7.8314	0	-5.74674	-10.3588
6.79175	7.8314	0	-5.54881	-10.2832
6.98969	7.8314	0	-5.35087	-10.2188
7.18763	7.8314	0	-5.15293	-10.1628
7.38557	7.8314	0	-4.95499	-10.1131
7.58351	7.8314	0	-4.75705	-10.0686
7.78144	7.8314	0	-4.55912	-10.0282
7.97938	7.8314	0	-4.36118	-9.99125
8.17732	7.8314	0	-4.16324	-9.95719
8.37526	7.8314	0	-3.9653	-9.92562
8.5732	7.8314	0	-3.76736	-9.89618
8.77113	7.8314	0	-3.56943	-9.86861
8.96907	7.8314	0	-3.37149	-9.84269
9.16701	7.8314	0	-3.17355	-9.81823
9.36495	7.8314	0	-2.97561	-9.79508
9.56289	7.8314	0	-2.77767	-9.77309
9.76083	7.8314	0	-2.57973	-9.75217
9.95876	7.8314	0	-2.3818	-9.73221
10.1567	7.8314	0	-2.18386	-9.71312
10.3546	7.8314	0	-1.98592	-9.69484
10.5526	7.8314	0	-1.78798	-9.6773
10.7505	7.8314	0	-1.59004	-9.66044
10.9485	7.8314	0	-1.39211	-9.6442
11.1464	7.8314	0	-1.19417	-9.62856
11.3443	7.8314	0	-0.996229	-9.61345
11.5423	7.8314	0	-0.798291	-9.59886
11.7402	7.8314	0	-0.600353	-9.58474
11.9381	7.8314	0	-0.402414	-9.57106
12.1361	7.8314	0	-0.204476	-9.55781
12.334	7.8314	0	-0.00653817	-9.54494
12.532	7.8314	0	0.1914	-9.53245
12.7299	7.8314	0	0.389338	-9.5203
12.9278	7.8314	0	0.587276	-9.50849
13.1258	7.8314	0	0.785214	-9.49698
13.3237	7.8314	0	0.983153	-9.48578
13.5217	7.8314	0	1.18109	-9.47485
13.7196	7.8314	0	1.37903	-9.4642
13.9175	7.8314	0	1.57697	-9.4538
14.1155	7.8314	0	1.77491	-9.44364
14.3134	7.8314	0	1.97284	-9.43372
14.5113	7.8314	0	2.17078	-9.42401
14.7093	7.8314	0	2.36872	-9.41452
14.9072	7.8314	0	2.56666	-9.40523
15.1052	7.8314	0	2.7646	-9.39614
15.3031	7.8314	0	2.96253	-9.38723
15.501	7.8314	0	3.16047	-9.3785
15.699	7.8314	0	3.35841	-9.36995
6	9.02786	0	-10.2241	-13.0558
6.19794	9.02786	0	-10.0262	-12.8967
6.39588	9.02786	0	-9.82825	-12.7805
6.59381	9.02786	0	-9.63031	-12.6889
6.79175	9.02786	0	-9.43237	-12.6133
6.98969	9.02786	0	-9.23444	-12.549
7.18763	9.02786	0	-9.0365	-12.4929
7.38557	9.02786	0	-8.83856	-12.4433
7.58351	9.02786	0	-8.64062	-12.3987
7.78144	9.02786	0	-8.44268	-12.3583
7.97938	9.02786	0	-8.24475	-12.3214
8.17732	9.02786	0	-8.04681	-12.2873
8.37526	9.02786	0	-7.84887	-12.2558
8.5732	9.02786	0	-7.65093	-12.2263
8.77113	9.02786	0	-7.45299	-12.1988
8.96907	9.02786	0	-7.25505	-12.1728
9.16701	9.02786	0	-7.05712	-12.1484
9.36495	9.02786	0	-6.85918	-12.1252
9.56289	9.02786	0	-6.66124	-12.1032
9.76083	9.02786	0	-6.4633	-12.0823
9.95876	9.02786	0	-6.26536	-12.0623
10.1567	9.02786	0	-6.06743	-12.0433
10.3546	9.02786	0	-5.86949	-12.025
10.5526	9.02786	0	-5.67155	-12.0074
10.7505	9.02786	0	-5.47361	-11.9906
10.9485	9.02786	0	-5.27567	-11.9743
11.1464	9.02786	0	-5.07773	-11.9587
11.3443	9.02786	0	-4.8798	-11.9436
11.5423	9.02786	0	-4.68186	-11.929
11.7402	9.02786	0	-4.48392	-11.9149
11.9381	9.02786	0	-4.28598	-11.9012
12.1361	9.02786	0	-4.08804	-11.8879
12.334	9.02786	0	-3.89011	-11.8751
12.532	9.02786	0	-3.69217	-11.8626
12.7299	9.02786	0	-3.49423	-11.8504
12.9278	9.02786	0	-3.29629	-11.8386
13.1258	9.02786	0	-3.09835	-11.8271
13.3237	9.02786	0	-2.90041	-11.8159
13.5217	9.02786	0	-2.70248	-11.805
13.7196	9.02786	0	-2.50454	-11.7943
13.9175	9.02786	0	-2.3066	-11.7839
14.1155	9.02786	0	-2.10866	-11.7738
14.3134	9.02786	0	-1.91072	-11.7639
14.5113	9.02786	0	-1.71279	-11.7542
14.7093	9.02786	0	-1.51485	-11.7447
14.9072	9.02786	0	-1.31691	-11.7354
15.1052	9.02786	0	-1.11897	-11.7263
15.3031	9.02786	0	-0.921033	-11.7174
15.501	9.02786	0	-0.723095	-11.7086
15.699	9.02786	0	-0.525157	-11.7001
6	10.2243	0	-13.9434	-15.2874
6.19794	10.2243	0	-13.7454	-15.1282
6.39588	10.2243	0	-13.5475	-15.012
6.59381	10.2243	0	-13.3496	-14.9205
6.79175	10.2243	0	-13.1516	-14.8449
6.98969	10.2243	0	-12.9537	-14.7805
7.18763	10.2243	0	-12.7557	-14.7245
7.38557	10.2243	0	-12.5578	-14.6748
7.58351	10.2243	0	-12.3599	-14.6303
7.78144	10.2243	0	-12.1619	-14.5899
7.97938	10.2243	0	-11.964	-14.5529
8.17732	10.2243	0	-11.7661	-14.5189
8.37526	10.2243	0	-11.5681	-14.4873
8.5732	10.2243	0	-11.3702	-14.4579
8.77113	10.2243	0	-11.1722	-14.4303
8.96907	10.2243	0	-10.9743	-14.4044
9.16701	10.2243	0	-10.7764	-14.3799
9.36495	10.2243	0	-10.5784	-14.3568
9.56289	10.2243	0	-10.3805	-14.3348
9.76083	10.2243	0	-10.1825	-14.3139
9.95876	10.2243	0	-9.98461	-14.2939
10.1567	10.2243	0	-9.78667	-14.2748
10.3546	10.2243	0	-9.58873	-14.2565
10.5526	10.2243	0	-9.3908	-14.239
10.7505	10.2243	0	-9.19286	-14.2221
10.9485	10.2243	0	-8.99492	-14.2059
11.1464	10.2243	0	-8.79698	-14.1902
11.3443	10.2243	0	-8.59904	-14.1751
11.5423	10.2243	0	-8.40111	-14.1605
11.7402	10.2243	0	-8.20317	-14.1464
11.9381	10.2243	0	-8.00523	-14.1328
12.1361	10.2243	0	-7.80729	-14.1195
12.334	10.2243	0	-7.60935	-14.1066
12.532	10.2243	0	-7.41141	-14.0941
12.7299	10.2243	0	-7.21348	-14.082
12.9278	10.2243	0	-7.01554	-14.0702
13.1258	10.2243	0	-6.8176	-14.0587
13.3237	10.2243	0	-6.61966	-14.0475
13.5217	10.2243	0	-6.42172	-14.0365
13.7196	10.2243	0	-6.22379	-14.0259
13.9175	10.2243	0	-6.02585	-14.0155
14.1155	10.2243	0	-5.82791	-14.0053
14.3134	10.2243	0	-5.62997	-13.9954
14.5113	10.2243	0	-5.43203	-13.9857
14.7093	10.2243	0	-5.23409	-13.9762
14.9072	10.2243	0	-5.03616	-13.9669
15.1052	10.2243	0	-4.83822	-13.9578
15.3031	10.2243	0	-4.64028	-13.9489
15.501	10.2243	0	-4.44234	-13.9402
15.699	10.2243	0	-4.2444	-13.9316
6	5.43847	0.11424	-2.28152	-8.29027
6.19794	5.43847	0.11424	-2.08358	-8.13114
6.39588	5.43847	0.11424	-1.88564	-8.01493
6.59381	5.43847	0.11424	-1.68771	-7.92335
6.79175	5.43847	0.11424	-1.48977	-7.84775
6.98969	5.43847	0.11424	-1.29183	-7.78339
7.18763	5.43847	0.11424	-1.09389	-7.72734
7.38557	5.43847	0.11424	-0.895952	-7.67771
7.58351	5.43847	0.11424	-0.698014	-7.63317
7.78144	5.43847	0.11424	-0.500076	-7.59278
7.97938	5.43847	0.11424	-0.302138	-7.55582
8.17732	5.43847	0.11424	-0.1042	-7.52177
8.37526	5.43847	0.11424	0.0937383	-7.49019
8.5732	5.43847	0.11424	0.291677	-7.46076
8.77113	5.43847	0.11424	0.489615	-7.43319
8.96907	5.43847	0.11424	0.687553	-7.40727
9.16701	5.43847	0.11424	0.885491	-7.38281
9.36495	5.43847	0.11424	1.08343	-7.35965
9.56289	5.43847	0.11424	1.28137	-7.33767
9.76083	5.43847	0.11424	1.47931	-7.31674
9.95876	5.43847	0.11424	1.67724	-7.29678
10.1567	5.43847	0.11424	1.87518	-7.2777
10.3546	5.43847	0.11424	2.07312	-7.25942
10.5526	5.43847	0.11424	2.27106	-7.24187
10.7505	5.43847	0.11424	2.469	-7.22501
10.9485	5.43847	0.11424	2.66693	-7.20878
11.1464	5.43847	0.11424	2.86487	-7.19313
11.3443	5.43847	0.11424	3.06281	-7.17803
11.5423	5.43847	0.11424	3.26075	-7.16344
11.7402	5.43847	0.11424	3.45869	-7.14932
11.9381	5.43847	0.11424	3.65663	-7.13564
12.1361	5.43847	0.11424	3.85456	-7.12238
12.334	5.43847	0.11424	4.0525	-7.10952
12.532	5.43847	0.11424	4.25044	-7.09702
12.7299	5.43847	0.11424	4.44838	-7.08488
12.9278	5.43847	0.11424	4.64632	-7.07306
13.1258	5.43847	0.11424	4.84425	-7.06156
13.3237	5.43847	0.11424	5.04219	-7.05035
13.5217	5.43847	0.11424	5.24013	-7.03943
13.7196	5.43847	0.11424	5.43807	-7.02877
13.9175	5.43847	0.11424	5.63601	-7.01837
14.1155	5.43847	0.11424	5.83395	-7.00822
14.3134	5.43847	0.11424	6.03188	-6.99829
14.5113	5.43847	0.11424	6.22982	-6.98859
14.7093	5.43847	0.11424	6.42776	-6.9791
14.9072	5.43847	0.11424	6.6257	-6.96981
15.1052	5.43847	0.11424	6.82364	-6.96072
15.3031	5.43847	0.11424	7.02157	-6.95181
15.501	5.43847	0.11424	7.21951	-6.94308
15.699	5.43847	0.11424	7.41745	-6.93452
6	6.63494	0.11424	-3.69688	-9.13948
6.19794	6.63494	0.11424	-3.49894	-8.98035
6.39588	6.63494	0.11424	-3.301	-8.86415
6.59381	6.63494	0.11424	-3.10306	-8.77256
6.79175	6.63494	0.11424	-2.90513	-8.69697
6.98969	6.63494	0.11424	-2.70719	-8.6326
7.18763	6.63494	0.11424	-2.50925	-8.57656
7.38557	6.63494	0.11424	-2.31131	-8.52692
7.58351	6.63494	0.11424	-2.11337	-8.48238
7.78144	6.63494	0.11424	-1.91544	-8.44199
7.97938	6.63494	0.11424	-1.7175	-8.40504
8.17732	6.63494	0.11424	-1.51956	-8.37098
8.37526	6.63494	0.11424	-1.32162	-8.33941
8.5732	6.63494	0.11424	-1.12368	-8.30997
8.77113	6.63494	0.11424	-0.925745	-8.28241
8.96907	6.63494	0.11424	-0.727807	-8.25648
9.16701	6.63494	0.11424	-0.529868	-8.23202
9.36495	6.63494	0.11424	-0.33193	-8.20887
9.56289	6.63494	0.11424	-0.133992	-8.18688
9.76083	6.63494	0.11424	0.063946	-8.16596
9.95876	6.63494	0.11424	0.261884	-8.146
10.1567	6.63494	0.11424	0.459822	-8.12691
10.3546	6.63494	0.11424	0.657761	-8.10863
10.5526	6.63494	0.11424	0.855699	-8.09109
10.7505	6.63494	0.11424	1.05364	-8.07423
10.9485	6.63494	0.11424	1.25157	-8.058
11.1464	6.63494	0.11424	1.44951	-8.04235
11.3443	6.63494	0.11424	1.64745	-8.02725
11.5423	6.63494	0.11424	1.84539	-8.01265
11.7402	6.63494	0.11424	2.04333	-7.99853
11.9381	6.63494	0.11424	2.24127	-7.98486
12.1361	6.63494	0.11424	2.4392	-7.9716
12.334	6.63494	0.11424	2.63714	-7.95873
12.532	6.63494	0.11424	2.83508	-7.94624
12.7299	6.63494	0.11424	3.03302	-7.93409
12.9278	6.63494	0.11424	3.23096	-7.92228
13.1258	6.63494	0.11424	3.42889	-7.91077
13.3237	6.63494	0.11424	3.62683	-7.89957
13.5217	6.63494	0.11424	3.82477	-7.88865
13.7196	6.63494	0.11424	4.02271	-7.87799
13.9175	6.63494	0.11424	4.22065	-7.86759
14.1155	6.63494	0.11424	4.41859	-7.85743
14.3134	6.63494	0.11424	4.61652	-7.84751
14.5113	6.63494	0.11424	4.81446	-7.8378
14.7093	6.63494	0.11424	5.0124	-7.82831
14.9072	6.63494	0.11424	5.21034	-7.81903
15.1052	6.63494	0.11424	5.40828	-7.80993
15.3031	6.63494	0.11424	5.60621	-7.80102
15.501	6.63494	0.11424	5.80415	-7.7923
15.699	6.63494	0.11424	6.00209	-7.78374
6	7.8314	0.11424	-7.02002	-11.1334
6.19794	7.8314	0.11424	-6.82209	-10.9742
6.39588	7.8314	0.11424	-6.62415	-10.858
6.59381	7.8314	0.11424	-6.42621	-10.7664
6.79175	7.8314	0.11424	-6.22827	-10.6909
6.98969	7.8314	0.11424	-6.03033	-10.6265
7.18763	7.8314	0.11424	-5.8324	-10.5704
7.38557	7.8314	0.11424	-5.63446	-10.5208
7.58351	7.8314	0.11424	-5.43652	-10.4763
7.78144	7.8314	0.11424	-5.23858	-10.4359
7.97938	7.8314	0.11424	-5.04064	-10.3989
8.17732	7.8314	0.11424	-4.8427	-10.3649
8.37526	7.8314	0.11424	-4.64477	-10.3333
8.5732	7.8314	0.11424	-4.44683	-10.3039
8.77113	7.8314	0.11424	-4.24889	-10.2763
8.96907	7.8314	0.11424	-4.05095	-10.2504
9.16701	7.8314	0.11424	-3.85301	-10.2259
9.36495	7.8314	0.11424	-3.65508	-10.2028
9.56289	7.8314	0.11424	-3.45714	-10.1808
9.76083	7.8314	0.11424	-3.2592	-10.1598
9.95876	7.8314	0.11424	-3.06126	-10.1399
10.1567	7.8314	0.11424	-2.86332	-10.1208
10.3546	7.8314	0.11424	-2.66538	-10.1025
10.5526	7.8314	0.11424	-2.46745	-10.085
10.7505	7.8314	0.11424	-2.26951	-10.0681
10.9485	7.8314	0.11424	-2.07157	-10.0519
11.1464	7.8314	0.11424	-1.87363	-10.0362
11.3443	7.8314	0.11424	-1.67569	-10.0211
11.5423	7.8314	0.11424	-1.47776	-10.0065
11.7402	7.8314	0.11424	-1.27982	-9.99242
11.9381	7.8314	0.11424	-1.08188	-9.97874
12.1361	7.8314	0.11424	-0.883941	-9.96549
12.334	7.8314	0.11424	-0.686003	-9.95262
12.532	7.8314	0.11424	-0.488065	-9.94012
12.7299	7.8314	0.11424	-0.290126	-9.92798
12.9278	7.8314	0.11424	-0.0921883	-9.91616
13.1258	7.8314	0.11424	0.10575	-9.90466
13.3237	7.8314	0.11424	0.303688	-9.89346
13.5217	7.8314	0.11424	0.501626	-9.88253
13.7196	7.8314	0.11424	0.699564	-9.87188
13.9175	7.8314	0.11424	0.897503	-9.86148
14.1155	7.8314	0.11424	1.09544	-9.85132
14.3134	7.8314	0.11424	1.29338	-9.84139
14.5113	7.8314	0.11424	1.49132	-9.83169
14.7093	7.8314	0.11424	1.68926	-9.8222
14.9072	7.8314	0.11424	1.88719	-9.81291
15.1052	7.8314	0.11424	2.08513	-9.80382
15.3031	7.8314	0.11424	2.28307	-9.79491
15.501	7.8314	0.11424	2.48101	-9.78618
15.699	7.8314	0.11424	2.67895	-9.77763
6	9.02786	0.11424	-10.7402	-13.3655
6.19794	9.02786	0.11424	-10.5422	-13.2063
6.39588	9.02786	0.11424	-10.3443	-13.0901
6.59381	9.02786	0.11424	-10.1464	-12.9985
6.79175	9.02786	0.11424	-9.94843	-12.923
6.98969	9.02786	0.11424	-9.75049	-12.8586
7.18763	9.02786	0.11424	-9.55256	-12.8025
7.38557	9.02786	0.11424	-9.35462	-12.7529
7.58351	9.02786	0.11424	-9.15668	-12.7084
7.78144	9.02786	0.11424	-8.95874	-12.668
7.97938	9.02786	0.11424	-8.7608	-12.631
8.17732	9.02786	0.11424	-8.56287	-12.597
8.37526	9.02786	0.11424	-8.36493	-12.5654
8.5732	9.02786	0.11424	-8.16699	-12.536
8.77113	9.02786	0.11424	-7.96905	-12.5084
8.96907	9.02786	0.11424	-7.77111	-12.4825
9.16701	9.02786	0.11424	-7.57317	-12.458
9.36495	9.02786	0.11424	-7.37524	-12.4349
9.56289	9.02786	0.11424	-7.1773	-12.4129
9.76083	9.02786	0.11424	-6.97936	-12.3919
9.95876	9.02786	0.11424	-6.78142	-12.372
10.1567	9.02786	0.11424	-6.58348	-12.3529
10.3546	9.02786	0.11424	-6.38555	-12.3346
10.5526	9.02786	0.11424	-6.18761	-12.3171
10.7505	9.02786	0.11424	-5.98967	-12.3002
10.9485	9.02786	0.11424	-5.79173	-12.284
11.1464	9.02786	0.11424	-5.59379	-12.2683
11.3443	9.02786	0.11424	-5.39585	-12.2532
11.5423	9.02786	0.11424	-5.19792	-12.2386
11.7402	9.02786	0.11424	-4.99998	-12.2245
11.9381	9.02786	0.11424	-4.80204	-12.2108
12.1361	9.02786	0.11424	-4.6041	-12.1976
12.334	9.02786	0.11424	-4.40616	-12.1847
12.532	9.02786	0.11424	-4.20823	-12.1722
12.7299	9.02786	0.11424	-4.01029	-12.1601
12.9278	9.02786	0.11424	-3.81235	-12.1483
13.1258	9.02786	0.11424	-3.61441	-12.1368
13.3237	9.02786	0.11424	-3.41647	-12.1256
13.5217	9.02786	0.11424	-3.21853	-12.1146
13.7196	9.02786	0.11424	-3.0206	-12.104
13.9175	9.02786	0.11424	-2.82266	-12.0936
14.1155	9.02786	0.11424	-2.62472	-12.0834
14.3134	9.02786	0.11424	-2.42678	-12.0735
14.5113	9.02786	0.11424	-2.22884	-12.0638
14.7093	9.02786	0.11424	-2.03091	-12.0543
14.9072	9.02786	0.11424	-1.83297	-12.045
15.1052	9.02786	0.11424	-1.63503	-12.0359
15.3031	9.02786	0.11424	-1.43709	-12.027
15.501	9.02786	0.11424	-1.23915	-12.0183
15.699	9.02786	0.11424	-1.04122	-12.0097
6	10.2243	0.11424	-14.3493	-15.531
6.19794	10.2243	0.11424	-14.1514	-15.3718
6.39588	10.2243	0.11424	-13.9535	-15.2556
6.59381	10.2243	0.11424	-13.7555	-15.164
6.79175	10.2243	0.11424	-13.5576	-15.0884
6.98969	10.2243	0.11424	-13.3596	-15.0241
7.18763	10.2243	0.11424	-13.1617	-14.968
7.38557	10.2243	0.11424	-12.9638	-14.9184
7.58351	10.2243	0.11424	-12.7658	-14.8739
7.78144	10.2243	0.11424	-12.5679	-14.8335
7.97938	10.2243	0.11424	-12.3699	-14.7965
8.17732	10.2243	0.11424	-12.172	-14.7625
8.37526	10.2243	0.11424	-11.9741	-14.7309
8.5732	10.2243	0.11424	-11.7761	-14.7014
8.77113	10.2243	0.11424	-11.5782	-14.6739
8.96907	10.2243	0.11424	-11.3803	-14.648
9.16701	10.2243	0.11424	-11.1823	-14.6235
9.36495	10.2243	0.11424	-10.9844	-14.6003
9.56289	10.2243	0.11424	-10.7864	-14.5784
9.76083	10.2243	0.11424	-10.5885	-14.5574
9.95876	10.2243	0.11424	-10.3906	-14.5375
10.1567	10.2243	0.11424	-10.1926	-14.5184
10.3546	10.2243	0.11424	-9.99469	-14.5001
10.5526	10.2243	0.11424	-9.79675	-14.4826
10.7505	10.2243	0.11424	-9.59881	-14.4657
10.9485	10.2243	0.11424	-9.40087	-14.4495
11.1464	10.2243	0.11424	-9.20294	-14.4338
11.3443	10.2243	0.11424	-9.005	-14.4187
11.5423	10.2243	0.11424	-8.80706	-14.4041
11.7402	10.2243	0.11424	-8.60912	-14.39
11.9381	10.2243	0.11424	-8.41118	-14.3763
12.1361	10.2243	0.11424	-8.21325	-14.3631
12.334	10.2243	0.11424	-8.01531	-14.3502
12.532	10.2243	0.11424	-7.81737	-14.3377
12.7299	10.2243	0.11424	-7.61943	-14.3256
12.9278	10.2243	0.11424	-7.42149	-14.3137
13.1258	10.2243	0.11424	-7.22355	-14.3022
13.3237	10.2243	0.11424	-7.02562	-14.291
13.5217	10.2243	0.11424	-6.82768	-14.2801
13.7196	10.2243	0.11424	-6.62974	-14.2695
13.9175	10.2243	0.11424	-6.4318	-14.2591
14.1155	10.2243	0.11424	-6.23386	-14.2489
14.3134	10.2243	0.11424	-6.03593	-14.239
14.5113	10.2243	0.11424	-5.83799	-14.2293
14.7093	10.2243	0.11424	-5.64005	-14.2198
14.9072	10.2243	0.11424	-5.44211	-14.2105
15.1052	10.2243	0.11424	-5.24417	-14.2014
15.3031	10.2243	0.11424	-5.04623	-14.1925
15.501	10.2243	0.11424	-4.8483	-14.1838
15.699	10.2243	0.11424	-4.65036	-14.1752
6	5.43847	0.228479	-6.63204	-10.9006
6.19794	5.43847	0.228479	-6.4341	-10.7414
6.39588	5.43847	0.228479	-6.23617	-10.6252
6.59381	5.43847	0.228479	-6.03823	-10.5337
6.79175	5.43847	0.228479	-5.84029	-10.4581
6.98969	5.43847	0.228479	-5.64235	-10.3937
7.18763	5.43847	0.228479	-5.44441	-10.3377
7.38557	5.43847	0.228479	-5.24647	-10.288
7.58351	5.43847	0.228479	-5.04854	-10.2435
7.78144	5.43847	0.228479	-4.8506	-10.2031
7.97938	5.43847	0.228479	-4.65266	-10.1661
8.17732	5.43847	0.228479	-4.45472	-10.1321
8.37526	5.43847	0.228479	-4.25678	-10.1005
8.5732	5.43847	0.228479	-4.05885	-10.0711
8.77113	5.43847	0.228479	-3.86091	-10.0435
8.96907	5.43847	0.228479	-3.66297	-10.0176
9.16701	5.43847	0.228479	-3.46503	-9.99312
9.36495	5.43847	0.228479	-3.26709	-9.96997
9.56289	5.43847	0.228479	-3.06915	-9.94798
9.76083	5.43847	0.228479	-2.87122	-9.92706
9.95876	5.43847	0.228479	-2.67328	-9.9071
10.1567	5.43847	0.228479	-2.47534	-9.88801
10.3546	5.43847	0.228479	-2.2774	-9.86973
10.5526	5.43847	0.228479	-2.07946	-9.85219
10.7505	5.43847	0.228479	-1.88153	-9.83532
10.9485	5.43847	0.228479	-1.68359	-9.81909
11.1464	5.43847	0.228479	-1.48565	-9.80345
11.3443	5.43847	0.228479	-1.28771	-9.78834
11.5423	5.43847	0.228479	-1.08977	-9.77375
11.7402	5.43847	0.228479	-0.891835	-9.75963
11.9381	5.43847	0.228479	-0.693897	-9.74595
12.1361	5.43847	0.228479	-0.495958	-9.7327
12.334	5.43847	0.228479	-0.29802	-9.71983
12.532	5.43847	0.228479	-0.100082	-9.70734
12.7299	5.43847	0.228479	0.097856	-9.69519
12.9278	5.43847	0.228479	0.295794	-9.68337
13.1258	5.43847	0.228479	0.493732	-9.67187
13.3237	5.43847	0.228479	0.691671	-9.66067
13.5217	5.43847	0.228479	0.889609	-9.64974
13.7196	5.43847	0.228479	1.08755	-9.63909
13.9175	5.43847	0.228479	1.28549	-9.62869
14.1155	5.43847	0.228479	1.48342	-9.61853
14.3134	5.43847	0.228479	1.68136	-9.60861
14.5113	5.43847	0.228479	1.8793	-9.5989
14.7093	5.43847	0.228479	2.07724	-9.58941
14.9072	5.43847	0.228479	2.27518	-9.58012
15.1052	5.43847	0.228479	2.47311	-9.57103
15.3031	5.43847	0.228479	2.67105	-9.56212
15.501	5.43847	0.228479	2.86899	-9.55339
15.699	5.43847	0.228479	3.06693	-9.54484
6	6.63494	0.228479	-6.62538	-10.8966
6.19794	6.63494	0.228479	-6.42744	-10.7374
6.39588	6.63494	0.228479	-6.2295	-10.6212
6.59381	6.63494	0.228479	-6.03156	-10.5297
6.79175	6.63494	0.228479	-5.83362	-10.4541
6.98969	6.63494	0.228479	-5.63569	-10.3897
7.18763	6.63494	0.228479	-5.43775	-10.3337
7.38557	6.63494	0.228479	-5.23981	-10.284
7.58351	6.63494	0.228479	-5.04187	-10.2395
7.78144	6.63494	0.228479	-4.84393	-10.1991
7.97938	6.63494	0.228479	-4.646	-10.1621
8.17732	6.63494	0.228479	-4.44806	-10.1281
8.37526	6.63494	0.228479	-4.25012	-10.0965
8.5732	6.63494	0.228479	-4.05218	-10.0671
8.77113	6.63494	0.228479	-3.85424	-10.0395
8.96907	6.63494	0.228479	-3.6563	-10.0136
9.16701	6.63494	0.228479	-3.45837	-9.98912
9.36495	6.63494	0.228479	-3.26043	-9.96597
9.56289	6.63494	0.228479	-3.06249	-9.94398
9.76083	6.63494	0.228479	-2.86455	-9.92306
9.95876	6.63494	0.228479	-2.66661	-9.9031
10.1567	6.63494	0.228479	-2.46868	-9.88401
10.3546	6.63494	0.228479	-2.27074	-9.86573
10.5526	6.63494	0.228479	-2.0728	-9.84819
10.7505	6.63494	0.228479	-1.87486	-9.83133
10.9485	6.63494	0.228479	-1.67692	-9.81509
11.1464	6.63494	0.228479	-1.47898	-9.79945
11.3443	6.63494	0.228479	-1.28105	-9.78435
11.5423	6.63494	0.228479	-1.08311	-9.76975
11.7402	6.63494	0.228479	-0.88517	-9.75563
11.9381	6.63494	0.228479	-0.687232	-9.74195
12.1361	6.63494	0.228479	-0.489294	-9.7287
12.334	6.63494	0.228479	-0.291355	-9.71583
12.532	6.63494	0.228479	-0.0934173	-9.70334
12.7299	6.63494	0.228479	0.104521	-9.69119
12.9278	6.63494	0.228479	0.302459	-9.67938
13.1258	6.63494	0.228479	0.500397	-9.66787
13.3237	6.63494	0.228479	0.698335	-9.65667
13.5217	6.63494	0.228479	0.896274	-9.64574
13.7196	6.63494	0.228479	1.09421	-9.63509
13.9175	6.63494	0.228479	1.29215	-9.62469
14.1155	6.63494	0.228479	1.49009	-9.61453
14.3134	6.63494	0.228479	1.68803	-9.60461
14.5113	6.63494	0.228479	1.88596	-9.5949
14.7093	6.63494	0.228479	2.0839	-9.58541
14.9072	6.63494	0.228479	2.28184	-9.57612
15.1052	6.63494	0.228479	2.47978	-9.56703
15.3031	6.63494	0.228479	2.67772	-9.55812
15.501	6.63494	0.228479	2.87566	-9.54939
15.699	6.63494	0.228479	3.07359	-9.54084
6	7.8314	0.228479	-9.13729	-12.4037
6.19794	7.8314	0.228479	-8.93935	-12.2446
6.39588	7.8314	0.228479	-8.74142	-12.1284
6.59381	7.8314	0.228479	-8.54348	-12.0368
6.79175	7.8314	0.228479	-8.34554	-11.9612
6.98969	7.8314	0.228479	-8.1476	-11.8969
7.18763	7.8314	0.228479	-7.94966	-11.8408
7.38557	7.8314	0.228479	-7.75172	-11.7912
7.58351	7.8314	0.228479	-7.55379	-11.7466
7.78144	7.8314	0.228479	-7.35585	-11.7062
7.97938	7.8314	0.228479	-7.15791	-11.6693
8.17732	7.8314	0.228479	-6.95997	-11.6352
8.37526	7.8314	0.228479	-6.76203	-11.6037
8.5732	7.8314	0.228479	-6.5641	-11.5742
8.77113	7.8314	0.228479	-6.36616	-11.5467
8.96907	7.8314	0.228479	-6.16822	-11.5207
9.16701	7.8314	0.228479	-5.97028	-11.4963
9.36495	7.8314	0.228479	-5.77234	-11.4731
9.56289	7.8314	0.228479	-5.5744	-11.4511
9.76083	7.8314	0.228479	-5.37647	-11.4302
9.95876	7.8314	0.228479	-5.17853	-11.4102
10.1567	7.8314	0.228479	-4.98059	-11.3912
10.3546	7.8314	0.228479	-4.78265	-11.3729
10.5526	7.8314	0.228479	-4.58471	-11.3553
10.7505	7.8314	0.228479	-4.38678	-11.3385
10.9485	7.8314	0.228479	-4.18884	-11.3222
11.1464	7.8314	0.228479	-3.9909	-11.3066
11.3443	7.8314	0.228479	-3.79296	-11.2915
11.5423	7.8314	0.228479	-3.59502	-11.2769
11.7402	7.8314	0.228479	-3.39709	-11.2628
11.9381	7.8314	0.228479	-3.19915	-11.2491
12.1361	7.8314	0.228479	-3.00121	-11.2358
12.334	7.8314	0.228479	-2.80327	-11.223
12.532	7.8314	0.228479	-2.60533	-11.2105
12.7299	7.8314	0.228479	-2.40739	-11.1983
12.9278	7.8314	0.228479	-2.20946	-11.1865
13.1258	7.8314	0.228479	-2.01152	-11.175
13.3237	7.8314	0.228479	-1.81358	-11.1638
13.5217	7.8314	0.228479	-1.61564	-11.1529
13.7196	7.8314	0.228479	-1.4177	-11.1422
13.9175	7.8314	0.228479	-1.21977	-11.1318
14.1155	7.8314	0.228479	-1.02183	-11.1217
14.3134	7.8314	0.228479	-0.823889	-11.1118
14.5113	7.8314	0.228479	-0.625951	-11.1021
14.7093	7.8314	0.228479	-0.428013	-11.0926
14.9072	7.8314	0.228479	-0.230075	-11.0833
15.1052	7.8314	0.228479	-0.0321364	-11.0742
15.3031	7.8314	0.228479	0.165802	-11.0653
15.501	7.8314	0.228479	0.36374	-11.0565
15.699	7.8314	0.228479	0.561678	-11.048
6	9.02786	0.228479	-12.3471	-14.3296
6.19794	9.02786	0.228479	-12.1491	-14.1705
6.39588	9.02786	0.228479	-11.9512	-14.0543
6.59381	9.02786	0.228479	-11.7533	-13.9627
6.79175	9.02786	0.228479	-11.5553	-13.8871
6.98969	9.02786	0.228479	-11.3574	-13.8227
7.18763	9.02786	0.228479	-11.1594	-13.7667
7.38557	9.02786	0.228479	-10.9615	-13.717
7.58351	9.02786	0.228479	-10.7636	-13.6725
7.78144	9.02786	0.228479	-10.5656	-13.6321
7.97938	9.02786	0.228479	-10.3677	-13.5952
8.17732	9.02786	0.228479	-10.1698	-13.5611
8.37526	9.02786	0.228479	-9.97182	-13.5295
8.5732	9.02786	0.228479	-9.77388	-13.5001
8.77113	9.02786	0.228479	-9.57594	-13.4725
8.96907	9.02786	0.228479	-9.378	-13.4466
9.16701	9.02786	0.228479	-9.18006	-13.4221
9.36495	9.02786	0.228479	-8.98213	-13.399
9.56289	9.02786	0.228479	-8.78419	-13.377
9.76083	9.02786	0.228479	-8.58625	-13.3561
9.95876	9.02786	0.228479	-8.38831	-13.3361
10.1567	9.02786	0.228479	-8.19037	-13.317
10.3546	9.02786	0.228479	-7.99244	-13.2987
10.5526	9.02786	0.228479	-7.7945	-13.2812
10.7505	9.02786	0.228479	-7.59656	-13.2643
10.9485	9.02786	0.228479	-7.39862	-13.2481
11.1464	9.02786	0.228479	-7.20068	-13.2325
11.3443	9.02786	0.228479	-7.00275	-13.2174
11.5423	9.02786	0.228479	-6.80481	-13.2028
11.7402	9.02786	0.228479	-6.60687	-13.1886
11.9381	9.02786	0.228479	-6.40893	-13.175
12.1361	9.02786	0.228479	-6.21099	-13.1617
12.334	9.02786	0.228479	-6.01305	-13.1489
12.532	9.02786	0.228479	-5.81512	-13.1364
12.7299	9.02786	0.228479	-5.61718	-13.1242
12.9278	9.02786	0.228479	-5.41924	-13.1124
13.1258	9.02786	0.228479	-5.2213	-13.1009
13.3237	9.02786	0.228479	-5.02336	-13.0897
13.5217	9.02786	0.228479	-4.82543	-13.0788
13.7196	9.02786	0.228479	-4.62749	-13.0681
13.9175	9.02786	0.228479	-4.42955	-13.0577
14.1155	9.02786	0.228479	-4.23161	-13.0476
14.3134	9.02786	0.228479	-4.03367	-13.0376
14.5113	9.02786	0.228479	-3.83573	-13.0279
14.7093	9.02786	0.228479	-3.6378	-13.0184
14.9072	9.02786	0.228479	-3.43986	-13.0091
15.1052	9.02786	0.228479	-3.24192	-13
15.3031	9.02786	0.228479	-3.04398	-12.9911
15.501	9.02786	0.228479	-2.84604	-12.9824
15.699	9.02786	0.228479	-2.64811	-12.9739
6	10.2243	0.228479	-15.6128	-16.289
6.19794	10.2243	0.228479	-15.4148	-16.1299
6.39588	10.2243	0.228479	-15.2169	-16.0137
6.59381	10.2243	0.228479	-15.0189	-15.9221
6.79175	10.2243	0.228479	-14.821	-15.8465
6.98969	10.2243	0.228479	-14.6231	-15.7821
7.18763	10.2243	0.228479	-14.4251	-15.7261
7.38557	10.2243	0.228479	-14.2272	-15.6765
7.58351	10.2243	0.228479	-14.0293	-15.6319
7.78144	10.2243	0.228479	-13.8313	-15.5915
7.97938	10.2243	0.228479	-13.6334	-15.5546
8.17732	10.2243	0.228479	-13.4354	-15.5205
8.37526	10.2243	0.228479	-13.2375	-15.4889
8.5732	10.2243	0.228479	-13.0396	-15.4595
8.77113	10.2243	0.228479	-12.8416	-15.4319
8.96907	10.2243	0.228479	-12.6437	-15.406
9.16701	10.2243	0.228479	-12.4457	-15.3816
9.36495	10.2243	0.228479	-12.2478	-15.3584
9.56289	10.2243	0.228479	-12.0499	-15.3364
9.76083	10.2243	0.228479	-11.8519	-15.3155
9.95876	10.2243	0.228479	-11.654	-15.2955
10.1567	10.2243	0.228479	-11.4561	-15.2764
10.3546	10.2243	0.228479	-11.2581	-15.2582
10.5526	10.2243	0.228479	-11.0602	-15.2406
10.7505	10.2243	0.228479	-10.8622	-15.2238
10.9485	10.2243	0.228479	-10.6643	-15.2075
11.1464	10.2243	0.228479	-10.4664	-15.1919
11.3443	10.2243	0.228479	-10.2684	-15.1768
11.5423	10.2243	0.228479	-10.0705	-15.1622
11.7402	10.2243	0.228479	-9.87255	-15.1481
11.9381	10.2243	0.228479	-9.67462	-15.1344
12.1361	10.2243	0.228479	-9.47668	-15.1211
12.334	10.2243	0.228479	-9.27874	-15.1083
12.532	10.2243	0.228479	-9.0808	-15.0958
12.7299	10.2243	0.228479	-8.88286	-15.0836
12.9278	10.2243	0.228479	-8.68492	-15.0718
13.1258	10.2243	0.228479	-8.48699	-15.0603
13.3237	10.2243	0.228479	-8.28905	-15.0491
13.5217	10.2243	0.228479	-8.09111	-15.0382
13.7196	10.2243	0.228479	-7.89317	-15.0275
13.9175	10.2243	0.228479	-7.69523	-15.0171
14.1155	10.2243	0.228479	-7.4973	-15.007
14.3134	10.2243	0.228479	-7.29936	-14.997
14.5113	10.2243	0.228479	-7.10142	-14.9873
14.7093	10.2243	0.228479	-6.90348	-14.9778
14.9072	10.2243	0.228479	-6.70554	-14.9686
15.1052	10.2243	0.228479	-6.5076	-14.9595
15.3031	10.2243	0.228479	-6.30967	-14.9506
15.501	10.2243	0.228479	-6.11173	-14.9418
15.699	10.2243	0.228479	-5.91379	-14.9333
6	5.43847	0.342719	-14.5244	-15.636
6.19794	5.43847	0.342719	-14.3265	-15.4769
6.39588	5.43847	0.342719	-14.1286	-15.3607
6.59381	5.43847	0.342719	-13.9306	-15.2691
6.79175	5.43847	0.342719	-13.7327	-15.1935
6.98969	5.43847	0.342719	-13.5347	-15.1291
7.18763	5.43847	0.342719	-13.3368	-15.0731
7.38557	5.43847	0.342719	-13.1389	-15.0235
7.58351	5.43847	0.342719	-12.9409	-14.9789
7.78144	5.43847	0.342719	-12.743	-14.9385
7.97938	5.43847	0.342719	-12.5451	-14.9016
8.17732	5.43847	0.342719	-12.3471	-14.8675
8.37526	5.43847	0.342719	-12.1492	-14.8359
8.5732	5.43847	0.342719	-11.9512	-14.8065
8.77113	5.43847	0.342719	-11.7533	-14.7789
8.96907	5.43847	0.342719	-11.5554	-14.753
9.16701	5.43847	0.342719	-11.3574	-14.7286
9.36495	5.43847	0.342719	-11.1595	-14.7054
9.56289	5.43847	0.342719	-10.9616	-14.6834
9.76083	5.43847	0.342719	-10.7636	-14.6625
9.95876	5.43847	0.342719	-10.5657	-14.6425
10.1567	5.43847	0.342719	-10.3677	-14.6234
10.3546	5.43847	0.342719	-10.1698	-14.6052
10.5526	5.43847	0.342719	-9.97186	-14.5876
10.7505	5.43847	0.342719	-9.77392	-14.5708
10.9485	5.43847	0.342719	-9.57598	-14.5545
11.1464	5.43847	0.342719	-9.37805	-14.5389
11.3443	5.43847	0.342719	-9.18011	-14.5238
11.5423	5.43847	0.342719	-8.98217	-14.5092
11.7402	5.43847	0.342719	-8.78423	-14.4951
11.9381	5.43847	0.342719	-8.58629	-14.4814
12.1361	5.43847	0.342719	-8.38835	-14.4681
12.334	5.43847	0.342719	-8.19042	-14.4553
12.532	5.43847	0.342719	-7.99248	-14.4428
12.7299	5.43847	0.342719	-7.79454	-14.4306
12.9278	5.43847	0.342719	-7.5966	-14.4188
13.1258	5.43847	0.342719	-7.39866	-14.4073
13.3237	5.43847	0.342719	-7.20073	-14.3961
13.5217	5.43847	0.342719	-7.00279	-14.3852
13.7196	5.43847	0.342719	-6.80485	-14.3745
13.9175	5.43847	0.342719	-6.60691	-14.3641
14.1155	5.43847	0.342719	-6.40897	-14.354
14.3134	5.43847	0.342719	-6.21103	-14.344
14.5113	5.43847	0.342719	-6.0131	-14.3343
14.7093	5.43847	0.342719	-5.81516	-14.3248
14.9072	5.43847	0.342719	-5.61722	-14.3156
15.1052	5.43847	0.342719	-5.41928	-14.3065
15.3031	5.43847	0.342719	-5.22134	-14.2976
15.501	5.43847	0.342719	-5.02341	-14.2888
15.699	5.43847	0.342719	-4.82547	-14.2803
6	6.63494	0.342719	-11.9134	-14.0694
6.19794	6.63494	0.342719	-11.7154	-13.9102
6.39588	6.63494	0.342719	-11.5175	-13.794
6.59381	6.63494	0.342719	-11.3195	-13.7025
6.79175	6.63494	0.342719	-11.1216	-13.6269
6.98969	6.63494	0.342719	-10.9237	-13.5625
7.18763	6.63494	0.342719	-10.7257	-13.5064
7.38557	6.63494	0.342719	-10.5278	-13.4568
7.58351	6.63494	0.342719	-10.3299	-13.4123
7.78144	6.63494	0.342719	-10.1319	-13.3719
7.97938	6.63494	0.342719	-9.93398	-13.3349
8.17732	6.63494	0.342719	-9.73604	-13.3009
8.37526	6.63494	0.342719	-9.53811	-13.2693
8.5732	6.63494	0.342719	-9.34017	-13.2399
8.77113	6.63494	0.342719	-9.14223	-13.2123
8.96907	6.63494	0.342719	-8.94429	-13.1864
9.16701	6.63494	0.342719	-8.74635	-13.1619
9.36495	6.63494	0.342719	-8.54841	-13.1388
9.56289	6.63494	0.342719	-8.35048	-13.1168
9.76083	6.63494	0.342719	-8.15254	-13.0959
9.95876	6.63494	0.342719	-7.9546	-13.0759
10.1567	6.63494	0.342719	-7.75666	-13.0568
10.3546	6.63494	0.342719	-7.55872	-13.0385
10.5526	6.63494	0.342719	-7.36079	-13.021
10.7505	6.63494	0.342719	-7.16285	-13.0041
10.9485	6.63494	0.342719	-6.96491	-12.9879
11.1464	6.63494	0.342719	-6.76697	-12.9722
11.3443	6.63494	0.342719	-6.56903	-12.9571
11.5423	6.63494	0.342719	-6.37109	-12.9425
11.7402	6.63494	0.342719	-6.17316	-12.9284
11.9381	6.63494	0.342719	-5.97522	-12.9147
12.1361	6.63494	0.342719	-5.77728	-12.9015
12.334	6.63494	0.342719	-5.57934	-12.8886
12.532	6.63494	0.342719	-5.3814	-12.8761
12.7299	6.63494	0.342719	-5.18347	-12.864
12.9278	6.63494	0.342719	-4.98553	-12.8522
13.1258	6.63494	0.342719	-4.78759	-12.8407
13.3237	6.63494	0.342719	-4.58965	-12.8295
13.5217	6.63494	0.342719	-4.39171	-12.8185
13.7196	6.63494	0.342719	-4.19378	-12.8079
13.9175	6.63494	0.342719	-3.99584	-12.7975
14.1155	6.63494	0.342719	-3.7979	-12.7873
14.3134	6.63494	0.342719	-3.59996	-12.7774
14.5113	6.63494	0.342719	-3.40202	-12.7677
14.7093	6.63494	0.342719	-3.20408	-12.7582
14.9072	6.63494	0.342719	-3.00615	-12.7489
15.1052	6.63494	0.342719	-2.80821	-12.7398
15.3031	6.63494	0.342719	-2.61027	-12.7309
15.501	6.63494	0.342719	-2.41233	-12.7222
15.699	6.63494	0.342719	-2.21439	-12.7136
6	7.8314	0.342719	-12.9505	-14.6917
6.19794	7.8314	0.342719	-12.7526	-14.5325
6.39588	7.8314	0.342719	-12.5546	-14.4163
6.59381	7.8314	0.342719	-12.3567	-14.3247
6.79175	7.8314	0.342719	-12.1588	-14.2491
6.98969	7.8314	0.342719	-11.9608	-14.1848
7.18763	7.8314	0.342719	-11.7629	-14.1287
7.38557	7.8314	0.342719	-11.5649	-14.0791
7.58351	7.8314	0.342719	-11.367	-14.0346
7.78144	7.8314	0.342719	-11.1691	-13.9942
7.97938	7.8314	0.342719	-10.9711	-13.9572
8.17732	7.8314	0.342719	-10.7732	-13.9232
8.37526	7.8314	0.342719	-10.5752	-13.8916
8.5732	7.8314	0.342719	-10.3773	-13.8621
8.77113	7.8314	0.342719	-10.1794	-13.8346
8.96907	7.8314	0.342719	-9.98143	-13.8087
9.16701	7.8314	0.342719	-9.78349	-13.7842
9.36495	7.8314	0.342719	-9.58556	-13.761
9.56289	7.8314	0.342719	-9.38762	-13.7391
9.76083	7.8314	0.342719	-9.18968	-13.7181
9.95876	7.8314	0.342719	-8.99174	-13.6982
10.1567	7.8314	0.342719	-8.7938	-13.6791
10.3546	7.8314	0.342719	-8.59587	-13.6608
10.5526	7.8314	0.342719	-8.39793	-13.6433
10.7505	7.8314	0.342719	-8.19999	-13.6264
10.9485	7.8314	0.342719	-8.00205	-13.6102
11.1464	7.8314	0.342719	-7.80411	-13.5945
11.3443	7.8314	0.342719	-7.60617	-13.5794
11.5423	7.8314	0.342719	-7.40824	-13.5648
11.7402	7.8314	0.342719	-7.2103	-13.5507
11.9381	7.8314	0.342719	-7.01236	-13.537
12.1361	7.8314	0.342719	-6.81442	-13.5238
12.334	7.8314	0.342719	-6.61648	-13.5109
12.532	7.8314	0.342719	-6.41855	-13.4984
12.7299	7.8314	0.342719	-6.22061	-13.4863
12.9278	7.8314	0.342719	-6.02267	-13.4745
13.1258	7.8314	0.342719	-5.82473	-13.463
13.3237	7.8314	0.342719	-5.62679	-13.4517
13.5217	7.8314	0.342719	-5.42885	-13.4408
13.7196	7.8314	0.342719	-5.23092	-13.4302
13.9175	7.8314	0.342719	-5.03298	-13.4198
14.1155	7.8314	0.342719	-4.83504	-13.4096
14.3134	7.8314	0.342719	-4.6371	-13.3997
14.5113	7.8314	0.342719	-4.43916	-13.39
14.7093	7.8314	0.342719	-4.24123	-13.3805
14.9072	7.8314	0.342719	-4.04329	-13.3712
15.1052	7.8314	0.342719	-3.84535	-13.3621
15.3031	7.8314	0.342719	-3.64741	-13.3532
15.501	7.8314	0.342719	-3.44947	-13.3445
15.699	7.8314	0.342719	-3.25154	-13.3359
6	9.02786	0.342719	-15.2364	-16.0632
6.19794	9.02786	0.342719	-15.0385	-15.9041
6.39588	9.02786	0.342719	-14.8406	-15.7879
6.59381	9.02786	0.342719	-14.6426	-15.6963
6.79175	9.02786	0.342719	-14.4447	-15.6207
6.98969	9.02786	0.342719	-14.2468	-15.5563
7.18763	9.02786	0.342719	-14.0488	-15.5003
7.38557	9.02786	0.342719	-13.8509	-15.4507
7.58351	9.02786	0.342719	-13.6529	-15.4061
7.78144	9.02786	0.342719	-13.455	-15.3657
7.97938	9.02786	0.342719	-13.2571	-15.3288
8.17732	9.02786	0.342719	-13.0591	-15.2947
8.37526	9.02786	0.342719	-12.8612	-15.2631
8.5732	9.02786	0.342719	-12.6632	-15.2337
8.77113	9.02786	0.342719	-12.4653	-15.2061
8.96907	9.02786	0.342719	-12.2674	-15.1802
9.16701	9.02786	0.342719	-12.0694	-15.1558
9.36495	9.02786	0.342719	-11.8715	-15.1326
9.56289	9.02786	0.342719	-11.6736	-15.1106
9.76083	9.02786	0.342719	-11.4756	-15.0897
9.95876	9.02786	0.342719	-11.2777	-15.0697
10.1567	9.02786	0.342719	-11.0797	-15.0507
10.3546	9.02786	0.342719	-10.8818	-15.0324
10.5526	9.02786	0.342719	-10.6839	-15.0148
10.7505	9.02786	0.342719	-10.4859	-14.998
10.9485	9.02786	0.342719	-10.288	-14.9817
11.1464	9.02786	0.342719	-10.0901	-14.9661
11.3443	9.02786	0.342719	-9.89211	-14.951
11.5423	9.02786	0.342719	-9.69417	-14.9364
11.7402	9.02786	0.342719	-9.49624	-14.9223
11.9381	9.02786	0.342719	-9.2983	-14.9086
12.1361	9.02786	0.342719	-9.10036	-14.8953
12.334	9.02786	0.342719	-8.90242	-14.8825
12.532	9.02786	0.342719	-8.70448	-14.87
12.7299	9.02786	0.342719	-8.50655	-14.8578
12.9278	9.02786	0.342719	-8.30861	-14.846
13.1258	9.02786	0.342719	-8.11067	-14.8345
13.3237	9.02786	0.342719	-7.91273	-14.8233
13.5217	9.02786	0.342719	-7.71479	-14.8124
13.7196	9.02786	0.342719	-7.51685	-14.8017
13.9175	9.02786	0.342719	-7.31892	-14.7913
14.1155	9.02786	0.342719	-7.12098	-14.7812
14.3134	9.02786	0.342719	-6.92304	-14.7712
14.5113	9.02786	0.342719	-6.7251	-14.7615
14.7093	9.02786	0.342719	-6.52716	-14.7521
14.9072	9.02786	0.342719	-6.32923	-14.7428
15.1052	9.02786	0.342719	-6.13129	-14.7337
15.3031	9.02786	0.342719	-5.93335	-14.7248
15.501	9.02786	0.342719	-5.73541	-14.716
15.699	9.02786	0.342719	-5.53747	-14.7075
6	10.2243	0.342719	-17.8821	-17.6506
6.19794	10.2243	0.342719	-17.6842	-17.4915
6.39588	10.2243	0.342719	-17.4863	-17.3753
6.59381	10.2243	0.342719	-17.2883	-17.2837
6.79175	10.2243	0.342719	-17.0904	-17.2081
6.98969	10.2243	0.342719	-16.8924	-17.1438
7.18763	10.2243	0.342719	-16.6945	-17.0877
7.38557	10.2243	0.342719	-16.4966	-17.0381
7.58351	10.2243	0.342719	-16.2986	-16.9935
7.78144	10.2243	0.342719	-16.1007	-16.9531
7.97938	10.2243	0.342719	-15.9027	-16.9162
8.17732	10.2243	0.342719	-15.7048	-16.8821
8.37526	10.2243	0.342719	-15.5069	-16.8506
8.5732	10.2243	0.342719	-15.3089	-16.8211
8.77113	10.2243	0.342719	-15.111	-16.7936
8.96907	10.2243	0.342719	-14.9131	-16.7676
9.16701	10.2243	0.342719	-14.7151	-16.7432
9.36495	10.2243	0.342719	-14.5172	-16.72
9.56289	10.2243	0.342719	-14.3192	-16.698
9.76083	10.2243	0.342719	-14.1213	-16.6771
9.95876	10.2243	0.342719	-13.9234	-16.6571
10.1567	10.2243	0.342719	-13.7254	-16.6381
10.3546	10.2243	0.342719	-13.5275	-16.6198
10.5526	10.2243	0.342719	-13.3296	-16.6022
10.7505	10.2243	0.342719	-13.1316	-16.5854
10.9485	10.2243	0.342719	-12.9337	-16.5691
11.1464	10.2243	0.342719	-12.7357	-16.5535
11.3443	10.2243	0.342719	-12.5378	-16.5384
11.5423	10.2243	0.342719	-12.3399	-16.5238
11.7402	10.2243	0.342719	-12.1419	-16.5097
11.9381	10.2243	0.342719	-11.944	-16.496
12.1361	10.2243	0.342719	-11.746	-16.4827
12.334	10.2243	0.342719	-11.5481	-16.4699
12.532	10.2243	0.342719	-11.3502	-16.4574
12.7299	10.2243	0.342719	-11.1522	-16.4452
12.9278	10.2243	0.342719	-10.9543	-16.4334
13.1258	10.2243	0.342719	-10.7564	-16.4219
13.3237	10.2243	0.342719	-10.5584	-16.4107
13.5217	10.2243	0.342719	-10.3605	-16.3998
13.7196	10.2243	0.342719	-10.1625	-16.3891
13.9175	10.2243	0.342719	-9.9646	-16.3787
14.1155	10.2243	0.342719	-9.76667	-16.3686
14.3134	10.2243	0.342719	-9.56873	-16.3587
14.5113	10.2243	0.342719	-9.37079	-16.349
14.7093	10.2243	0.342719	-9.17285	-16.3395
14.9072	10.2243	0.342719	-8.97491	-16.3302
15.1052	10.2243	0.342719	-8.77698	-16.3211
15.3031	10.2243	0.342719	-8.57904	-16.3122
15.501	10.2243	0.342719	-8.3811	-16.3034
15.699	10.2243	0.342719	-8.18316	-16.2949
6	5.43847	0.456959	-27.1465	-23.2092
6.19794	5.43847	0.456959	-26.9486	-23.0501
6.39588	5.43847	0.456959	-26.7506	-22.9339
6.59381	5.43847	0.456959	-26.5527	-22.8423
6.79175	5.43847	0.456959	-26.3547	-22.7667
6.98969	5.43847	0.456959	-26.1568	-22.7024
7.18763	5.43847	0.456959	-25.9589	-22.6463
7.38557	5.43847	0.456959	-25.7609	-22.5967
7.58351	5.43847	0.456959	-25.563	-22.5522
7.78144	5.43847	0.456959	-25.365	-22.5118
7.97938	5.43847	0.456959	-25.1671	-22.4748
8.17732	5.43847	0.456959	-24.9692	-22.4408
8.37526	5.43847	0.456959	-24.7712	-22.4092
8.5732	5.43847	0.456959	-24.5733	-22.3797
8.77113	5.43847	0.456959	-24.3754	-22.3522
8.96907	5.43847	0.456959	-24.1774	-22.3263
9.16701	5.43847	0.456959	-23.9795	-22.3018
9.36495	5.43847	0.456959	-23.7815	-22.2786
9.56289	5.43847	0.456959	-23.5836	-22.2567
9.76083	5.43847	0.456959	-23.3857	-22.2357
9.95876	5.43847	0.456959	-23.1877	-22.2158
10.1567	5.43847	0.456959	-22.9898	-22.1967
10.3546	5.43847	0.456959	-22.7919	-22.1784
10.5526	5.43847	0.456959	-22.5939	-22.1609
10.7505	5.43847	0.456959	-22.396	-22.144
10.9485	5.43847	0.456959	-22.198	-22.1278
11.1464	5.43847	0.456959	-22.0001	-22.1121
11.3443	5.43847	0.456959	-21.8022	-22.097
11.5423	5.43847	0.456959	-21.6042	-22.0824
11.7402	5.43847	0.456959	-21.4063	-22.0683
11.9381	5.43847	0.456959	-21.2083	-22.0546
12.1361	5.43847	0.456959	-21.0104	-22.0414
12.334	5.43847	0.456959	-20.8125	-22.0285
12.532	5.43847	0.456959	-20.6145	-22.016
12.7299	5.43847	0.456959	-20.4166	-22.0039
12.9278	5.43847	0.456959	-20.2187	-21.992
13.1258	5.43847	0.456959	-20.0207	-21.9805
13.3237	5.43847	0.456959	-19.8228	-21.9693
13.5217	5.43847	0.456959	-19.6248	-21.9584
13.7196	5.43847	0.456959	-19.4269	-21.9478
13.9175	5.43847	0.456959	-19.229	-21.9374
14.1155	5.43847	0.456959	-19.031	-21.9272
14.3134	5.43847	0.456959	-18.8331	-21.9173
14.5113	5.43847	0.456959	-18.6351	-21.9076
14.7093	5.43847	0.456959	-18.4372	-21.8981
14.9072	5.43847	0.456959	-18.2393	-21.8888
15.1052	5.43847	0.456959	-18.0413	-21.8797
15.3031	5.43847	0.456959	-17.8434	-21.8708
15.501	5.43847	0.456959	-17.6455	-21.8621
15.699	5.43847	0.456959	-17.4475	-21.8535
6	6.63494	0.456959	-20.3021	-19.1026
6.19794	6.63494	0.456959	-20.1041	-18.9435
6.39588	6.63494	0.456959	-19.9062	-18.8273
6.59381	6.63494	0.456959	-19.7083	-18.7357
6.79175	6.63494	0.456959	-19.5103	-18.6601
6.98969	6.63494	0.456959	-19.3124	-18.5957
7.18763	6.63494	0.456959	-19.1144	-18.5397
7.38557	6.63494	0.456959	-18.9165	-18.49
7.58351	6.63494	0.456959	-18.7186	-18.4455
7.78144	6.63494	0.456959	-18.5206	-18.4051
7.97938	6.63494	0.456959	-18.3227	-18.3682
8.17732	6.63494	0.456959	-18.1247	-18.3341
8.37526	6.63494	0.456959	-17.9268	-18.3025
8.5732	6.63494	0.456959	-17.7289	-18.2731
8.77113	6.63494	0.456959	-17.5309	-18.2455
8.96907	6.63494	0.456959	-17.333	-18.2196
9.16701	6.63494	0.456959	-17.1351	-18.1951
9.36495	6.63494	0.456959	-16.9371	-18.172
9.56289	6.63494	0.456959	-16.7392	-18.15
9.76083	6.63494	0.456959	-16.5412	-18.1291
9.95876	6.63494	0.456959	-16.3433	-18.1091
10.1567	6.63494	0.456959	-16.1454	-18.09
10.3546	6.63494	0.456959	-15.9474	-18.0717
10.5526	6.63494	0.456959	-15.7495	-18.0542
10.7505	6.63494	0.456959	-15.5516	-18.0373
10.9485	6.63494	0.456959	-15.3536	-18.0211
11.1464	6.63494	0.456959	-15.1557	-18.0055
11.3443	6.63494	0.456959	-14.9577	-17.9904
11.5423	6.63494	0.456959	-14.7598	-17.9758
11.7402	6.63494	0.456959	-14.5619	-17.9616
11.9381	6.63494	0.456959	-14.3639	-17.948
12.1361	6.63494	0.456959	-14.166	-17.9347
12.334	6.63494	0.456959	-13.968	-17.9218
12.532	6.63494	0.456959	-13.7701	-17.9094
12.7299	6.63494	0.456959	-13.5722	-17.8972
12.9278	6.63494	0.456959	-13.3742	-17.8854
13.1258	6.63494	0.456959	-13.1763	-17.8739
13.3237	6.63494	0.456959	-12.9784	-17.8627
13.5217	6.63494	0.456959	-12.7804	-17.8518
13.7196	6.63494	0.456959	-12.5825	-17.8411
13.9175	6.63494	0.456959	-12.3845	-17.8307
14.1155	6.63494	0.456959	-12.1866	-17.8205
14.3134	6.63494	0.456959	-11.9887	-17.8106
14.5113	6.63494	0.456959	-11.7907	-17.8009
14.7093	6.63494	0.456959	-11.5928	-17.7914
14.9072	6.63494	0.456959	-11.3949	-17.7821
15.1052	6.63494	0.456959	-11.1969	-17.773
15.3031	6.63494	0.456959	-10.999	-17.7641
15.501	6.63494	0.456959	-10.801	-17.7554
15.699	6.63494	0.456959	-10.6031	-17.7469
6	7.8314	0.456959	-18.9726	-18.3049
6.19794	7.8314	0.456959	-18.7746	-18.1458
6.39588	7.8314	0.456959	-18.5767	-18.0296
6.59381	7.8314	0.456959	-18.3788	-17.938
6.79175	7.8314	0.456959	-18.1808	-17.8624
6.98969	7.8314	0.456959	-17.9829	-17.798
7.18763	7.8314	0.456959	-17.7849	-17.742
7.38557	7.8314	0.456959	-17.587	-17.6923
7.58351	7.8314	0.456959	-17.3891	-17.6478
7.78144	7.8314	0.456959	-17.1911	-17.6074
7.97938	7.8314	0.456959	-16.9932	-17.5705
8.17732	7.8314	0.456959	-16.7953	-17.5364
8.37526	7.8314	0.456959	-16.5973	-17.5048
8.5732	7.8314	0.456959	-16.3994	-17.4754
8.77113	7.8314	0.456959	-16.2014	-17.4478
8.96907	7.8314	0.456959	-16.0035	-17.4219
9.16701	7.8314	0.456959	-15.8056	-17.3974
9.36495	7.8314	0.456959	-15.6076	-17.3743
9.56289	7.8314	0.456959	-15.4097	-17.3523
9.76083	7.8314	0.456959	-15.2117	-17.3314
9.95876	7.8314	0.456959	-15.0138	-17.3114
10.1567	7.8314	0.456959	-14.8159	-17.2923
10.3546	7.8314	0.456959	-14.6179	-17.274
10.5526	7.8314	0.456959	-14.42	-17.2565
10.7505	7.8314	0.456959	-14.2221	-17.2396
10.9485	7.8314	0.456959	-14.0241	-17.2234
11.1464	7.8314	0.456959	-13.8262	-17.2078
11.3443	7.8314	0.456959	-13.6282	-17.1927
11.5423	7.8314	0.456959	-13.4303	-17.1781
11.7402	7.8314	0.456959	-13.2324	-17.1639
11.9381	7.8314	0.456959	-13.0344	-17.1503
12.1361	7.8314	0.456959	-12.8365	-17.137
12.334	7.8314	0.456959	-12.6385	-17.1241
12.532	7.8314	0.456959	-12.4406	-17.1117
12.7299	7.8314	0.456959	-12.2427	-17.0995
12.9278	7.8314	0.456959	-12.0447	-17.0877
13.1258	7.8314	0.456959	-11.8468	-17.0762
13.3237	7.8314	0.456959	-11.6489	-17.065
13.5217	7.8314	0.456959	-11.4509	-17.0541
13.7196	7.8314	0.456959	-11.253	-17.0434
13.9175	7.8314	0.456959	-11.055	-17.033
14.1155	7.8314	0.456959	-10.8571	-17.0228
14.3134	7.8314	0.456959	-10.6592	-17.0129
14.5113	7.8314	0.456959	-10.4612	-17.0032
14.7093	7.8314	0.456959	-10.2633	-16.9937
14.9072	7.8314	0.456959	-10.0654	-16.9844
15.1052	7.8314	0.456959	-9.86741	-16.9753
15.3031	7.8314	0.456959	-9.66948	-16.9664
15.501	7.8314	0.456959	-9.47154	-16.9577
15.699	7.8314	0.456959	-9.2736	-16.9492
6	9.02786	0.456959	-19.7869	-18.7935
6.19794	9.02786	0.456959	-19.589	-18.6344
6.39588	9.02786	0.456959	-19.391	-18.5182
6.59381	9.02786	0.456959	-19.1931	-18.4266
6.79175	9.02786	0.456959	-18.9952	-18.351
6.98969	9.02786	0.456959	-18.7972	-18.2866
7.18763	9.02786	0.456959	-18.5993	-18.2306
7.38557	9.02786	0.456959	-18.4013	-18.1809
7.58351	9.02786	0.456959	-18.2034	-18.1364
7.78144	9.02786	0.456959	-18.0055	-18.096
7.97938	9.02786	0.456959	-17.8075	-18.0591
8.17732	9.02786	0.456959	-17.6096	-18.025
8.37526	9.02786	0.456959	-17.4116	-17.9934
8.5732	9.02786	0.456959	-17.2137	-17.964
8.77113	9.02786	0.456959	-17.0158	-17.9364
8.96907	9.02786	0.456959	-16.8178	-17.9105
9.16701	9.02786	0.456959	-16.6199	-17.886
9.36495	9.02786	0.456959	-16.422	-17.8629
9.56289	9.02786	0.456959	-16.224	-17.8409
9.76083	9.02786	0.456959	-16.0261	-17.82
9.95876	9.02786	0.456959	-15.8281	-17.8
10.1567	9.02786	0.456959	-15.6302	-17.7809
10.3546	9.02786	0.456959	-15.4323	-17.7626
10.5526	9.02786	0.456959	-15.2343	-17.7451
10.7505	9.02786	0.456959	-15.0364	-17.7282
10.9485	9.02786	0.456959	-14.8385	-17.712
11.1464	9.02786	0.456959	-14.6405	-17.6964
11.3443	9.02786	0.456959	-14.4426	-17.6813
11.5423	9.02786	0.456959	-14.2446	-17.6667
11.7402	9.02786	0.456959	-14.0467	-17.6525
11.9381	9.02786	0.456959	-13.8488	-17.6389
12.1361	9.02786	0.456959	-13.6508	-17.6256
12.334	9.02786	0.456959	-13.4529	-17.6127
12.532	9.02786	0.456959	-13.2549	-17.6003
12.7299	9.02786	0.456959	-13.057	-17.5881
12.9278	9.02786	0.456959	-12.8591	-17.5763
13.1258	9.02786	0.456959	-12.6611	-17.5648
13.3237	9.02786	0.456959	-12.4632	-17.5536
13.5217	9.02786	0.456959	-12.2653	-17.5427
13.7196	9.02786	0.456959	-12.0673	-17.532
13.9175	9.02786	0.456959	-11.8694	-17.5216
14.1155	9.02786	0.456959	-11.6714	-17.5114
14.3134	9.02786	0.456959	-11.4735	-17.5015
14.5113	9.02786	0.456959	-11.2756	-17.4918
14.7093	9.02786	0.456959	-11.0776	-17.4823
14.9072	9.02786	0.456959	-10.8797	-17.473
15.1052	9.02786	0.456959	-10.6817	-17.4639
15.3031	9.02786	0.456959	-10.4838	-17.455
15.501	9.02786	0.456959	-10.2859	-17.4463
15.699	9.02786	0.456959	-10.0879	-17.4378
6	10.2243	0.456959	-21.4496	-19.7911
6.19794	10.2243	0.456959	-21.2517	-19.632
6.39588	10.2243	0.456959	-21.0537	-19.5158
6.59381	10.2243	0.456959	-20.8558	-19.4242
6.79175	10.2243	0.456959	-20.6579	-19.3486
6.98969	10.2243	0.456959	-20.4599	-19.2843
7.18763	10.2243	0.456959	-20.262	-19.2282
7.38557	10.2243	0.456959	-20.0641	-19.1786
7.58351	10.2243	0.456959	-19.8661	-19.134
7.78144	10.2243	0.456959	-19.6682	-19.0936
7.97938	10.2243	0.456959	-19.4702	-19.0567
8.17732	10.2243	0.456959	-19.2723	-19.0226
8.37526	10.2243	0.456959	-19.0744	-18.9911
8.5732	10.2243	0.456959	-18.8764	-18.9616
8.77113	10.2243	0.456959	-18.6785	-18.9341
8.96907	10.2243	0.456959	-18.4806	-18.9081
9.16701	10.2243	0.456959	-18.2826	-18.8837
9.36495	10.2243	0.456959	-18.0847	-18.8605
9.56289	10.2243	0.456959	-17.8867	-18.8385
9.76083	10.2243	0.456959	-17.6888	-18.8176
9.95876	10.2243	0.456959	-17.4909	-18.7976
10.1567	10.2243	0.456959	-17.2929	-18.7786
10.3546	10.2243	0.456959	-17.095	-18.7603
10.5526	10.2243	0.456959	-16.897	-18.7427
10.7505	10.2243	0.456959	-16.6991	-18.7259
10.9485	10.2243	0.456959	-16.5012	-18.7096
11.1464	10.2243	0.456959	-16.3032	-18.694
11.3443	10.2243	0.456959	-16.1053	-18.6789
11.5423	10.2243	0.456959	-15.9074	-18.6643
11.7402	10.2243	0.456959	-15.7094	-18.6502
11.9381	10.2243	0.456959	-15.5115	-18.6365
12.1361	10.2243	0.456959	-15.3135	-18.6232
12.334	10.2243	0.456959	-15.1156	-18.6104
12.532	10.2243	0.456959	-14.9177	-18.5979
12.7299	10.2243	0.456959	-14.7197	-18.5857
12.9278	10.2243	0.456959	-14.5218	-18.5739
13.1258	10.2243	0.456959	-14.3239	-18.5624
13.3237	10.2243	0.456959	-14.1259	-18.5512
13.5217	10.2243	0.456959	-13.928	-18.5403
13.7196	10.2243	0.456959	-13.73	-18.5296
13.9175	10.2243	0.456959	-13.5321	-18.5192
14.1155	10.2243	0.456959	-13.3342	-18.5091
14.3134	10.2243	0.456959	-13.1362	-18.4992
14.5113	10.2243	0.456959	-12.9383	-18.4895
14.7093	10.2243	0.456959	-12.7403	-18.48
14.9072	10.2243	0.456959	-12.5424	-18.4707
15.1052	10.2243	0.456959	-12.3445	-18.4616
15.3031	10.2243	0.456959	-12.1465	-18.4527
15.501	10.2243	0.456959	-11.9486	-18.4439
15.699	10.2243	0.456959	-11.7507	-18.4354
